"","t","","",""
"1",-0.379789786996765,1.07912183558206,-0.331501525526493,-0.233689269337745
"2",-0.26214989345668,1.01271172558028,-0.130979111881301,-0.0918123705094487
"3",-0.180929228312206,1.01951697688485,-0.127591789952845,-0.152102601204095
"4",-0.297710569667038,1.04136649626812,-0.209353349142607,-0.201532515372852
"5",0.204083404533958,1.02021885854998,0.160449233384565,0.122892484909869
"6",-0.473330561117431,1.12707266600154,-0.369022847509044,-0.366217056489906
"7",0.0584881356799556,1.01925216954725,-0.13594773466438,0.142804756805898
"8",0.280005668552987,1.03731346153505,0.142578627954556,0.235988458049179
"9",0.0172065571002472,1.00285168139045,-0.063700241223913,0.0406666218864985
"10",0.181210166609813,1.03046378082238,0.239386691827727,0.0674508366332195
"11",0.245949024720511,1.03053545337807,0.0120256521703451,0.2487141016489
"12",0.293828012721343,1.05058087149599,0.169279370889511,0.273979309701532
"13",-0.0227455133576433,1.00208415346917,0.0373413349361482,0.052709347740342
"14",-0.0718738460595145,1.00426764665733,0.0555049331100363,-0.073977756948238
"15",-0.0226282776739244,1.00370119232948,-0.0305613637681664,-0.0805114061997411
"16",-0.0715637610995714,1.00887316891438,-0.125868862268268,-0.044520786904847
"17",-0.583469841497506,1.16954860523808,-0.508428602030519,-0.330672491525436
"18",-0.00414792619513727,1.0042840881588,0.0333603403010934,0.0864500863155004
"19",-0.217601949107519,1.04778392711593,-0.265814902333325,-0.164904807752823
"20",-0.699068062636095,1.25347381938285,-0.557535863360739,-0.5102454085485
"21",-0.232028300668955,1.02807114825712,-0.166986904643998,-0.17042787200494
"22",-0.151388843042716,1.02899957144564,-0.127107577307071,-0.206600536849342
"23",0.130777252082986,1.02987116177848,0.155595978176177,0.190852040697397
"24",0.00583957098095468,1.00515070902624,0.0709406502264874,0.0727693067260635
"25",0.0600104460172598,1.01409606097267,0.167709897658417,0.0162545719009968
"26",-0.390708079036064,1.11050793499427,-0.391963317463495,-0.282121660721477
"27",-0.409920111043694,1.0978271529028,-0.320323462599874,-0.320339409000342
"28",-0.125149393677413,1.00626716771126,-0.0191426058134088,-0.110486078110876
"29",0.0820861884822477,1.03119615932479,0.059221387372379,0.244659653976487
"30",0.469099292904482,1.13184707643304,0.406029826935997,0.340907002081721
"31",-0.0143523138313658,1.00204372524886,0.0220124347044791,-0.060058971261488
"32",-0.159579682485601,1.01959023497272,-0.189550533097796,-0.0602896562776092
"33",0.157129500055359,1.01405575579931,0.15806663704112,0.0576542637123706
"34",0.250830931693281,1.02775193588448,0.187933947228252,0.144757981450123
"35",-0.0772020245953515,1.0027464993242,-0.074066432636049,-0.00383477033406885
"36",0.245490916199801,1.02580109345965,0.200110225603428,0.110561209074218
"37",0.187223923613682,1.02668924850487,0.144632336075028,0.182132644951349
"38",0.363447986638413,1.07816172628261,0.257616373757117,0.309945982379064
"39",-0.238661360554997,1.05706730692952,-0.255999191823283,-0.227718477873573
"40",-0.112319369558138,1.02076848525827,-0.203894384458289,0.0198841766951845
"41",-0.333737152253954,1.06289189756616,-0.270235858503159,-0.238142324442432
"42",-0.435089549880546,1.10307349700639,-0.368181476867126,-0.28497989383435
"43",0.0770639801363137,1.00397845906739,0.0842692875881806,0.0295200515026092
"44",-0.383191550346811,1.07601702422548,-0.290873877924591,-0.270564268823816
"45",-0.0228218614401055,1.00124621598903,0.00571127733857932,-0.0496121592305938
"46",-0.280531901584693,1.04618739520933,-0.303679710441961,-0.0478194454251644
"47",0.0998837968015129,1.01013814301696,0.0666011811726574,0.126266981607044
"48",0.0735338245634091,1.0130443155974,0.151162811670833,0.058383128829894
"49",0.206390253902571,1.02111627100931,0.165857278346033,0.123165750676066
"50",-0.216955785223433,1.00565450787525,-0.0633563599799374,-0.0855976685424936
"51",-0.102295363209267,1.0042262885768,-0.0216727214109503,-0.0894468099787568
"52",0.277303354472037,1.05209792873029,0.223767958191337,0.238407115089796
"53",0.342677099767672,1.0375291273606,0.21806404319941,0.170043415589013
"54",-0.296300703452374,1.01767333850035,-0.142157809213391,-0.124298757733527
"55",-0.0101379069177882,1.00530238492999,-0.0804146451193248,-0.0645474243968131
"56",-0.117036848577085,1.02004383751662,-0.146716315189094,-0.137708944201019
"57",-0.411638519274037,1.07206655629465,-0.27436743847231,-0.272119844611921
"58",0.284028028599498,1.04606182027318,0.246472913485211,0.183020312400989
"59",0.0500525756915972,1.00337617242935,0.0414333488372613,0.0710423887766617
"60",0.283474476417531,1.0520744757473,0.211618180684175,0.249155469783161
"61",0.155303665856001,1.03357065762674,0.23437684681081,0.115480725603839
"62",-0.036910244853813,1.00274588900027,-0.0263230650768687,-0.0693283070029655
"63",0.191460453918026,1.02726788073352,0.186084647827009,0.143707350646468
"64",0.273061708782803,1.08392372385396,0.266797554091634,0.322039910980225
"65",-0.216127621251705,1.02551910047893,-0.166071081273573,-0.155273376377747
"66",0.230328962617332,1.04236935328649,0.157997480583362,0.248134368438158
"67",0.0150813063357591,1.00012509208622,0.0118191696293741,0.0105122333376029
"68",-0.332633085780294,1.07746628445051,-0.338315983158989,-0.215582674783357
"69",0.179558500676685,1.01303000214773,0.0469247999677815,0.15500918811286
"70",0.207205289286946,1.03372830378102,0.15426699806872,0.211650417776242
"71",0.687900240636252,1.27532198011912,0.570079750294347,0.549049388743212
"72",-0.0394538355038916,1.01779042987249,-0.0484772394564985,-0.183159265107485
"73",0.0580895439645835,1.00661873889619,0.113558326853943,-0.0196415859618494
"74",0.29510953659214,1.06206364662252,0.279563954973601,0.223211076240948
"75",-0.493409436737343,1.11395983421756,-0.360566624273764,-0.333013846123299
"76",-0.0932323305148906,1.01034128756066,-0.103367353798727,-0.100522174262108
"77",-0.079297811685004,1.00101371962626,0.0410496346639635,-0.0185309032147068
"78",0.312035341071185,1.04710263391865,0.251859324980528,0.181633714876196
"79",0.13859696932545,1.0497816222229,0.267937747432624,0.17392762246885
"80",-0.141972713565187,1.01510232992606,-0.174410013961712,0.0037265602347083
"81",0.269091144187224,1.03881193509934,0.114530244310597,0.256930067611766
"82",-0.116792276924825,1.00555977474994,-0.034210358990689,-0.0999005101732868
"83",0.0635410114328173,1.0005369888501,-0.0254189654014934,-0.0206915986609291
"84",0.336779794496295,1.02339178809705,0.182331751360456,0.118683968548035
"85",-0.185507998516144,1.0111069296157,-0.128513687580718,-0.076298461460921
"86",0.0336842519213338,1.00500561859862,0.04324616022005,0.0903662715896323
"87",0.207968226513619,1.00959469300946,0.124047855899283,0.0623985063897008
"88",-0.174563654238275,1.00916629483557,-0.0775904114933046,-0.111338846214805
"89",-0.0462031527851569,1.00256605555823,-0.063603382197416,-0.0330651709603036
"90",0.0522453465462791,1.00490024615765,0.0679738381451965,0.0721391852983641
"91",-0.227810832954127,1.0306552014694,-0.164543441066875,-0.187551593749052
"92",0.0863398932811039,1.00356514734022,0.0564076541781732,-0.0629379178724646
"93",-0.553680450831818,1.13812524364675,-0.385634805427235,-0.382903208486273
"94",-0.128721912632881,1.00166208774722,-0.0365308971112408,-0.0446366619088636
"95",0.0990290948429218,1.01854920029613,0.0142081161336469,0.192978244524656
"96",0.138362988004335,1.01998224821739,0.111635262313808,0.167036986582981
"97",0.246348466991123,1.03999023780246,0.249132862585441,0.139687191626133
"98",-0.0716192885795045,1.01181365772253,-0.0204732051354776,-0.152799626391341
"99",0.167254820732382,1.00502525896007,0.095146250114459,0.0319837808415759
"100",-0.269560490826543,1.05746280253933,-0.22837298756039,-0.257047383388888
"101",0.0521957338247509,1.00358125892872,0.0772798616209291,0.034686687083276
"102",-0.366767422792178,1.07164653850398,-0.311215983157391,-0.227092305714945
"103",0.187505686787268,1.02122527472672,0.138519090438168,0.153991958636991
"104",-0.113745187526487,1.02506900491662,-0.101262745572042,-0.201276727914465
"105",-0.0586576108858907,1.00499861683055,-0.0949263860051545,-0.0317993879080788
"106",0.0874421252882063,1.00090616399772,0.0274375230801249,0.0325627310873369
"107",0.267137353335696,1.07836080540076,0.315500478866509,0.251637585546308
"108",0.373609247892395,1.06843422937689,0.146430915051504,0.346568448681296
"109",-0.0483264998779321,1.00094819734669,-0.0434885142249736,0.00245823149545072
"110",-0.070089892744776,1.01212124702549,0.0167846732550334,-0.155266523836127
"111",0.0745661947066056,1.00094234832658,0.0413016606383287,-0.0134073674542773
"112",0.159520889899985,1.04070026011066,0.288188868708746,0.00205118179848406
"113",0.224981496815731,1.03545527741551,0.161700814170719,0.21452384068944
"114",-0.151575810319362,1.00780985276407,-0.0473810935900705,-0.115912601983297
"115",0.0969411907042771,1.01333021002339,0.136400197050297,0.0907364358495821
"116",-0.298471040051722,1.03094766539079,-0.200864844928617,-0.150021341303542
"117",0.473508166517054,1.10489383367382,0.38101953177734,0.274980908600237
"118",-0.0391181512788315,1.00082694880279,-0.0211197973317212,-0.0347639987712609
"119",0.254963662269378,1.02981485747097,0.227079180507788,0.0946239211186255
"120",0.227762627951593,1.01852208717075,0.154869066320617,0.11577052453732
"121",-0.112582762743805,1.01775041314272,-0.127802024787962,-0.139579890787576
"122",-0.317256078180415,1.02252234825984,-0.199646327748108,-0.0754539363288491
"123",0.172879007237957,1.02913964476865,0.147527367291848,0.19329791601175
"124",-0.0635731321532957,1.00403322186156,-0.0888991177882792,0.0134036360052512
"125",-0.00702202986784754,1.00099021052878,0.0195242389047879,0.0400025707880029
"126",-0.592649234179045,1.17700124816427,-0.367222179630764,-0.5004795789715
"127",-0.507246022273195,1.0821315281672,-0.242052212196946,-0.335289980202288
"128",0.299266152513027,1.01959611608922,0.164719058417035,0.1115521032452
"129",-0.0826402813022807,1.00169007051371,0.0144027327875555,-0.0563520953825385
"130",-0.188213760773735,1.01586763243088,-0.0969031630017754,-0.150322398933025
"131",0.228747577239327,1.00900998307987,0.13376799192396,0.0143968847833677
"132",0.285462079655006,1.04855817827227,0.227383570848446,0.218565699344337
"133",0.128010592038202,1.03026720745504,0.206309438857426,0.137429742761641
"134",0.00973175485808741,1.00186569071406,-0.052415915324121,0.0314234633784274
"135",-0.055462274472166,1.00128878788565,0.00481248416920678,0.0505576575963273
"136",-0.115140190300565,1.03447308473795,-0.235619589152549,-0.120904806582834
"137",-0.127690365855873,1.00715531112258,-0.095660843816853,-0.0721860352330141
"138",-0.0929915359529691,1.0122793844223,-0.0531339856154466,-0.147940297752223
"139",0.108548140810771,1.00314651684266,0.0718769878476313,0.0337139862893565
"140",-0.650856637975345,1.2395683298267,-0.487849160930854,-0.54638158871655
"141",-0.226671762141917,1.01622244812173,-0.115274092055556,-0.139355472685133
"142",-0.272405645882123,1.01845352629478,-0.161588013936381,-0.105531507022144
"143",0.24208460861268,1.02629860865086,0.172922040409172,0.15292744050506
"144",-0.00740304789334228,1.00438888707649,-0.0460977926385057,-0.0816824950439226
"145",0.0529854763481125,1.00999807052171,0.0445122654842701,0.134591086922698
"146",0.105516895248809,1.00785706430926,0.113936203968427,-0.052862117847612
"147",0.322269686928062,1.04883773072487,0.213909800435132,0.233030432926452
"148",-0.0682440338923179,1.01408073265915,-0.0548370094775984,-0.159225107134727
"149",0.430031021569401,1.12503062273378,0.292491546185975,0.424432088205511
"150",-0.0153641985506655,1.00198681663276,-0.0305473983083028,0.0551764185359468
"151",0.189542941225149,1.02699322906123,0.174784097074917,0.155452925180938
"152",-0.00583162260343574,1.00222023767908,0.026884747779065,0.0610132375010674
"153",0.148739382009974,1.00576473845017,0.0443826208507605,0.0979433105227687
"154",-0.173081016308776,1.01228568428296,-0.138030887355734,-0.0752979464528432
"155",0.0935320117417854,1.00605372670676,-0.0878322251457292,0.0665552495789227
"156",-0.096290922655717,1.00069905823214,0.0165922203260311,-0.0335157182727985
"157",-0.0876912445950009,1.00866111614082,-0.0897237860902669,-0.0966793122858899
"158",0.325448852443179,1.0798653235451,0.242560210462752,0.327526581051727
"159",-0.146086953274242,1.00001335880983,-0.00505696276819691,0.00107001200384149
"160",0.33060468719467,1.06294953165635,0.281951117680124,0.224422089125345
"161",0.181406457295582,1.0037389787525,0.06576196789148,0.0562787797144367
"162",-0.0158852386317292,1.00029340884686,0.0213935642478965,-0.0113674619526561
"163",0.105098180386891,1.00037076593018,0.0226803238688917,-0.0150755509659649
"164",-0.0422150798503341,1.00066734420491,-0.013136105083076,0.0340965760941642
"165",0.381314022634054,1.06585742327784,0.318085305972674,0.186745240583931
"166",-0.128451562939659,1.00081240035441,-0.0355249019485179,-0.0190641560184628
"167",-0.0799682191389343,1.01863817248238,-0.0621001388805507,-0.183758807106671
"168",-0.0921545844055246,1.00694354793288,-0.085298546933376,-0.0816055550481058
"169",-0.0334178862076346,1.00216246346823,0.0476967769750855,-0.0453279235228898
"170",-0.056928877603026,1.00075223617532,-0.0234444178418348,-0.0309095047187743
"171",0.473165512231278,1.13814307493687,0.386774656859631,0.38180495522958
"172",0.098355276283754,1.02159126348101,0.0436210276927064,0.204318172377694
"173",-0.0457161353986476,1.00574159484164,-0.039330033806942,-0.0998464022153133
"174",-0.24280164828837,1.04515840458969,-0.254048022291061,-0.166780373708871
"175",-0.059508181155526,1.00478816769083,-0.00544431346203628,-0.0978244416412939
"176",0.00447335162955853,1.01218271712702,0.144384399606126,-0.0605557429235572
"177",0.223808271969853,1.02788905418336,0.20186593310591,0.125722125185865
"178",0.190033488429319,1.06547866983573,0.279043568814524,0.239540148155089
"179",-0.0253335313353318,1.00498351930735,-0.0898623605447862,0.0437793357271601
"180",-0.396468178078679,1.07540534705591,-0.211883022268065,-0.334069222394089
"181",-6.93218361614046e-05,1.00443664763539,0.0862406073507627,-0.0381514974384994
"182",-0.283969653663764,1.06012768574699,-0.253350900069319,-0.244303154955753
"183",-0.1577343643322,1.00987978398232,-0.10707474807018,-0.0916088228387055
"184",0.027226735725871,1.00113118502064,-0.0457361437481444,0.0131093392620137
"185",0.104556337471846,1.00149824941351,-0.0223059681221777,0.0500118722350545
"186",-0.527695632555303,1.14342679925709,-0.380608011766973,-0.403190261090348
"187",0.228006200546397,1.0327015986253,0.171608315404772,0.192414079233295
"188",0.449323738878217,1.08170639653896,0.351187145458953,0.216232090998748
"189",0.263472854493053,1.0509370134755,0.23458188255797,0.222350953828302
"190",-0.693104311004415,1.22692742482051,-0.36677300367414,-0.608956870026549
"191",0.221382963785966,1.01964721942023,0.0212599473576299,0.198061774983835
"192",-0.206980730487955,1.03786640280916,-0.230035181437693,-0.155725673480459
"193",-0.502816557921092,1.15728957273404,-0.461864666653239,-0.354965047372595
"194",0.0758988346225456,1.00895669105198,-0.046170096675654,0.125944140758978
"195",-0.24511843758804,1.0303550225863,-0.164864967049149,-0.185609846745005
"196",-0.172577069419229,1.01480267672817,-0.126328095969075,-0.117752642702784
"197",-0.352913592844153,1.06516790138691,-0.182795089304969,-0.318070139231885
"198",0.309631433334138,1.02163381823901,0.183139939952416,0.100972377231846
"199",-0.0615838295256023,1.00726084426812,0.0592477028586154,-0.105186111733911
"200",-0.298733507496182,1.02404149845143,-0.152579323932942,-0.15931271279726
"201",0.0637902667168904,1.00091365731846,-0.0386337410009919,-0.0183189372752211
"202",-0.00726755063722549,1.00044957713477,0.0287954486667366,-0.00837726239442419
"203",-0.360069153348846,1.09327849466002,-0.244916073530279,-0.367796117179887
"204",-0.826247907041519,1.26451960794509,-0.621658480811998,-0.461032072758634
"205",0.0802848125533022,1.00457597616364,-0.0653297826999139,0.0700350724816758
"206",-0.334546652236807,1.08180864536605,-0.28472352673011,-0.298734762816616
"207",0.104872548255196,1.0006670252843,0.0275468161914698,-0.0239930908605446
"208",0.280311231572224,1.01712963580034,0.142229179947708,0.1196810611364
"209",0.0425984277020964,1.00076898836199,0.0306242439262693,0.0245096664811142
"210",0.401240955638848,1.10678825048806,0.387874710878067,0.273008131892946
"211",0.413064505385386,1.06091852098968,0.190275541820433,0.298903540233085
"212",0.0691381717221672,1.00378147148324,-0.0845905142325617,-0.0205350284860632
"213",0.110954354825083,1.00600283822246,0.0935822605957535,0.0573068147207388
"214",-0.0517283141958174,1.00401201912705,0.0268574183114595,-0.0855500650684257
"215",-0.280697139855668,1.08044828272027,-0.180072468558419,-0.367345066253053
"216",0.0596326185165202,1.00329245608726,0.0804359366595793,-0.0112166187103656
"217",0.137502873563301,1.01570782111999,0.0222404402039004,0.176543877559823
"218",0.0265448917973483,1.00530780008474,0.0570582333377496,0.085954237356837
"219",0.104999099568532,1.01685381756921,0.183482668192126,-0.0180498415000347
"220",-0.55947771166654,1.16902913703473,-0.414724857439768,-0.441171639906423
"221",0.138812972308761,1.00066697046004,0.0323869315586618,0.016895929506787
"222",-0.510752594136726,1.09867856958246,-0.261950614423723,-0.372124273412509
"223",-0.193139408882767,1.03523744966658,-0.209998151740196,-0.166184696822112
"224",0.0656646752011741,1.00795335338891,0.123692296540094,0.0258878037805142
"225",-0.342634763603725,1.0483864594399,-0.24283683168029,-0.200360778388398
"226",0.262643534100998,1.04641178020313,0.247081419764773,0.184196595394441
"227",-0.408162580883803,1.13370347734904,-0.297802093275937,-0.443393152623923
"228",-0.248302664467457,1.05078343462964,-0.250798722592867,-0.203090687225786
"229",0.254878750125195,1.01853342962542,0.125581389325969,0.147104255273187
"230",-0.091940196178004,1.00669523206752,-0.0561134898023631,-0.101422712099763
"231",-0.164781036597111,1.03467613525106,-0.0608585975512773,-0.258555479466506
"232",-0.5414982346763,1.17699992247432,-0.360640082832761,-0.505240089619713
"233",-0.251511334246943,1.04216016818102,-0.22408921195123,-0.189425027993049
"234",-0.102088550677962,1.00277470169696,-0.051247869719669,-0.0541364776524756
"235",0.168559028764328,1.04950130902862,0.228785190549408,0.221608515716486
"236",0.08847536785589,1.02553512585817,-0.0303505274264368,0.225391082019409
"237",-0.0255614832633123,1.0161470367516,0.00477302467309493,-0.180366345348952
"238",0.212902294877616,1.04405770101676,0.269068070038704,0.132886631148721
"239",-0.00319284808088777,1.00031631924618,-0.0200071011468303,0.0152464570942082
"240",-0.232148152151232,1.01166869481446,-0.0609759691557666,-0.140554186181398
"241",-0.127123169622781,1.00025407673865,0.0223836388592948,-0.00268155621116983
"242",0.204295862604696,1.00626716310785,0.0327548575540536,0.107241423226955
"243",0.488870335717201,1.1598713211338,0.439546857387762,0.390000053524633
"244",0.700046293037948,1.22516093774727,0.412005039958147,0.575561613062278
"245",0.168931985447201,1.03959603397666,0.196329776046903,0.205461755315636
"246",0.012403667061101,1.00613332861078,-0.0446079065181813,0.101559881929226
"247",-0.280941847225342,1.05982726229121,-0.25901984609924,-0.236944181659763
"248",0.302923682820731,1.03689801189093,0.178927088643895,0.207707929585717
"249",-0.200602764687547,1.00536446954481,-0.10276078064485,-0.0140690648010348
"250",-0.0787853528029679,1.00469704109652,-0.0177360592712924,-0.0954021833588534
"251",-0.0467663517554766,1.01130526882226,-0.0579314086877772,-0.13922032407347
"252",-0.242967150502562,1.0505007547415,-0.192767317431723,-0.257667609610967
"253",0.0226183337275969,1.00327055746442,0.0791957336722536,0.0167286354217534
"254",-0.216511647960383,1.02456741915395,-0.109311806882771,-0.194394766564893
"255",-0.0670955109996987,1.00833447112698,-0.0104902957786491,-0.128950995953536
"256",0.165729070691961,1.02209083394141,0.189899748544443,0.0927780056360087
"257",0.0545104784435969,1.01561826614528,0.137936445676524,0.111597488690696
"258",0.0378711477875534,1.0111417084365,-0.127546376543149,0.0783548107687062
"259",-0.242227749292595,1.04567455296703,-0.227304227982752,-0.204372352983368
"260",0.104207204507456,1.03254361379547,0.0755894904249017,0.245830314093086
"261",-0.182643291291684,1.01672882351682,-0.0661539965868491,-0.17135095361708
"262",-0.047602707844036,1.01528858543621,-0.172235746108157,-0.0338490691101645
"263",0.156756767503407,1.0053443939962,0.103519353109369,-0.00104597867872081
"264",-0.00993843138930492,1.0197102764971,-0.133918085469378,0.147901975571719
"265",0.305443603805271,1.03882617228001,0.20123540099463,0.196631964849243
"266",-0.00514159619949448,1.00174859298611,0.0511133656130506,-0.0297937477561155
"267",0.460067029644745,1.11466385471154,0.369834333608251,0.325112403154567
"268",0.0849914405137821,1.00162085959656,-0.0108729989166564,0.055911754341263
"269",0.123118611747985,1.00674753484668,0.0657314782314948,0.0960206836539718
"270",0.25445782609001,1.02768861814783,0.208847975146182,0.111921486533839
"271",0.00118795679057304,1.01470333332148,-0.129750317138919,0.113082756669913
"272",-0.152306862613553,1.02191441694248,-0.126119978422283,-0.168531381640483
"273",0.112517363860089,1.00800701394487,-0.00522785540800019,0.126691790143989
"274",0.179743000004276,1.02552809105449,0.0811997507150266,0.212401662012541
"275",0.225798945212629,1.02156132383668,0.172998339603608,0.116872207360602
"276",-0.293443490884092,1.04954546017965,-0.247135563384348,-0.201170788869609
"277",0.320910513534468,1.04109796892868,0.234508424005696,0.169972880124423
"278",-0.00987991739815727,1.0097108338,0.0474068562392545,-0.13140988499574
"279",0.176152613688692,1.00570403942695,0.0784998291920469,0.0726525411564867
"280",-0.134804015087129,1.00116132124846,0.00270943464091277,-0.0481315917864141
"281",0.330035264230478,1.07479827965064,0.315321200602574,0.236143774829068
"282",-0.240327505020461,1.00820202746016,-0.0760588522169095,-0.10337494461535
"283",-0.226267750093312,1.01665698883494,-0.171536535884653,0.0645495918160005
"284",-0.010592794534865,1.00142832519849,0.00610849394045727,-0.0531166340389285
"285",-0.0748593130399655,1.00107693973112,-0.0369141839583086,0.0281492856768725
"286",0.0422134234873581,1.01616053218307,0.166927262732212,0.0686841766589572
"287",0.073928199032773,1.00519827897087,0.0980651814005521,-0.0284042293131335
"288",-0.309359011278129,1.01808637823056,-0.124816799876805,-0.144639690289803
"289",0.432054612095193,1.0677477000127,0.297721213899844,0.226819817644763
"290",-0.28812722492718,1.06016166340002,-0.244776932652588,-0.253035582051772
"291",0.11006240051771,1.01069286880225,0.0375672148551157,0.141734891313835
"292",-0.269485834077325,1.03470252835994,-0.165780816943306,-0.20766810763347
"293",-0.161447482438855,1.01067175865583,-0.130897408516204,-0.0657515945677996
"294",0.020915437553282,1.00268840960047,-0.0182858834049432,0.0710610527309189
"295",0.221534927748553,1.01087764975223,0.0868656306490169,0.119699561321402
"296",-0.105566160246177,1.0075728518786,-0.0285862688357385,-0.119941140051406
"297",0.284542483259991,1.04007526746251,0.19646157383136,0.207748434398236
"298",-0.0854281483050566,1.00271277155095,-0.0590619421184237,-0.0440974968064023
"299",-0.41735717856716,1.08419964018335,-0.280179988557162,-0.311429018856331
"300",0.166198275626633,1.0106023332897,0.141056236117468,0.0376857307606723
"301",-0.293486879915207,1.01876319376067,-0.10815778003408,-0.161803397923317
"302",-0.0793386629214982,1.0055382631129,-0.000878535133702306,-0.105387033168837
"303",0.212341429179832,1.02181368767971,0.209230438256351,0.0180509289697316
"304",-0.0798737735636795,1.00270142005205,-0.00527113028151824,0.0733645211253734
"305",-0.117795226741412,1.00224807504809,0.02211910099665,-0.0633399503370756
"306",0.309459123666577,1.03873629411874,0.274829487277681,0.0586672109633454
"307",-0.0636534761623877,1.01682577446459,-0.136103785872283,-0.124138692947657
"308",-0.324277855885705,1.03873250766903,-0.161258455670951,-0.230132424840605
"309",0.0367151003086859,1.00034122536303,0.0215182049900053,-0.0148166802903252
"310",0.0441309831790046,1.00082393762126,-0.0181117950106898,0.0363389184927635
"311",-0.0438724959140136,1.00339266582378,-0.0788860813192028,-0.0239547073253616
"312",-0.298605169433713,1.05111218482276,-0.179291922342687,-0.269613114787736
"313",0.0273410865037661,1.00707079079059,0.0683198604671056,0.097590851668298
"314",0.54263362628855,1.13865229807091,0.370841547374163,0.398755065978229
"315",0.0107253418457426,1.0034541367002,-0.00785689814550619,0.0828159019287112
"316",-0.479245114502393,1.10044377368764,-0.305339149608672,-0.343139188616148
"317",0.0370303575393559,1.00299851521774,0.0396663964028502,-0.0665777629949493
"318",0.0495681569137139,1.00589556266101,0.0524082501770581,-0.0952851420447529
"319",-0.0246582483737091,1.01292652769222,0.0169626832744985,-0.160413272140258
"320",0.28011925932122,1.04592756787169,0.181348037834257,0.247138354788661
"321",0.148758963453453,1.00920216567488,0.0716663603772558,0.115554939284915
"322",0.256073480354344,1.01258448803848,0.0745109990307938,0.14062523400724
"323",-0.00321182392577664,1.00688066916573,-0.112111131688515,0.0352104542876178
"324",-0.142691345297995,1.00309991486306,-0.00391911888102296,-0.078702475853536
"325",0.238799799823918,1.01319347020474,0.0766271308720792,0.143837724119389
"326",-0.201538460131485,1.01817199589331,-0.083966418116928,-0.172115815223287
"327",-0.0403329829675226,1.00967388228099,0.0388118442058683,-0.133921578954611
"328",-0.0157898964881264,1.00589681172307,-0.0125278927989414,-0.108034474759979
"329",0.321261453723746,1.0370085527783,0.194477779095504,0.193817264384302
"330",0.166904441097265,1.02243434326417,0.194901882114025,0.0859374344185492
"331",-0.0266155905386665,1.0029968430406,0.0682225232622543,0.0367199464752473
"332",-0.116965836143994,1.00485724824815,-0.0419554299696603,-0.0893187060638055
"333",0.0181915753400671,1.0030000081295,-0.0719960472535007,0.0287330034569213
"334",-0.450717612102658,1.09924657835398,-0.267217329982596,-0.37005126479975
"335",-0.26158354090281,1.03961403626766,-0.243494806731213,-0.146654776600228
"336",-0.340426109727598,1.06940127036926,-0.205548521609693,-0.318384802293479
"337",-0.119127347972408,1.02153184495884,-0.132820417970494,-0.160891413180307
"338",-0.0647339459912565,1.00544866712659,0.0240437400541751,-0.101729645585019
"339",-0.196995425901089,1.00701997217958,-0.0726086051283312,-0.0939000257181952
"340",-0.103582868609274,1.01617255254141,-0.166154353905051,-0.0707063449552056
"341",0.159665442853798,1.04334145146496,0.27458047231851,0.114747324876646
"342",0.310157002423123,1.03601384465369,0.222529779308662,0.154289285548135
"343",-0.314150051817258,1.02439764136413,-0.145002006913667,-0.168418958622231
"344",0.019777978135375,1.00053124263241,0.0108256543599395,0.03075016571054
"345",-0.127499669931006,1.01578040392528,-0.155187026352886,-0.0879023085609673
"346",-0.141978233318237,1.00247946265608,0.0294910634265265,-0.0639949234330173
"347",0.388178396353127,1.04106005456982,0.223575232313694,0.183902563105542
"348",0.040887413092791,1.0101735659306,-0.0999043138300578,0.10232185193349
"349",-0.21478725942199,1.03026248115207,-0.106027251663913,-0.224051337809477
"350",0.354750311954682,1.0443376211929,0.228257181731135,0.196315373893669
"351",-0.271360644269407,1.07720970530512,-0.260902647669614,-0.303826525574264
"352",0.021838157139411,1.00087218773344,-0.0315474584030374,0.027384193371775
"353",0.195917999309478,1.03217056603542,0.210959030145733,0.144472713651555
"354",0.437857441960813,1.11871879469291,0.276927421973648,0.418142253973679
"355",0.00647588608143671,1.01098392542592,0.0673309397545207,-0.132495441511707
"356",-0.085864924672247,1.01812953207025,-0.174783964511086,-0.0777065622929158
"357",-0.0656279104004591,1.01376659027908,-0.0780757492033192,-0.147060793389694
"358",-0.167926275242903,1.01657769925571,-0.0322842114676507,-0.17996651998064
"359",-0.450787814502024,1.05603774485774,-0.291784251766031,-0.173429146874313
"360",0.0680992627964596,1.00257160086012,0.0588936985063059,0.041004233043432
"361",0.291772503799145,1.04245812855851,0.207059214779622,0.209393006981033
"362",-0.428055127750679,1.07591863505734,-0.271123569266955,-0.289987791900947
"363",0.219827754459636,1.02138467091241,0.194149737913939,0.0743809467727296
"364",0.161058866218364,1.01389842634501,0.165837681857617,0.0220880560707951
"365",-0.258058677951244,1.04775241808118,-0.257001523342831,-0.178144173619066
"366",-0.283810630455993,1.05021486918899,-0.296724847674665,-0.122088640905294
"367",0.158425995761774,1.02150354441659,0.143423968793543,0.151324341832936
"368",0.0810586886815263,1.00651960447505,0.0737188155443343,0.0874485587493846
"369",0.0408513983669233,1.0020973791361,-0.00784539444267457,-0.0643242338274403
"370",-0.0792443068992917,1.01366159570958,-0.107570174080906,0.126247725780258
"371",-0.236943445636853,1.03758568479392,-0.239663540723467,-0.138367050041435
"372",0.194046999592019,1.02771410572947,0.129013947800308,0.198876052827649
"373",0.161709555493915,1.01716926066677,0.157080651152139,0.0997946585694711
"374",0.106133336812939,1.01135626339743,0.120591234963818,0.0911001951869841
"375",0.0539147121494179,1.00568007173062,-0.0979217866638462,-0.0424703469807049
"376",0.171472971510623,1.00343294145351,0.0824583688957116,0.00884790331676427
"377",-0.1313818209009,1.02450493778581,-0.0940196317509896,-0.201917498976459
"378",0.0771645108860608,1.00156350952634,0.0496083837619476,0.0258548230559222
"379",-0.0288701227796735,1.00517435170513,-0.0987452588461658,-0.0249970234476279
"380",-0.442816225649629,1.16326715326506,-0.436253797501089,-0.40357538828733
"381",0.152454500469837,1.00932975668288,0.0841317558433141,0.108020393372036
"382",0.408283076710774,1.10630766956864,0.355301214237093,0.312534329167271
"383",0.259052844401663,1.04173204094741,0.218194503955855,0.193898951982494
"384",0.326801459172669,1.10392126568758,0.29945811354757,0.359119755886249
"385",-0.259331002353706,1.03997017256911,-0.22888470607727,-0.170732982043143
"386",-0.170794435451685,1.00483516373631,-0.0296276084540558,-0.0938930833355965
"387",-0.14304453753103,1.02168432556693,-0.120409514489529,-0.171290425679757
"388",0.101203578378098,1.01413360410198,0.112543921240462,0.125701363400268
"389",0.499322038532816,1.17560678697855,0.398414161716525,0.472564782155569
"390",-0.0887115423439695,1.01922877981473,-0.181402709592517,-0.076943892253503
"391",0.516776154595702,1.21308041635053,0.493944624405764,0.477056395569556
"392",0.302402803830058,1.03026030717858,0.188166456033928,0.161337179135296
"393",-0.124901393100205,1.01154453458462,-0.151293767287509,-0.0182357184661141
"394",0.204730641106673,1.00769655854815,0.066519399105759,0.105012016704686
"395",-0.362723125625664,1.10937865129515,-0.279496220169004,-0.390644153752081
"396",0.308407648135022,1.031550926708,0.139160347130926,0.211498728550614
"397",0.00220053770848243,1.00116681621805,-0.0463730733148165,0.0135842543968619
"398",0.158629225051668,1.0271671041205,0.183460863313923,0.146336500639454
"399",0.13910884066159,1.00485905891048,0.0979008785665926,0.0125357987518054
"400",-0.231127801151458,1.03666735410534,-0.204164505370554,-0.181648170413451
"401",0.101215228426003,1.01149951301957,0.152058792686908,-0.00306405049407507
"402",-0.0508672372088201,1.00066538174233,-0.0202867322516495,-0.0303258093390568
"403",0.0489213570398023,1.00015647416756,0.000157105113470719,0.0176903402249564
"404",-0.0773430573750803,1.00056843897429,0.033114770501987,-0.00637283657729345
"405",-0.0165606864429013,1.00609113205579,-0.0454445989297432,-0.100767824375706
"406",0.211132206051449,1.02655766432815,0.174055469720505,0.153379697650099
"407",-0.0890165438798262,1.00543686316199,-0.0955731570677828,0.0420601646825332
"408",-0.0154468925558988,1.00119633662954,-0.044298303363323,0.0207789508769905
"409",-0.0765732586017205,1.01257857591942,-0.0180163622253735,-0.158084733934576
"410",0.111557169994993,1.00013267009341,-0.00332728681361024,-0.0159463773515768
"411",0.248716044964919,1.03799427049162,0.128129231695967,0.247012156701725
"412",-0.0909733035408366,1.00127615906464,0.0503652748768818,0.00415761924769472
"413",0.162997110427759,1.01865478039128,0.141704210838045,0.132580082383334
"414",0.0958699005543717,1.00385572899173,0.0773798184037161,0.0416975818643493
"415",0.328826463229943,1.0435024794412,0.163793932296577,0.249136453259548
"416",0.0184476209326417,1.00423697745169,0.00576538211723968,0.091971013098439
"417",-0.169775324089402,1.03729752077429,-0.191682589511221,-0.198100811413711
"418",0.0805202407862594,1.00778577898497,0.101987988464498,-0.0723230705467556
"419",0.125141216209757,1.00925818884528,0.111934209124244,0.077928329758701
"420",-0.106448429161437,1.00948984225643,-0.0245049332990325,-0.135901618323425
"421",-0.129114664625157,1.00545223576038,-0.0703024857845296,-0.0774064524963167
"422",0.139545350292603,1.03815861199414,0.236327116469102,0.148063492053244
"423",-0.063937713817598,1.00883539020359,-0.122184113306189,0.0531026080604317
"424",-0.146640466158458,1.01028274263111,-0.0808808328865479,-0.118867619349459
"425",0.130936441746869,1.01289171260043,0.0750322493997789,0.142547476318004
"426",-0.364044193858695,1.05987212000165,-0.29194872503676,-0.195179027321594
"427",-0.195499137740748,1.01477108680179,-0.0809410180970229,-0.152344708468324
"428",0.287537928783752,1.09551350062912,0.367474729960697,0.255170830819251
"429",0.139334962492169,1.00176574835153,0.0429956363392694,0.0410608064471418
"430",0.0644853728641504,1.00199190507614,0.0602007517400215,-0.0190695392720197
"431",-0.2014833691865,1.01302404910416,-0.158778659321186,-0.0317342308484852
"432",-0.167335374702415,1.01509099211565,-0.093404569620276,-0.147259324487035
"433",-0.238553964391411,1.04098769689237,-0.19405996270014,-0.21446705098474
"434",-0.258716767079636,1.04881388106602,-0.153066607516362,-0.276733031603037
"435",0.19403234055253,1.02591680279614,-0.0149953157124299,0.228649134628026
"436",-0.0258574852781992,1.00151524036071,-0.0514983625049473,-0.0195114154811659
"437",0.307689894393747,1.02200489010215,0.190245225028979,0.091108450466389
"438",-0.248840340442808,1.03872265374388,-0.23855999649564,-0.148438133485762
"439",0.0759173190305684,1.00590122151827,0.0782832879767408,0.0755578869178941
"440",-0.260605672859682,1.04636641335207,-0.164449344753346,-0.260459371114721
"441",0.027739708031628,1.02166341052367,-0.0782156775028368,-0.19410933052182
"442",0.394663090645353,1.04088225678286,0.223853069979228,0.182553212916837
"443",-0.106953724015953,1.00625386659808,-0.104719280788695,-0.0397582227305145
"444",-0.0670220682770667,1.0000005227787,-0.000205562088126148,0.00100164959356256
"445",0.0239849760965565,1.00230696184168,-0.0430230884976087,0.0526142529399595
"446",-0.0805890636539388,1.00837882069779,0.0904609275532486,-0.0929766993287827
"447",-0.336903110693567,1.06332139080095,-0.24023488165499,-0.270073289629098
"448",-0.0541928756909686,1.00056774146053,0.00337591978889277,0.033532199704145
"449",0.263665993673425,1.02710741431825,0.144422606377194,0.184639517207823
"450",0.390387333501183,1.0564728825256,0.161326353697894,0.300181210462093
"451",-0.312036012974832,1.0374978161706,-0.0856943827981321,-0.262789252663806
"452",0.0121564118419367,1.00859155356238,0.0591629093091792,0.117288840387516
"453",0.178948728085265,1.05781996625984,0.33244728648709,0.0919884923528108
"454",-0.389463069922872,1.09097451417353,-0.297806023783481,-0.318648650984825
"455",0.0185774148506412,1.00718771042037,0.100047852654624,-0.0664643603822379
"456",-0.464284227581991,1.121234875096,-0.346321030902303,-0.370444852422472
"457",-0.0516926597926309,1.00726118915341,-0.00478931461894943,-0.120632357351702
"458",-0.295733101597266,1.05311065505903,-0.261660440337696,-0.201434519785308
"459",-0.120091668940807,1.01454791724158,-0.0444113295112687,-0.165333330548541
"460",0.396235536638642,1.08171492539489,0.287293994880023,0.295921172490141
"461",-0.11130438271859,1.00229202077623,-0.023987186829058,-0.0633554242329362
"462",-0.115035618711305,1.01428464417319,-0.163300728372994,0.045893480129275
"463",0.149769500201103,1.01053738963752,0.134724040330413,0.0550930922390985
"464",-0.105898766539373,1.01110510294561,-0.123325513427638,-0.0844058466011523
"465",-0.393620357319874,1.07527226471564,-0.281356141272112,-0.277577313617597
"466",0.189691116647934,1.02192768383555,0.0252838444334039,0.20903807834975
"467",-0.0547381571997058,1.01119757306177,-0.04519829692354,-0.143100124812077
"468",0.153790283203675,1.0427794112979,0.223296965668448,0.193719812487169
"469",0.61868935467419,1.16393506090634,0.31217780593369,0.507237462624236
"470",0.168372903622392,1.00395521616746,0.0599168135890512,0.065848701727364
"471",-0.100973124649004,1.00167346542757,-0.0549593496337718,0.0181439033702872
"472",-0.14477677030351,1.00715923675375,0.0813276114018934,-0.0880655880696524
"473",0.324904857430993,1.09023268686485,0.246051753514345,0.357862887292135
"474",-0.278724841712759,1.04999244655847,-0.159095823773822,-0.27779967006384
"475",-0.144826538594232,1.00087215956744,0.0131480029699642,-0.039651101057834
"476",-0.196788590789583,1.01275581561836,-0.101957896868997,-0.123607966308286
"477",0.213052728388308,1.02073040465264,0.157976075129281,0.130131159485691
"478",-0.518259131027442,1.12613208953505,-0.337645683107937,-0.392643446092196
"479",-0.0512536092885673,1.01050499977849,-0.115747269884888,-0.0878801689320562
"480",-0.0968812557757728,1.01691864096975,-0.0802767419425514,-0.166370571480842
"481",0.546398688520756,1.11927524364987,0.236609755990706,0.443613451574103
"482",-0.181286334918605,1.02045891876771,-0.148239072904143,-0.139145902408495
"483",0.187327052589453,1.02282724650693,0.0979269134728529,0.19127439926618
"484",-0.258002120250774,1.05812482599542,-0.33264083612711,-0.0947534776591347
"485",0.00867801311507313,1.00021278066127,-0.00549906194219724,-0.0198838355430261
"486",-0.242044079942009,1.03876697988203,-0.268321849542119,-0.0839060400181906
"487",-0.427490312193923,1.08418363307283,-0.394186939487618,-0.141671475464873
"488",0.0283785491995564,1.00118070506196,0.0402649390852323,0.0272312112991683
"489",-0.337768353527342,1.0665314196714,-0.190517198506362,-0.318107633073434
"490",0.489202692159807,1.1209248705919,0.34807403215102,0.367854636580274
"491",0.228352736700278,1.03878523300185,0.263731336846025,0.0975732661548007
"492",0.193380891511831,1.02268001633937,0.146638414339164,0.156114032873346
"493",-0.083358215121318,1.0209362405776,-0.0961879315204635,-0.181820486069487
"494",0.127037221069053,1.00350958065849,0.0298222329582612,0.0783716332275469
"495",0.232281979974185,1.0165866306552,0.132742191280112,0.12580893561689
"496",0.0356766479762266,1.00067529886949,0.0189173840274933,0.031514859179513
"497",-0.461465336679136,1.14232028161153,-0.366407934838816,-0.413086977606648
"498",-0.0349758139300226,1.00271066736221,0.0377409467672757,0.0632795652566988
"499",0.15519674602823,1.00515101146553,-0.0188466089049489,0.0998667170931081
"500",-0.0858176712863223,1.01347646838523,-0.159100452550022,-0.0426801823915416
"501",-0.0232248259706741,1.0015036239822,0.0531684007939499,0.013514066985397
"502",-0.138316120079846,1.00196450915005,-0.0623484607471435,-0.00674885462594212
"503",0.183582236138821,1.03254168057308,0.153203712634833,0.20656946665854
"504",0.0049304813532422,1.00776283414036,-0.107180753287584,-0.0640173101536593
"505",0.179472269001485,1.04784014583987,0.212963417914076,0.229380805352294
"506",-0.308721133236401,1.03131790662719,-0.0644988582127899,-0.243837080484367
"507",0.408615224438481,1.07024367606118,0.301439717308638,0.233571451547122
"508",0.070068268422152,1.01029163582565,0.0866988206163119,0.114771529235282
"509",0.079907698441091,1.00416431934482,0.0781945284848762,0.0472397709591135
"510",-0.396659303149004,1.14965029557447,-0.299765381273781,-0.481494048046548
"511",0.323648908958813,1.0496905526998,0.278936033981428,0.155064326567763
"512",0.43668819823734,1.05531527218938,0.184021415797318,0.282535736224819
"513",-0.357034401950007,1.08648680381683,-0.280281656868253,-0.319211164734715
"514",-0.0532269286578508,1.00089359944569,-0.0370069187126822,0.0204569151814132
"515",-0.0320964706071839,1.00836375795873,-0.0616715344512229,-0.113991623389963
"516",-0.0973256620109028,1.00620355465574,-0.000757487331526638,-0.11155724814991
"517",-0.00823904426048742,1.00687647277335,0.0119829221995721,-0.116861631856042
"518",-0.324638974179879,1.06421775928968,-0.302209498011714,-0.203048906667977
"519",0.123945882607182,1.00363103539587,0.0714482457010598,0.0465875884333334
"520",0.110335767454681,1.00964001143758,0.0283151871970516,0.136276200672261
"521",0.419354447833081,1.11355902180193,0.44250380662054,0.210247654357437
"522",-0.308267789348428,1.04024133146259,-0.246501015119581,-0.146079694783655
"523",0.246061137375907,1.04904759044121,0.0738953314647417,0.308286112237041
"524",-0.230400669064797,1.01910257099828,-0.122940769994081,-0.153152268310222
"525",0.141405021189253,1.01444704948945,0.128855130112092,0.111799694371875
"526",0.321077456909259,1.03867783661556,0.194580318005784,0.20246023837078
"527",0.258181400395799,1.07943397863152,0.330528365862088,0.236492523316952
"528",0.148112384324427,1.05272819840163,0.195513202355811,0.264596385868206
"529",0.219080853862949,1.02420181943215,0.11716850845164,0.187778879417656
"530",-0.0126680455565972,1.00266653632519,-0.00668187330616433,0.0727704310518131
"531",-0.409423642452305,1.115896544087,-0.216058855992956,-0.445582391766464
"532",-0.222662990421875,1.03456668559186,-0.191321934877329,-0.1836413465735
"533",-0.317030052466648,1.02904124457001,-0.0752331226038065,-0.230793978018211
"534",-0.00955459900073879,1.00580507051409,0.107174543421334,0.0125481916735279
"535",0.113932439366562,1.02695436945741,0.228095409928361,0.051066240485127
"536",0.0615281131134824,1.00977258117798,0.0960933275483151,0.102013421173509
"537",0.170124672392292,1.00860556161017,0.1132045023042,0.066857457093544
"538",-0.467368205808055,1.09002351275054,-0.267118282243799,-0.341758806236434
"539",-0.454189670419214,1.118089779706,-0.355132972042341,-0.35214390190855
"540",-0.17698103258445,1.02647301820518,-0.137600468944343,-0.186314164919214
"541",-0.276254020362899,1.05118797017029,-0.288320230618649,-0.147876953061434
"542",0.00491211295201544,1.00300064920359,-0.0588020769060532,0.0505234406425251
"543",0.044750450315673,1.00002887606062,0.00126769138590849,0.0074930576949685
"544",0.0591962106004444,1.0016963766069,0.0532274638731616,-0.0237164077596279
"545",-0.143055014168522,1.01055700378334,-0.140979648418033,-0.0367450218056137
"546",-0.120142522952754,1.00645118232954,-0.0237657561992465,-0.11126172407803
"547",-0.0630117781884445,1.00382931581343,0.0225332060514332,-0.084649571242238
"548",-0.0349395070721548,1.00311337796024,-0.0646721157070339,-0.0453207071081777
"549",0.227520456985412,1.04242464637174,0.241520538532645,0.168276477352468
"550",-0.152850140432342,1.00190163398494,-0.0424574002060598,-0.0447688881862491
"551",-0.151709290024449,1.03432124996498,-0.263308503245471,-0.0221151587773674
"552",-0.271812172008231,1.03828948057037,-0.176214365120659,-0.216779941388053
"553",-0.340042407498165,1.06499741434214,-0.317530078095708,-0.182740641511349
"554",0.307181220732515,1.0768702779022,0.276804699361866,0.28814710451493
"555",-0.318982002952644,1.08587407662893,-0.376590802024064,-0.193136941379937
"556",0.215388714051288,1.0241855216613,0.0609844235874996,0.212689639757863
"557",0.602170037881892,1.20003896854952,0.445742214689278,0.491332274617993
"558",0.298169606239842,1.05905932621288,0.197233700542148,0.287585680813456
"559",0.430705693886833,1.10591540273593,0.316956346585876,0.350125052470558
"560",-0.51449294231183,1.14365540162047,-0.380801892675621,-0.403655293772237
"561",0.174388576507922,1.02686704609061,0.221518672678554,0.0733853391461458
"562",-0.272477613463377,1.01002450727054,-0.0665166029406078,-0.125399548724604
"563",0.0337750226102941,1.00029807661919,0.00522155089121552,0.0238532491360872
"564",-0.408460555038428,1.10436534034814,-0.323453777705252,-0.339117175398819
"565",-0.26077601106715,1.04419490699662,-0.220044555538494,-0.20475203875795
"566",0.294568356055447,1.04977979013237,0.280846740650888,0.152193022297774
"567",-0.393755053048104,1.13933937192618,-0.388257050169249,-0.383862823694886
"568",-0.129388800114316,1.02572831645571,-0.117932300800679,-0.195475194351921
"569",-0.137612576064858,1.02007235890078,-0.195998730241585,-0.0461748322908122
"570",0.371309434483526,1.07569719461963,0.33465050893051,0.212446443568945
"571",0.189771012495858,1.02076120876466,0.15705601607237,0.131479477996256
"572",-0.0110526437605504,1.00593996925426,-0.0855283821911161,0.0678241666593186
"573",-0.577536192035636,1.02389115503459,-0.160669716296471,-0.150127744348866
"574",0.0139534525095385,1.01451605162012,0.06039171546372,-0.159986435982033
"575",0.404957976333952,1.03617905428338,0.168050093268672,0.213134226927541
"576",-0.0863618618429724,1.00118732707727,-0.0473844402080477,-0.0114358526704552
"577",-0.0209455750503241,1.00089695017375,0.0221863245037318,0.0360897751741693
"578",0.391557243100925,1.10330564407251,0.353244685692322,0.30414065212069
"579",-0.19574967161859,1.01267540063014,-0.0785902008534638,-0.139050520931182
"580",0.00929572440743782,1.00677292025363,0.0993693228448105,-0.0609708998899649
"581",-0.327217609520093,1.04259779087726,-0.262558455919206,-0.134436642205393
"582",-0.218276985470508,1.02701108707024,-0.208320638453251,-0.10655648530069
"583",-0.252298563453478,1.05290670497451,-0.235260676360683,-0.230791991929078
"584",0.607887835881481,1.20190379390112,0.523583248254736,0.412835696059484
"585",-0.0453874198135477,1.01091296119303,0.146531280749651,0.0217623268499305
"586",-0.0922301518198352,1.00378595465681,-0.0228440659384048,-0.084049934073033
"587",0.461871836465981,1.09354603598244,0.287346991541348,0.336562979641327
"588",0.047217516089762,1.00028641443112,0.0200562234460959,0.0130636440763669
"589",-0.108878393978146,1.01028321287602,0.0109459913622625,-0.143360927355357
"590",0.312994628965753,1.05830321442362,0.262213497786843,0.226384132036116
"591",0.369065488518702,1.05010034824015,0.133273708164437,0.291459877317931
"592",-0.244383390508424,1.04607117487507,-0.182967055172133,-0.246552143827921
"593",-0.297466320295757,1.09466588643365,-0.298350396224537,-0.33057592772951
"594",0.0356309386271046,1.00404938114102,-0.0892973661367509,-0.0118802428725549
"595",-0.417219971250069,1.08800670787606,-0.312078586203054,-0.293880166763254
"596",-0.263595146841824,1.03664612101712,-0.266570941394883,-0.0597922522044397
"597",-0.125627381547558,1.00317905920807,-0.00271241796778817,-0.0797550476293531
"598",0.72131587391523,1.28117055092367,0.671700648071903,0.43613784510615
"599",-0.125540133009094,1.03682063450213,-0.247637501108702,-0.11693030477182
"600",-0.271405987827414,1.03545115322172,-0.180537449737943,-0.19891033143178
"601",0.571322680269359,1.12639941573123,0.30624609138002,0.418316835991719
"602",0.174948939690027,1.01298645074393,0.121980133543671,0.106124438332782
"603",0.464812774902922,1.10203856733334,0.357044909578589,0.294971077284103
"604",-0.0783275713625755,1.0008513899205,-0.0412051589918817,-0.00237477962192806
"605",0.0805772978888968,1.00903932157162,0.108167768594158,0.0803746621459124
"606",-0.625690946697608,1.19487601589601,-0.464358819645374,-0.460542701582681
"607",0.412744010994792,1.11317706004639,0.330109199917507,0.360820014887398
"608",-0.256385709521832,1.04502036108336,-0.231861686761429,-0.195723563453495
"609",-0.142357707686619,1.0066396704381,0.0283942747205711,-0.111880254123845
"610",0.0186276145514113,1.00117457033445,0.0410007355550092,-0.0258739244861535
"611",0.228590480919447,1.03323907055979,0.103253712635173,0.2385825805844
"612",0.220163818276628,1.02393930091245,-0.0416059257050967,0.216149575292885
"613",0.385124080395244,1.04653636963627,0.245003705005918,0.187647428718951
"614",0.461539714153038,1.08082618990808,0.345293761686522,0.221263351984879
"615",0.365671147017699,1.10503869338998,0.328048626263936,0.336889615000785
"616",0.353216367628344,1.03066458762635,0.144114686928417,0.203716590386052
"617",0.152391359461997,1.0007631350437,0.0389517823835716,-0.0031001792902823
"618",0.190781270648947,1.02941175231517,0.195113827391197,0.147034520318694
"619",-0.301305403764136,1.05979751412714,-0.267541159244045,-0.227139822709309
"620",0.0792563206548787,1.00963935783809,0.0777179646869802,0.115462335246725
"621",0.150014911018031,1.03328534684234,0.221791446630335,0.135967504208603
"622",0.0133872356888351,1.00062525717472,-0.032187309365417,-0.0146588680254819
"623",-0.193163620013354,1.04096536325258,-0.221783124015203,-0.185529332973626
"624",0.153503409849727,1.02859677303866,0.189057059346097,0.149227175195919
"625",0.0254657409580832,1.00435464822533,0.0508187332858365,0.078394615625386
"626",-0.0094678667195145,1.00471522365174,-0.00924496919802159,-0.0967843540149215
"627",-0.169818536684035,1.00125558954453,0.0145495544934238,-0.0479694283707546
"628",-0.111496732246378,1.00340690400861,-0.0635680945585064,-0.0527684789087774
"629",0.201153833380438,1.01014923374174,0.12136441365945,0.0753137007862752
"630",0.223574396343713,1.01489121349298,-0.0044691874386001,0.173159468666567
"631",-0.0393825577057362,1.00475488705765,-0.0647306496732323,-0.0730912173870529
"632",-0.165503954524197,1.00808216405609,-0.116673008958493,-0.0511571937128623
"633",0.0663988878420961,1.0024062967499,0.0484704571763033,0.049689018353795
"634",0.312670003562107,1.0578691543664,0.337434853870544,0.0722832425479887
"635",-0.0322929576918004,1.01408554909395,-0.073323607816983,-0.151634921498555
"636",-0.0309395801860753,1.00034358260408,-0.0201703052563457,-0.0167464038834144
"637",0.156961038663614,1.0551708789578,0.0761761725663477,0.327998131905848
"638",0.392163251242062,1.05509698333879,0.261643276117664,0.211594991228597
"639",0.163564577414618,1.01421628606304,0.133128766620879,0.104457677618795
"640",0.837098240809006,1.33326060530383,0.609864680922378,0.636905732913883
"641",-0.366291297958631,1.09016256798982,-0.259332940397509,-0.34813912545267
"642",0.203415717494192,1.02632058029827,0.146473114709246,0.178548481402526
"643",0.118942610402011,1.00770473013435,0.121942448082277,0.0244716671039161
"644",0.0852316798961013,1.00369092329435,0.0859419846430039,0.00307323593002301
"645",0.135818661695319,1.00082737924262,-0.00383546478431905,0.0405059532851789
"646",-0.0263135570584039,1.00005476276446,-0.00088143154224411,-0.0104284038243499
"647",-0.0661771055665646,1.00830159118433,-0.110632347569574,-0.0665776423140349
"648",-0.126885365293132,1.01155644632996,-0.0590534486363433,-0.140567187906208
"649",0.0626764336759607,1.01272773742399,0.0708902905839765,0.143499257311063
"650",-0.301806108395171,1.02440513631593,-0.0969011816023811,-0.200040106764919
"651",0.559205968079595,1.17131841555807,0.457141089451766,0.403743550982946
"652",-0.0460170006205162,1.00217773326832,0.0447724072825796,-0.0485349421031495
"653",-0.132377580806267,1.01115992397856,-0.112583925975865,-0.0988395238363089
"654",-0.320356564251991,1.06109271588673,-0.184321012897777,-0.303221892204728
"655",-0.139565143810229,1.00192860938159,-0.0603405584581988,-0.0148308901378338
"656",-0.24949524234253,1.02572179292419,-0.183478780271329,-0.135796662955136
"657",-0.0902640696795457,1.00570822387861,-0.09619118610519,-0.0468645632940795
"658",0.297718443279558,1.0583996765883,0.303870985494639,0.166949991245056
"659",0.0422025397512343,1.00063108948641,-0.00334400046701462,0.0353750605318539
"660",-0.018306778629752,1.00143892845504,-0.0227968067045669,0.0485822295624779
"661",-0.104855182941658,1.03833091856151,-0.239514275085347,-0.144097218818166
"662",-0.157594491157664,1.01199059740151,-0.151037687351913,-0.036229631911568
"663",-0.121887102186396,1.00157532565911,-0.0561512857925337,0.000407520553813299
"664",0.117674822307171,1.0112352590564,0.0804908368335782,0.126956584487351
"665",0.123147606504144,1.01873926241743,0.0772836914934561,0.178485057693758
"666",-0.250952524434181,1.04043585366588,-0.273950435173861,-0.0863592766383789
"667",-0.274325928164059,1.07051738118363,-0.215287523458827,-0.315687734413652
"668",-0.375309053312062,1.09159194183579,-0.347780316170249,-0.26574766069593
"669",-0.259200256440364,1.04505969326814,-0.254057334919621,-0.166146420567015
"670",-0.0367778942793881,1.00473569349695,0.0375724493605615,-0.0899006386842853
"671",0.158128433310788,1.0031433598961,-0.0296567738878844,0.073600789847688
"672",0.0551485266148576,1.00048608187125,0.0164316254978543,0.0265028621394357
"673",0.413422014547246,1.08072200500054,0.306994898550565,0.271503562327105
"674",-0.0880806196066284,1.02351228263823,-0.127527408601788,-0.176958053692477
"675",0.108628295143883,1.01971509276442,0.130100673852621,0.151303288380109
"676",0.08192994173171,1.00632792226686,-0.0991951045954441,0.0534435997874727
"677",0.059623907167184,1.00809861053053,-0.0428372534671557,0.120115687022895
"678",-0.282294438105881,1.04829813606709,-0.204305651719177,-0.239140508399023
"679",0.202113235835693,1.0416504449704,0.229592953257138,0.179785219975639
"680",-0.156188026479559,1.01659671446408,0.0101957358660347,-0.182660687695251
"681",0.594566653788521,1.10564506016485,0.389729573285942,0.265634822215197
"682",0.180314883149029,1.00275579813069,0.00259077575846482,-0.0742460676782132
"683",0.441956252086567,1.07451446988263,0.27563353545729,0.280370291076769
"684",-0.203193838887588,1.03231396764617,-0.151017811089046,-0.207040451437043
"685",0.20991034457691,1.03451621599266,0.192998519075199,0.181591224420546
"686",0.44681119899726,1.08939639240418,0.295983632433143,0.314925688242346
"687",0.119732598773153,1.00478287935557,0.0813875574188123,0.0544490600787783
"688",0.266561514149612,1.03853058891735,0.168793111430385,0.223729009407947
"689",0.295436032881668,1.09258679734141,0.385977542523709,0.211582717612099
"690",-0.534076098331942,1.13733081102224,-0.447765267481409,-0.305004326096888
"691",-0.418940605185411,1.03527163126786,-0.180373244673019,-0.198123302804463
"692",-0.394605130096823,1.10335621151289,-0.33345079797975,-0.325891845265797
"693",0.143857239277866,1.0160590000384,0.0563386759309833,0.170885473792748
"694",-0.508776481430179,1.07983309006579,-0.190337569199998,-0.360293092012709
"695",0.240799817558655,1.0284059328611,0.178024847892038,0.1610152672169
"696",0.0701002275928868,1.00499417101395,0.0992739605151441,0.01256839431511
"697",-0.0275354698256784,1.00150702243416,-3.85783317320285e-05,-0.0549209841193833
"698",-0.457250666090326,1.13243343625159,-0.399240018673967,-0.350731941844188
"699",0.337122674572544,1.08268681726236,0.3735603657522,0.180730178478237
"700",0.188837787136679,1.02444855215371,0.100299828683435,0.198581923587989
"701",-0.434506548405808,1.08726626322742,-0.298701427357806,-0.304836652072744
"702",-0.210479788788017,1.0429787928675,-0.24382048670287,-0.16839338655461
"703",0.328608524198235,1.04007580639641,0.237014928844457,0.159942510159104
"704",-0.241978360007162,1.04786768895991,-0.24749053516832,-0.191768424325493
"705",-0.162433303159973,1.0135616697186,-0.147733401676019,-0.0740412071213388
"706",-0.188861412413985,1.03763572219974,-0.208477896693851,-0.182276873396179
"707",0.192164856235182,1.00320136703223,0.017521521624123,0.0781407646194024
"708",0.0681484597333279,1.01489176457652,0.114836659746908,0.129683597202609
"709",0.249627716146497,1.03388849855877,0.0406283432085669,0.259373794320534
"710",-0.0352605724454431,1.00156105510512,0.0057253427554675,-0.0556036649296114
"711",-0.381842747039935,1.11254001326035,-0.342636614087974,-0.346908391065517
"712",0.258210316508314,1.02135897785078,0.0739384779423508,0.194183580963884
"713",-0.436169694811239,1.11465311672598,-0.271029697597054,-0.411089374281793
"714",-0.452680243921419,1.11853303500275,-0.379064777429812,-0.327759126348217
"715",-0.256829119579427,1.05343090867048,-0.190187388541064,-0.271192618967109
"716",0.381926805280731,1.07334940942334,0.115323251599464,0.372531209900532
"717",-0.0347279200071061,1.01603096217922,0.179229713799906,0.0139866292590015
"718",-0.255749494664893,1.01542452534283,-0.172646947366713,0.0357770629408892
"719",-0.142214172114935,1.00620910775536,-0.0143798615435919,-0.110679664400561
"720",-0.201087646839573,1.02218958172048,-0.120475827785213,-0.174232935742232
"721",-0.0522164506029509,1.00330988427789,0.0284180596012179,-0.0763094868166235
"722",0.233501689056631,1.04140933343997,0.231005331707456,0.176550096286054
"723",-0.350175291985276,1.02978449661749,-0.145871074375973,-0.197933673573073
"724",-0.0329131025719484,1.00208987429646,0.0494986816259047,0.0416412858205568
"725",-0.141221950415558,1.00793453860527,-0.120716059495113,-0.0368736639539852
"726",0.13923179053745,1.03436778435096,0.203811626678377,0.16845632708162
"727",0.140985786643943,1.0051988204727,0.0772237287065236,0.0667919486492798
"728",-0.0755871328353261,1.00897343792447,-0.119783030118373,-0.0606582569216884
"729",-0.326689521789301,1.06378045567584,-0.211119398423688,-0.295055007561487
"730",-0.304399589665126,1.05705340500146,-0.277460498196899,-0.200941715344307
"731",0.0762527512788248,1.02315383950834,0.153059599076577,0.153024633412969
"732",0.248456778078621,1.04623622777115,0.229092972225312,0.205247787753688
"733",-0.160462764421119,1.00771050197438,-0.0834560050602593,-0.0922797432204551
"734",0.0169914399925329,1.00420735280948,0.0458251508380376,0.0795767741698901
"735",-0.173043380733408,1.03802905079949,-0.0630674065379155,-0.271158279490526
"736",0.57953513360058,1.09061756763788,0.223881388308607,0.373261038429363
"737",-0.070388497563777,1.00402584578001,-0.0617373486634235,0.0652410819521196
"738",0.498980449398215,1.11635108831971,0.441540170484181,0.226455360372406
"739",-0.0220047613500337,1.00066998712809,-0.0303761784502554,-0.0204379774361565
"740",-0.077072618415564,1.00854752360058,-0.0631067246472868,-0.114828779777333
"741",-0.0334168423127935,1.00853794740614,0.0197533898976751,-0.129454991969208
"742",-0.0229706351469952,1.00207467006296,0.0634016330617322,-0.0115705361543639
"743",0.0323997006246969,1.00728662448401,0.120934083172414,-0.00113639414131219
"744",-0.023605205946268,1.00594807584312,-0.109208960668889,0.00222130639264046
"745",0.33748434078272,1.06894923013568,0.269371351307485,0.264748053255261
"746",-0.304912867534706,1.05691674292615,-0.111412929071023,-0.323512226528505
"747",0.103118515053803,1.00302692311068,0.0776475820829351,0.00581906191346013
"748",0.0695330570712471,1.00188695421184,-0.0480002178510696,0.0383855194849066
"749",-0.603456529091574,1.14824608979199,-0.457165344548624,-0.330860892923805
"750",0.233941888280381,1.05492087905181,0.264588643011287,0.207004616008631
"751",0.00370958355527399,1.00700810798359,-0.00359501682344512,0.118542842039164
"752",-0.0304546952672734,1.0044297079,-0.089133420310231,0.030565855065552
"753",-0.037491325496742,1.00986667080103,-0.130070397185467,0.0539665134206194
"754",0.473412360746713,1.16855200604696,0.237233780621068,0.556088054330085
"755",0.0944558159752996,1.00783373746573,0.0354377329579405,0.120303821456116
"756",-0.1901369081293,1.01738045786617,-0.131290875438934,-0.133512928491829
"757",-0.196828615822702,1.03240444497337,-0.144068609250504,-0.212375078173954
"758",-0.150061631387175,1.00902396225823,-0.111207592373893,-0.075909339410252
"759",0.101289994776427,1.00429202157919,0.0653715066506194,0.0657953700943297
"760",-0.0924264252349745,1.02100848908566,-0.202204250968365,-0.0396456261812684
"761",-0.41834817218458,1.09046460034782,-0.300821820032001,-0.314037063424622
"762",-0.230027313415087,1.01919773212589,-0.169864037596362,-0.0995501175389585
"763",-0.179006701513478,1.03277187256484,-0.0991427032345115,-0.23830330496332
"764",0.327653881290794,1.07621692517107,0.195467942457913,0.346460897499198
"765",-0.0473886578431852,1.01633369516373,-0.181420215906438,0.00457003124996461
"766",0.14120654797398,1.04014095188531,0.24095413027534,0.154383635441493
"767",0.0595594004537521,1.00517342425453,-0.0314639407123041,0.0968691553716883
"768",-0.14846205134269,1.00660922672032,-0.00742304572443349,-0.114921859150697
"769",0.243771554618606,1.05888910025982,0.304804238274819,0.168346377979326
"770",0.127380343324859,1.00056098265069,0.023000026796654,0.0243573145125877
"771",-0.318337786851981,1.06652847513858,-0.251449654139436,-0.272499650852219
"772",0.0949058609401017,1.0141645942222,0.0964114072838285,0.138689093729197
"773",0.0105105879480111,1.00266357309437,0.0470117664762767,0.0558939587356536
"774",-0.190916688616433,1.04143197642308,-0.00867300919274372,-0.290698022745307
"775",0.691302959564396,1.27413408543589,0.497243966620925,0.613323817675974
"776",0.0769550554294633,1.01778968387711,0.188662489424235,0.0173869402403844
"777",-0.0793305988028323,1.03124660938867,-0.231267485904632,-0.0999245682451215
"778",-0.176235412954892,1.00199080740931,-0.0306070272756572,-0.0552158311909107
"779",0.166894354545373,1.01590012796985,0.0862127734418309,0.156908979043995
"780",-0.36318261058872,1.08883210108193,-0.322177243300084,-0.285932104259105
"781",0.0916959006831699,1.00157468066474,0.0531438495127373,0.0180989559823375
"782",-0.077638223176791,1.00266090737363,-0.0414360568565688,-0.060099487248087
"783",0.225373768392903,1.05813320034245,0.251899480111765,0.237049618405901
"784",0.0976901361971409,1.03076879471502,-0.0817584503325937,0.236219948263202
"785",-0.23458263380398,1.05253439917718,-0.210001945901578,-0.252443744562641
"786",-0.0724437255829759,1.00046033101953,-0.0188414423727875,-0.0237881061251972
"787",0.0953879542441197,1.03256596871003,0.219472562650258,0.134254511960697
"788",0.281057734142623,1.03960790541836,0.226250387706001,0.172033017386905
"789",0.0214098587354036,1.0014351239974,0.0506236384700764,-0.0175941695950167
"790",-0.0663196681937904,1.00134292928214,-0.0514749627918,-0.00616362141271524
"791",-0.260576777886771,1.01410802658905,-0.141560542150857,-0.0915188641662925
"792",-0.0968953963979032,1.00002835553239,0.00623256283998342,0.00422694088708363
"793",-0.688221276495142,1.29764315449596,-0.658064255919313,-0.50082850507093
"794",-0.491768931790037,1.20234400354805,-0.458399977944008,-0.485284002506661
"795",0.067383311560423,1.01304669886951,0.0713767560260779,0.145495610894644
"796",-0.0592464956680078,1.00447715083613,-0.0695882641961742,-0.0642792348899873
"797",0.142293271593462,1.01061475577385,0.0470260745955922,0.138313892635423
"798",-0.165983236505815,1.04390516075166,-0.237288317028172,-0.182844850203349
"799",-0.17685588537325,1.01459769978029,-0.131245468808281,-0.110377168457726
"800",-0.15428404237663,1.00295574548902,-0.0583348504828435,-0.050172428968283
"801",-0.0110119345622475,1.00045151429101,0.028506252451829,0.00951976986759803
"802",0.0827294700853049,1.03153307573772,0.139609617562326,0.211115231627239
"803",-0.134018146388465,1.02020141845598,-0.0400129346233461,-0.198014896617438
"804",-0.50251755021156,1.09130624825436,-0.342175428945664,-0.271781719960831
"805",0.0950023836314375,1.00945231756856,0.121465960268993,-0.0651152972846645
"806",0.0147574939692819,1.0001325588233,-0.00544030182559951,-0.0153472582072402
"807",-0.106177297927428,1.01319135947219,-0.067241897165817,-0.148442777441821
"808",0.0770236424815012,1.00010929616726,0.014778862322913,-0.000435325866284167
"809",-0.390155154652673,1.10582422425381,-0.344259984453762,-0.323005074341624
"810",-0.297715081087406,1.05491884143153,-0.28066878417001,-0.184604430065416
"811",-0.239562946500206,1.04018669408863,-0.213559822061502,-0.1907368893531
"812",0.0497602768116794,1.00655307221703,0.0840156685059873,-0.0780413648973017
"813",-0.227275868148275,1.00610333368966,-0.0580013177452327,-0.0942325060754774
"814",0.134989183687459,1.01764722241545,0.0884481585348614,0.16668171027943
"815",0.155096483829246,1.01155994460704,0.134019962500668,0.0727473104982103
"816",0.0431096325347587,1.0047863093248,-0.0315141403953021,0.092749050462566
"817",-0.0361459814176164,1.00334667603716,-0.0816069764744267,0.00669729090977471
"818",-0.0743139766355492,1.00864507395814,-0.106957546157189,-0.0769738172371014
"819",-0.323867312772802,1.01740998558298,-0.078917193743574,-0.169985750272209
"820",-0.0367846782768683,1.00206094801251,0.0641215033235976,0.00381789775343141
"821",0.0354794864360022,1.00644457289843,0.0306319968840024,0.109509630095302
"822",-0.696549249780119,1.22094584631695,-0.540416491824913,-0.445711537883278
"823",-0.318086667108185,1.03087815311842,-0.15565547107615,-0.196166105382444
"824",0.208119363432097,1.00920934042559,0.123017970545938,0.0580523188598443
"825",-0.0542334592149939,1.00311537398453,-0.0656602365392835,-0.0439225097385497
"826",-0.0517521522217518,1.00311895726135,0.0323548595973019,0.0721166102749104
"827",0.395303206506451,1.05440058640374,0.233572524825751,0.239174564398231
"828",0.203277662992497,1.02673751524622,0.168111283131521,0.161023357615789
"829",-0.283462466321116,1.00320920560492,0.00649613418931078,-0.0799156458463514
"830",0.187145467486358,1.01853284966447,0.148774535689272,0.123593298265149
"831",0.342046524828223,1.06246793492252,0.314375618239459,0.17322264111567
"832",0.0414536265724979,1.00607119562579,-0.110105776995976,0.00748121247019832
"833",-0.114647766099508,1.03831695018776,-0.186877115214477,-0.207795651678098
"834",-0.206615889245874,1.02311550916809,-0.177301708950918,-0.123812152486594
"835",0.0483479515760518,1.00199778940014,0.037785825581689,0.0507129307757863
"836",0.0932294420112951,1.00111492737983,0.0453695259108817,-0.0131416871573532
"837",-0.124742297295637,1.00496966550467,0.0333455107761918,-0.0940856285287585
"838",-0.0737877371032039,1.00331851776447,-0.0383359767808223,-0.071961107366098
"839",-0.377878085846823,1.04850475161772,-0.265743826882275,-0.169535933179096
"840",-0.27084164238302,1.06850377525974,-0.280565820839871,-0.250964415646458
"841",0.345542895663072,1.0759463297289,0.30859663892192,0.249857197020982
"842",-0.0253213762390427,1.00571629800898,-0.0895762694065752,-0.0586631403871155
"843",0.0541107690654277,1.00475142873212,0.0279080725322574,0.0935231149329684
"844",-0.360558481235259,1.03183957033436,-0.143366216930858,-0.210092900286374
"845",-0.285391340058032,1.04679680424262,-0.273063041636686,-0.145671289774902
"846",-0.265753106387321,1.00951709209422,0.00239026872582783,-0.13827163789363
"847",0.399700718750219,1.04426420281088,0.207400516201757,0.217882425063341
"848",0.303384475284475,1.03664963809956,0.126490103104404,0.242162602374086
"849",0.340177442498374,1.09856499306121,0.369563206291015,0.265081271566838
"850",-0.184228766677996,1.0332478817367,-0.222844212659487,-0.133946414649874
"851",-0.120591009923219,1.01801846041844,-0.13667205644227,-0.132974940272829
"852",0.233174015143924,1.00777031459091,0.0862555433680196,0.0903381879879247
"853",-0.244434548997769,1.0312658436604,0.0120731868580819,-0.251721033010118
"854",-0.55750483100477,1.12979696062441,-0.349708914984728,-0.39261284621922
"855",-0.141222212261965,1.01151567504265,-0.0758853702299292,-0.131929418410234
"856",0.00597222278108898,1.00395174623486,-0.0889550537924849,-0.00247126946984405
"857",-0.319399819135541,1.06631039889977,-0.231606910699071,-0.288749209034794
"858",0.225895435782588,1.02585452323555,0.0882828754118037,0.211148376152547
"859",-0.416213867210372,1.10099836439513,-0.378122827420733,-0.263097939528403
"860",-0.182455019489193,1.05642995035173,-0.323815320926988,-0.105772765554787
"861",0.165562514187963,1.0207164002392,0.18916733490809,0.0779595351515242
"862",-0.168593377447954,1.00749172918384,-0.114727640268104,-0.0433261229786146
"863",0.030094668709084,1.00483523462485,0.024876853767899,0.0952627466021389
"864",-0.152132244952417,1.04075649660249,-0.229512901678613,-0.174636517324837
"865",0.166320825691785,1.02032474638608,0.117783020667005,0.164893141550449
"866",0.0600411407501873,1.01241982313407,-0.00184824615892977,0.158083782409675
"867",-0.138447912333086,1.01100581185839,0.0626376430762924,-0.134941755143795
"868",-0.329015541467327,1.10311265948065,-0.348721204177462,-0.308627706571341
"869",0.433212440529761,1.11671130095157,0.321727553596815,0.378860806800546
"870",0.329858041569671,1.06463105299687,0.202707372226751,0.303889783063119
"871",-0.415117124491171,1.06971865398487,-0.208385049237505,-0.317606155383489
"872",0.0343152857744639,1.00080068365001,0.00647520280781558,-0.0394978498519804
"873",0.0270263976595626,1.00444204087744,0.0865708739925243,-0.0375406081224183
"874",0.399710367959418,1.09113465693646,0.233492279590611,0.368857960385058
"875",0.0163771517050483,1.00058098292271,0.0246902006522133,-0.0235095167609871
"876",-0.317140360937276,1.03253978310024,-0.217020420861236,-0.13798746542316
"877",-0.0385331590488154,1.00109221687947,-0.0466993683771703,-0.00218990634977064
"878",0.171105024527094,1.02761852023217,0.191521834025535,0.138993561777697
"879",-0.223634076941817,1.01116573891358,-0.0785914569736008,-0.127591278868971
"880",0.229709149699247,1.0396186025617,0.222521530012905,0.176892643920157
"881",-0.165034082940864,1.02381666944142,-0.10130083719503,-0.194778625648974
"882",-0.265691978881266,1.06371275852446,-0.284113507535682,-0.225309448278336
"883",-0.109009905550118,1.00937146164413,-0.071923325916829,-0.116866516892869
"884",-0.0623628881882541,1.0014952981833,-0.044674403049088,-0.0315757817870308
"885",-0.0799918201155623,1.0069628857306,-0.113474226462309,-0.0331338673819448
"886",0.384139120666466,1.07533521162423,0.329452267029932,0.21864816740091
"887",-0.102771629098181,1.00198624999723,-0.0205849542795612,-0.0596045706370707
"888",0.141051600554223,1.00600655525132,0.0917659090548442,0.060234600886502
"889",-0.230379370340801,1.02553875069047,-0.192532123682089,-0.121083072798117
"890",0.0880890960388901,1.01854785738533,0.00864430513288105,0.193300320157571
"891",-0.162672067591253,1.01658032794973,-0.181508563738723,0.0221405615078144
"892",-0.0282061239103456,1.00090946130708,0.0403413525682974,-0.0138681291814689
"893",0.0348042439082112,1.01788287546022,0.114709991368472,0.151417192007398
"894",0.06647785027529,1.00497537315508,0.0279054096410971,-0.0958998892645465
"895",-0.105220292629344,1.01515512736045,-0.0998312304517235,-0.143435204997603
"896",-0.0997701172800763,1.02441561179858,-0.186955530948265,-0.120311990859267
"897",-0.0779728572960884,1.00213101990961,-0.0530313388410037,-0.0381347369966373
"898",-0.0298861702579078,1.00503193391789,0.0448715674126862,0.0898650690350058
"899",0.150718838902572,1.01284219376745,0.112146470672056,0.115206243717359
"900",0.358998815254859,1.08187269505941,0.226789974960146,0.344985268631403
"901",-0.204264019888854,1.01168720268364,-0.1512630857864,-0.0251092602883541
"902",-0.0482629032266058,1.02727852932862,-0.234232547654071,0.0208875666138637
"903",0.119391822285491,1.02043320546588,0.036786108386856,0.199826697533423
"904",0.437878319649935,1.14996742805235,0.305484627621648,0.478648334237368
"905",0.34237836210359,1.04759880906578,0.269885145113058,0.156924418760579
"906",-0.164766275221676,1.02531510167748,-0.169715600826591,-0.149892203146058
"907",0.00259075317083337,1.00318418257245,-0.0770033240397605,0.0211894372361997
"908",0.236421756884744,1.01694237789275,0.160311518972819,0.09204355946391
"909",0.229107487048997,1.0324567228125,0.232113979089332,0.109954468722483
"910",0.0779127090891101,1.00141148399471,0.0526328864763036,0.00739861728079993
"911",0.2236124157182,1.04660594644629,0.279121523410373,0.132193730206085
"912",0.454613788319066,1.07755840172757,0.299828152344992,0.266899209805988
"913",-0.108831979777804,1.00848893171216,-0.127913785294975,-0.026229542837001
"914",-0.376005797913692,1.06565110777398,-0.0743197843337543,-0.360678323657654
"915",0.35362677711489,1.03897755968463,0.185262093051203,0.212490767814761
"916",0.224888848208238,1.07151900217041,0.272236790193552,0.272103109275498
"917",-0.406026633120865,1.08079788166011,-0.318930360273575,-0.257696500357978
"918",0.421035166180429,1.09751648111605,0.369346501075858,0.261008790013632
"919",0.115091327106432,1.00619714518261,0.0991706458128935,0.0509693827967947
"920",-0.0450306919177469,1.00292175759293,-0.0728867822299225,-0.0232286209116707
"921",-0.282482542506468,1.03906986920227,-0.259582823961607,-0.110828473724665
"922",0.0948345668195931,1.00230185152888,0.0588481201410703,-0.0338511496714717
"923",0.0657794443878438,1.00618715116205,0.110466856008479,0.014479533390172
"924",0.154959782230615,1.01377574243352,-0.0135425727908682,0.166005586257929
"925",-0.0389946638447075,1.00972085636743,-0.0571617118774878,-0.127548996384187
"926",0.0968151269226424,1.00160215539746,0.0479767773221288,0.0300849885260739
"927",-0.130237960136816,1.02008111662502,-0.178854288902941,-0.0926100849581923
"928",-0.20213860367048,1.01364685314549,-0.0753153481321015,-0.147673766212905
"929",0.0375765077467578,1.00911040720562,-0.0893786565874924,0.101564116090781
"930",0.304901866850852,1.04402883548257,0.231535077854999,0.190755647470201
"931",0.0659657230304245,1.00233611186373,0.0665199390008872,0.015899020769256
"932",0.579170663259728,1.11632003311317,0.246210410088162,0.430756137848332
"933",-0.173353899400023,1.01449783934364,-0.161682108446167,-0.0553602911960545
"934",0.145152319827721,1.03137699263783,0.188556212435015,0.167884054319678
"935",-0.0931100718856791,1.00473737780619,-0.085272513370464,-0.0471783512253959
"936",-0.133103002936575,1.00934862997112,-0.0166783663025229,-0.136038556747931
"937",-0.0978581515211934,1.01089253080775,-0.145004952687545,-0.0296187869263263
"938",0.509091061071737,1.15534528981385,0.406970803097322,0.411336242168587
"939",0.0723094251514549,1.00100809768062,0.0298836792846282,0.0335287538477892
"940",0.565383623629625,1.11614827422561,0.36702682311051,0.333284084789858
"941",-0.0458956748115734,1.00575557483036,-0.107350024709563,-0.00449983301915795
"942",0.108180857940121,1.01628300350244,-0.00833496938915712,0.181001854944132
"943",0.332717352586659,1.04826950196931,0.2696048009047,0.161809147108948
"944",7.50611669223e-05,1.00465673228004,-0.00695270847608687,-0.0963680940999402
"945",0.510989431901238,1.1501171714042,0.387781128640972,0.415205135118443
"946",0.268201906923839,1.05484807276457,0.250160741241229,0.223884032831206
"947",-0.480221279448515,1.11031070920451,-0.398497765618078,-0.272009929545986
"948",-0.0243795682700844,1.00389620984538,-0.0550209179847012,-0.0691397044109283
"949",0.328716760297586,1.11808168608791,0.377909549264661,0.327553093924881
"950",0.112769107013002,1.00005212165204,-0.00958097139549812,0.00352859857063659
"951",-0.291179986977341,1.01667545719402,-0.0830923566918166,-0.163476743055616
"952",-0.013090182053707,1.00163837938481,-0.0100387997724951,-0.056379655512958
"953",-0.15873342743247,1.0093691421644,-0.128862248887794,-0.0471230937574429
"954",-0.138672253586982,1.02622418196542,-0.132868457488245,-0.188366782250177
"955",0.170124750087241,1.01757803270573,0.129870902997102,0.136376688623743
"956",-0.526090836188239,1.17387612260014,-0.465160107667306,-0.402008986772276
"957",-0.238683552988936,1.0185974489729,-0.190479504396923,-0.0354728270482816
"958",-0.331657280892318,1.08597517298142,-0.258069700513154,-0.335770912988425
"959",0.245129662081862,1.01850061141705,0.170201825428833,0.0915141195532066
"960",-0.101805682146853,1.00197435075887,0.0561358404680737,-0.0283084261942902
"961",0.0729924575886484,1.00543609704615,0.0545627282828475,0.0890205253058137
"962",0.103343317163928,1.03092543383486,0.249542569131754,-0.0231464104929643
"963",-0.148219171875886,1.00398672031457,-0.0877004602286895,0.0172616292299926
"964",-0.157457384737397,1.02022761162695,-0.194767030850523,-0.0541311668052336
"965",-0.330298519675987,1.03846466791108,-0.229303879620591,-0.160712778865319
"966",-0.00464139510752198,1.00270086346094,0.0518271881510213,-0.052182029029944
"967",-0.122347590719111,1.02666892126351,-0.195533636548457,-0.125760370810992
"968",-0.181145614023896,1.03923845107052,-0.201462266794217,-0.198568661277616
"969",-0.141906791687249,1.00045124609408,-0.0231335993845321,0.019171134309692
"970",-0.319963902343863,1.02961046852866,-0.196245640741028,-0.146919588190101
"971",-0.085338806146957,1.00395942682597,-0.0813459868756408,-0.0362954698543854
"972",0.444074873667886,1.15587203686505,0.419471723213172,0.400104535129413
"973",-0.413697079837287,1.10142566952457,-0.326514459419619,-0.326384456243804
"974",-0.0498101421833394,1.00852625451342,-0.106188926622471,0.076479526055195
"975",-0.153972879985428,1.01567318899592,-0.172549086616197,-0.0426478551988198
"976",0.113136290958956,1.01014219996271,0.131550096364101,0.0555142890803132
"977",-0.0350097843564718,1.00071375840651,0.00751676558140445,-0.0370340991422441
"978",-0.227809731031563,1.05141178598896,-0.181802871605568,-0.269099348926142
"979",-0.0498251347078026,1.00344707615277,-0.0829602753056988,0.0048607983641932
"980",-0.262117112312352,1.0280311287245,-0.146014100640933,-0.188488418850041
"981",-0.425170680249403,1.08618205409708,-0.308150814828708,-0.291263677726806
"982",-0.137140648917254,1.0184988356401,-0.171920013976431,-0.0882235059072873
"983",0.347769949992837,1.00273661258851,0.0545737835327029,0.0500241579279385
"984",0.280140620227982,1.05548346342768,0.273122234308221,0.198619200219378
"985",0.318017579414885,1.06082479573454,0.291650926576865,0.200721160499033
"986",0.0280095800845215,1.01144558314038,-0.103081684601767,-0.111338825006606
"987",0.291601168353523,1.04940105264576,0.162059733967229,0.273823322455382
"988",-0.148453208714961,1.01199325888955,-0.151648511163,0.0336613294438648
"989",0.241054461984336,1.05477676745914,0.308871812147967,0.130966533251758
"990",0.107177808019507,1.01385648862052,0.148346161845601,0.0768010142095213
"991",0.00151666189941761,1.00666230061981,-0.0668663925611117,-0.0943285377551537
"992",-0.447766490782159,1.06893973770321,-0.345481982857812,-0.152559373234279
"993",0.289279918360884,1.06485249336692,0.29456171587851,0.217127216553926
"994",-0.371388440706127,1.07036959318545,-0.312126814556754,-0.219699607761687
"995",0.389370263293465,1.12241631554685,0.362477874274034,0.358368771055092
"996",-0.196163141068301,1.03997501549378,-0.265801945253237,-0.104390415033576
"997",0.000716141077134214,1.00376954825791,-0.01489028643876,0.0856246773988893
"998",0.214943384570179,1.02348718926131,0.124630734482203,0.178866449074261
"999",0.117074933847986,1.01898779539586,0.0873911491634526,0.175211056196839
"1000",-0.195299419658013,1.01421160837083,-0.0809707836936887,-0.148556113109394
