"","t","","",""
"1",-0.209848445272356,1.03862871465666,0.0794932129065724,0.269129032271023
"2",0.00481915291747953,1.02098278020216,0.0433964136258757,0.201302232361575
"3",0.048305629012573,1.02611809441288,0.113863053789417,0.199883837924108
"4",0.0177947193394987,1.02544070459098,-0.0244822606104462,0.225675115038077
"5",-0.100208094049435,1.02189516531677,-0.0139571239503915,-0.209940295295624
"6",0.0769955238829481,1.00088972558765,-0.030355865048446,-0.0293046795595039
"7",0.204142932189737,1.01522419762869,0.130740201078945,0.116564022205196
"8",-0.101914011087985,1.04209664041664,-0.206465194104713,0.208176683590996
"9",0.0601029710025945,1.00244118625427,0.0666620927869389,0.0210831042340121
"10",-0.137032111036436,1.06136301962288,0.0569026090045254,-0.351074853146
"11",-0.0397253220515906,1.00410588824335,-0.0872964987423436,0.024656766055219
"12",0.108196133957954,1.03333320377314,0.0837791641503487,-0.246492518495659
"13",0.03065567528197,1.06959461874782,-0.22482630565283,0.305754445169308
"14",0.0603671871776942,1.00248486167664,0.0352288870792271,0.0611132015687418
"15",0.0389068734872731,1.02688528132763,0.232431183832638,-0.021659311842536
"16",-0.0683143185682487,1.03473910194625,0.206141599470438,0.167900714901101
"17",-0.181231317174442,1.02349416529506,-0.153492558953072,-0.154855870857632
"18",0.0819759841675093,1.00842184037481,0.0719759823459538,0.108323894456668
"19",-0.28809927013068,1.06863810532431,-0.317724132772489,-0.202580294217123
"20",-0.0898872455697283,1.02530449576153,-0.120910313222591,0.1913896684391
"21",0.0898651600238653,1.01734061616276,0.0724786008168926,-0.172420363408858
"22",-0.353224541097905,1.06592587620904,0.0580271668750446,-0.36445962941932
"23",0.0898067367962485,1.00075722547242,0.0373131465463001,-0.011079414698557
"24",0.47915923231831,1.20814355033278,0.452774847691651,0.504584755525269
"25",-0.297738987379089,1.05627172334739,-0.329172084446185,-0.0857653331166978
"26",-0.00707659328646141,1.01255503357419,-0.104500842839176,0.119780089590618
"27",0.211426455565857,1.04486995047177,0.190787943821986,0.235272552353777
"28",-0.307630465203778,1.0041251327406,-0.0764610006285909,-0.0492036338516153
"29",0.0685418871883426,1.03830968085598,0.0863475888775452,0.265765097885856
"30",-0.16714464436417,1.01734690037724,-0.175076252423406,-0.0659016050225272
"31",0.168673629787485,1.00279741328773,-0.0523297447511448,-0.0535186874918246
"32",-0.531489046152692,1.19591858413232,-0.461635678095195,-0.465954676532654
"33",-0.107987508400715,1.0013818627798,0.0415216320349069,-0.0322736607389607
"34",-0.102045705842814,1.00918164146037,0.130749413352244,-0.0367719508414418
"35",-0.185172687971105,1.00195356997891,-0.0173692792140286,-0.0600771548350085
"36",-0.0494574135815545,1.05931810171593,-0.258440249583732,-0.235294449611822
"37",0.109031970768932,1.01020169113875,-0.109041284221121,0.0928302489224722
"38",-0.329315277095415,1.05216494846309,0.0190770394585399,-0.326629982303882
"39",-0.593421066552948,1.16289595417038,-0.394361898381883,-0.443627877088991
"40",-0.496290338624424,1.15342619348203,-0.406720075528126,-0.406165931575795
"41",-0.126107454805152,1.023345791695,-0.0143473290470372,-0.216865773069611
"42",0.0598617821558258,1.00443618761738,-0.0401407674773667,0.0853274503408505
"43",-0.237669708370067,1.02239362456423,-0.115734300105553,-0.178589740267094
"44",-0.580004576694809,1.30057560706958,-0.725953962541966,-0.405570898825362
"45",-0.275148830045143,1.05427151210592,-0.278529649822137,-0.184145745017539
"46",-0.0871071593819696,1.00089718514753,0.00645399155227123,-0.0418750669168214
"47",-0.324350642845532,1.004218840424,0.0546935791045266,-0.0739194958536676
"48",0.0594445535300416,1.07048251152494,0.37764447315429,0.0575973903641563
"49",0.240381070640593,1.02776882724356,0.0780903508652492,0.224077351277078
"50",-0.125461769847414,1.07078572016728,0.0785398571908717,-0.374717959733169
"51",-0.025294399061827,1.01007590831123,-0.141811078116461,-0.011956532699664
"52",-0.391627102515022,1.01441323468997,-0.106986936415442,-0.13261978038966
"53",-0.0719424758249023,1.05825563940248,0.129950583272439,-0.320963929802562
"54",-0.070445237873031,1.01293420293713,-0.0320443430759401,-0.158141896904986
"55",0.0177102243184442,1.01045714533303,-0.0193828318926511,-0.143693939964077
"56",-0.405506115887707,1.02820680696755,-0.0692631444604785,-0.2289363551598
"57",-0.263037361103124,1.02950474547522,-0.154105768251527,-0.190082700810973
"58",-0.255666953179123,1.07061605889046,-0.374472587448553,0.0773888028316795
"59",-0.166336155317168,1.07449395604926,-0.39009317048668,0.0486269465011906
"60",0.163788726503516,1.02953773592406,0.182666047283054,0.163037004577577
"61",0.139363121866806,1.00225551067827,0.0571451987688648,-0.0353629034811827
"62",-0.104827204897956,1.00622951412721,-0.0465242027390273,-0.101653006154167
"63",0.0713856474914562,1.04681152063403,0.171311193079636,-0.25781162669235
"64",0.0495212567600787,1.03534810970981,0.177336586493763,0.201239765877451
"65",0.67024716534543,1.17970100528242,0.495422261239277,0.382428091192217
"66",-0.139755268241511,1.06236745486872,-0.14477916429442,-0.328121323218194
"67",0.235624978418739,1.01103272103249,0.0882133240926321,-0.120023216299543
"68",0.214162740282186,1.00324471252976,0.0802079980209169,0.00816273682039098
"69",0.0967123867434599,1.00319762909364,0.060513990934572,-0.0523788117492297
"70",0.365756331017008,1.15029421660701,0.481413739439979,0.30235342934708
"71",0.0831767355888118,1.01585737096745,0.111749504528023,0.139564488272059
"72",-0.101187594723452,1.01256166941671,-0.0835880039726396,-0.13525597940135
"73",-0.178342751754986,1.04839786691383,-0.262512532893702,-0.173854126851255
"74",0.309308419299547,1.01989236548366,0.0448931412618844,0.19535875470397
"75",0.201525451512183,1.0011118968474,0.0260406791705225,0.0393308153708117
"76",0.0899839151957143,1.00158045817798,0.0161609650100383,0.0538724179331264
"77",-0.110248013693733,1.0389825501424,-0.0232259886956197,0.280972050121571
"78",-0.0149771920439075,1.00193838936306,0.0465222089819678,-0.0414272875153844
"79",-0.085039333080872,1.05276247029174,-0.165048988015202,-0.284723814265543
"80",0.376200243733165,1.02609632636501,0.210483544351486,0.0925761769409391
"81",0.0790015656898257,1.06159027115143,0.177930124498079,0.308730909692355
"82",-0.20010721982357,1.02109109142041,0.170405786506419,-0.116571372571741
"83",0.0980239349450436,1.00036377297627,-0.0196927340546105,0.0184356857419671
"84",0.218518264884462,1.00974533742366,0.117851640438167,0.0754760710082713
"85",-0.0604322136515919,1.00165257877591,-0.0147205211762592,0.055598514590988
"86",-0.185632837811891,1.00357676939765,-0.069427226121472,-0.048437509718315
"87",-0.277766781951038,1.01532429564313,-0.111189577138941,-0.136089320884756
"88",0.127615860855108,1.01116407641394,-0.144858731903118,0.0383241075757819
"89",0.061562181226754,1.00422688558773,0.0744926070541535,0.054060052085614
"90",-0.397166436310007,1.0973453772964,-0.298383804220698,-0.33931398800016
"91",-0.0246429430225589,1.05534092879376,0.251719748069545,-0.22445855835561
"92",0.127058821299179,1.07655037729706,0.296313636088308,0.266756338118829
"93",-0.339689701491949,1.12090184950239,-0.410757549537638,-0.296140493205012
"94",-0.174854538256436,1.01288043806882,-0.120389234173839,-0.106926208749443
"95",-0.0449754911461624,1.03136115775297,-0.242626190770482,-0.0695583875155021
"96",0.448454805371833,1.09901670707519,0.379615323007226,0.252447873765066
"97",0.101557898032299,1.01195235277928,0.0219917497204079,0.153505463224482
"98",-0.241242248157485,1.04715854129371,-0.131983913220597,-0.281285010719291
"99",-0.137325252710021,1.05763146341306,-0.287898492935007,-0.188941181765676
"100",-0.683874816546084,1.21469475065698,-0.32952546535149,-0.605719658718881
"101",0.263177511068321,1.13244955762357,0.449891952105453,0.282912056993962
"102",-0.0426322120920365,1.00424774364253,0.0728489614777752,-0.0566264904680381
"103",0.800717539927411,1.36057640466266,0.696406339758612,0.605133343048287
"104",0.325022572062816,1.07054957001682,0.0335231490436541,0.380726385139503
"105",-0.00835786120901555,1.00851579898285,-0.00150357028493036,-0.130774064991571
"106",0.283620071919754,1.0569322245459,0.261735888956163,0.220454194144421
"107",-0.0124115750694387,1.03437881488389,0.207145784312556,-0.164408505625894
"108",0.11297324913854,1.00212055895978,0.0228188063878795,-0.0610320961863795
"109",-0.110235693496245,1.02678225546549,-0.231614806020071,0.0252266083943897
"110",0.102076463531075,1.00332079441239,-0.0814710319294235,0.00388425754438943
"111",0.310588562087707,1.03347858885295,0.254400079405654,-0.057953371048477
"112",-0.276733688022741,1.08764365927047,-0.331518694726912,-0.270303689574937
"113",0.32099162186728,1.08351785828015,0.25057725757911,0.333499605990981
"114",0.0789276393042745,1.08658184866225,0.0890503679221802,0.415608163797573
"115",0.181282410136141,1.00095240125696,-0.0326360384776014,0.0289930780457019
"116",-0.154553471484706,1.02810091871819,-0.225402681378384,-0.0786455993468458
"117",-0.0651314550805402,1.00092520609105,0.0351063710294941,-0.0248759100646636
"118",-0.102142086964744,1.00511707315707,0.0142020703187078,-0.10029273129447
"119",-0.455665000223033,1.02544110734304,-0.145288152276444,-0.174415645619955
"120",0.176275098390999,1.01579132397593,0.176856710389719,0.0235312102302454
"121",-0.236345252086506,1.00265584863771,-0.0530515064257431,0.0500428663583587
"122",-0.267401867791454,1.02917006760809,0.0356037763546814,-0.240672805214324
"123",-0.171876904627578,1.00151769106208,0.00437919984860449,0.0549409512022592
"124",0.302269560754319,1.16497102919192,0.505868394962992,0.318205383100367
"125",-0.0827338602585868,1.05704930011445,0.176764365843948,0.293440934159214
"126",0.0124647004763954,1.02202924540771,-0.0711752332524343,0.198690373798297
"127",-0.12066031319343,1.0004631155443,0.000563573705566095,-0.0304323503739576
"128",-0.57868126644212,1.2011052231424,-0.565086286948723,-0.351185485694453
"129",-0.0105530760468911,1.02437139082529,0.140072346095432,0.17238469827878
"130",0.14092502888351,1.00080589378219,-0.0227391274930357,0.0330963609784563
"131",0.51875842044439,1.04443187408285,0.243626628930471,0.177437327741911
"132",0.32487534421745,1.05159418630562,0.200319496785098,0.256363866173741
"133",-0.412234692480054,1.02526129912596,-0.225968309876962,0.00995260854257887
"134",-0.0168092876046533,1.0227623972283,0.163807054056756,0.138600758386928
"135",-0.24665828337181,1.06069774810947,-0.337482884754303,-0.105759232894375
"136",0.340071550095942,1.04044740151999,0.174305263400259,0.228360396042437
"137",-0.0101467050118133,1.00468203727073,-0.023016865545278,-0.0941074912795503
"138",-0.0582638457203416,1.00287991609585,0.0759357422594145,-0.00137446568570962
"139",-0.346770370785349,1.17709332216558,-0.545863777657252,-0.295941591075936
"140",0.0791969535268239,1.03882526338357,0.102592301162755,0.261978525047502
"141",-0.427449781617133,1.08661331161134,-0.273941704491113,-0.325091420236625
"142",-0.446786915968569,1.11890318334828,-0.144269997228938,-0.480760336973088
"143",-0.325290005549685,1.06405360379404,-0.351376332269168,-0.0935133405891821
"144",0.258655431736007,1.03024943255374,0.232821286748137,0.084900775698776
"145",0.0677370559809492,1.03135529321291,-0.205292970823264,0.146794199370594
"146",-0.14587150156743,1.03283102621236,-0.251896492229312,0.0573418338513914
"147",-0.457914921606557,1.06786128283601,-0.210512087307829,-0.309858645962106
"148",-0.247686725989706,1.04664164929207,-0.190293781407344,-0.24340710505349
"149",0.207553469751068,1.0737488762212,0.151919962030155,0.360356732035155
"150",0.365599394291878,1.01141045671223,0.110186784917793,0.1039710747099
"151",-0.077157050434006,1.00481615880326,-0.096514618108711,0.0184510564323976
"152",-0.525538273287117,1.10685264109897,-0.430809995964482,-0.198810252464131
"153",0.173096630961315,1.0562613619364,0.189578199950491,0.282397186287806
"154",0.666979142886005,1.2551333965211,0.632223995182221,0.419109368755258
"155",0.168564457492355,1.0459913081836,0.306505873237014,-0.0123274679821248
"156",-0.365427983987169,1.04965943589217,0.0133657763533077,-0.318757411490225
"157",0.00614616155135002,1.05485846880607,0.0364631636277992,0.333761631872424
"158",-0.0731603383443828,1.02859305871081,-0.20913278908563,-0.119445204831833
"159",-0.044665612690927,1.02449350760974,0.00486935502704208,0.222628022755742
"160",0.10575294017641,1.01266080894785,0.0745159763841838,0.141171113342711
"161",0.194174050528238,1.01877556723652,0.0428351536354848,0.18991789281455
"162",-0.0565977078589931,1.02596104551153,0.0398880998807076,-0.225842879885592
"163",-0.19866009973442,1.00696851390986,-0.107454534692319,-0.0493873564780005
"164",0.219427782124171,1.04910977117551,0.235388500918517,0.212658330688589
"165",0.366488869238463,1.03486676868027,0.0832755110891118,0.2530107076224
"166",0.0998094577289347,1.01053467160683,-0.129060530595532,-0.0672584713022909
"167",0.207945866061365,1.06362721046208,0.332949716660811,-0.142994157261152
"168",0.355602798585869,1.04159541157244,0.28013796278091,-0.0802728049698498
"169",0.0818287772581046,1.01333913378216,0.133522853093401,0.0950149870082015
"170",0.0259768806433025,1.00320562050778,0.010016986779771,0.0795058299387863
"171",-0.179024464892559,1.09135405137765,-0.419265870308355,-0.123571013805767
"172",-0.259455834881469,1.00094034131133,0.0312180954370872,0.0301163972235999
"173",0.114473412226532,1.00465275511387,0.0787298961627804,0.0559353359521312
"174",-0.0873918073067473,1.00220995954223,-0.0136707246354961,-0.0650992649234722
"175",-0.00588718542133904,1.00307212159177,0.00921722927452017,-0.0779020140889516
"176",-0.085495182051118,1.00460509077925,0.0605900233405239,0.0745670000146262
"177",0.0924159154542593,1.0396780550748,0.247132062226058,0.140912036476732
"178",0.257097085883393,1.02654451615409,0.208548953498934,0.101493732025879
"179",0.0280534164491823,1.01368077139805,-0.123825968380601,-0.110525272479865
"180",-0.138678208076984,1.00173589142232,0.0572133526156022,-0.0141925489660094
"181",-0.133821276673964,1.02544908017913,-0.210393158877112,-0.0853260495859051
"182",-0.175043137656259,1.04008409377047,-0.0560248342837946,-0.280421361628898
"183",-0.477210942077418,1.09593033842192,-0.340816937853313,-0.291388265971488
"184",0.457027439593973,1.08663503678192,0.304271445940441,0.296975740334733
"185",0.097696592462831,1.0519477814553,0.315948699109495,0.0822833788790332
"186",0.0228033324925379,1.01412421171193,0.165386468610631,0.0330943013349764
"187",0.109940704469143,1.00633708755605,-0.0175244223772591,0.111387739052078
"188",-0.128190634441628,1.06519803020476,-0.318174393119675,-0.182789220456337
"189",-0.309290015293142,1.07546943944214,-0.281205654222409,-0.278492181591042
"190",-0.205557413110984,1.03652476283679,-0.268318253906841,-0.048876360280185
"191",0.0777634473527048,1.00264395776414,0.0136661570303843,0.0714712683037701
"192",-0.0183773649450632,1.00124236214087,-0.0114138557216003,0.048538558311822
"193",0.309840413055705,1.05011472905043,0.130917397455607,0.292577475572043
"194",-0.458551929084592,1.11008103050172,-0.271368417434475,-0.398295212498053
"195",0.546578372854803,1.13633440367256,0.411597798510387,0.3490603518466
"196",0.337419814871201,1.0575209638031,0.133181817465987,0.317195826548045
"197",-0.0219849652312742,1.0478688063607,-0.312532179941802,-0.018779559223599
"198",0.122659941838291,1.02748204688976,-0.0346308068884586,0.233495318786089
"199",-0.518015513910037,1.14077774425477,-0.431515012090575,-0.339365077943306
"200",0.201391697761942,1.01687694371262,-0.0213259663128749,0.183259165705689
"201",0.188274502605272,1.02471862539121,0.0707232992303883,0.212241551468191
"202",0.353027434783633,1.1441306069277,0.529126644241194,0.170469469591467
"203",0.183083434243014,1.00386581448772,0.0186674215254613,0.0860122134971317
"204",-0.292324964943782,1.0043322199824,-0.0899549564694613,-0.0243169467934697
"205",0.0529247230266113,1.02176528322625,-0.122265994493301,-0.170456213136914
"206",0.0939139016590299,1.03581769463424,0.26478527925203,0.0529816233124583
"207",0.286798198235141,1.11878922867425,0.276110405250767,0.418870364563759
"208",0.295692483602667,1.01529330632462,-0.153334626226097,0.0854926328269771
"209",0.257370373960212,1.03902127923073,0.274012418334814,0.0669508274226227
"210",-0.0907335375148183,1.00669572651901,0.100807945782962,-0.0572192612557451
"211",-0.421224619790558,1.10582613792879,-0.218832514432354,-0.418286717400533
"212",0.139263037185093,1.02483008858822,-0.046590722084188,0.21933083479394
"213",0.200024054948531,1.06315523632224,0.350640036607467,-0.0857357641087513
"214",-0.289692913597564,1.03897367421393,-0.0983880634536076,-0.264170559827238
"215",-0.0597136213180268,1.00772043210635,0.0966887101663088,-0.0784331728988606
"216",-0.0216987960627114,1.00266184867528,0.0521858715330012,0.0510628788971818
"217",-0.0607171355688562,1.01482399593419,0.0592403591577098,0.162352464011812
"218",-0.369571996745923,1.21355544356104,-0.44259951779737,-0.526139222489795
"219",0.136340393852228,1.01279758301666,-0.0799661456962396,0.139155882760553
"220",0.171867065491473,1.04994480957416,0.0466053283487835,0.316562863458771
"221",-0.431379429237232,1.09959143632843,-0.0144706686985882,-0.457046963226149
"222",-0.179322154670241,1.01625853776399,-0.11721897966529,-0.137989587956624
"223",0.163951088904294,1.03604436665835,-0.062618263945324,0.263565708514939
"224",-0.085444111697847,1.01626314071699,-0.112339891010113,0.142022956129654
"225",0.0857389855389141,1.00408891933252,-0.0858656626777615,-0.0286643663676323
"226",-0.170992623690636,1.02666902906316,-0.207768559515826,0.104314528778117
"227",0.0563444742252683,1.07573450369563,-0.125878651354612,0.375977775373
"228",-0.179536041644129,1.09907543941112,-0.409342840253387,-0.201010598352497
"229",-0.205560108907019,1.06696934970368,-0.31317132935793,-0.200866402554718
"230",-0.111724862440534,1.04618213637883,-0.0996985099314048,-0.29078732708911
"231",0.136011703707667,1.02425543830559,0.00885343281168506,0.22140645795917
"232",0.140874614701275,1.00867004082275,0.10672141161411,0.0776259721771666
"233",-0.149289057621531,1.06659217795136,-0.16961131291058,-0.329925562210299
"234",0.0798983109405084,1.00582969981607,0.0823436246245317,-0.0700921715726835
"235",-0.270201485630534,1.14185473059299,-0.395775826663858,-0.38365833863756
"236",0.0950501688616645,1.02358104408565,-0.0622793772847125,-0.209378683195059
"237",-0.51067565667599,1.21983696017847,-0.564177966183446,-0.411953191382899
"238",-0.25202715147735,1.10165668274452,-0.181911181339044,-0.42491854365218
"239",-0.0913597550778678,1.02686991305253,0.16589259089734,-0.164138559204973
"240",0.144703438924901,1.05521650511414,0.130676534237007,0.310492376822861
"241",-0.185569914424382,1.01777477687474,-0.183722099937167,0.0459530895273445
"242",-0.189069836407973,1.01224263411483,-0.110233578882244,-0.111730516899134
"243",-0.327050912711826,1.01151599030313,-0.0888462145216142,-0.123575680471933
"244",0.289955255157858,1.08619029406578,0.12511127327646,0.405162343045167
"245",0.0386360750582026,1.00394998333,-0.0852292437067316,-0.0255253804182364
"246",-0.162377342349738,1.02650285739973,-0.0822354160374196,-0.216668993164585
"247",0.198252255582996,1.0801648066404,0.216347602015118,0.346337587632071
"248",0.122066681440181,1.00397208228446,0.0871962607896218,-0.0188879355913472
"249",0.00303272932177879,1.01203866739973,0.0424040427528173,-0.149746991523806
"250",-0.0521279846047774,1.02082851800543,0.165910724971665,-0.120683447549931
"251",0.176708951561815,1.00811244091553,0.125450239418637,-0.0235144840147117
"252",0.392448953865973,1.05793997806394,0.318084294190782,0.134385188823329
"253",-0.296154266672684,1.15207901707053,-0.277925459553168,-0.500043498614228
"254",-0.384117689170598,1.06087270478609,-0.352438364475007,0.0351865742340399
"255",0.127141340452193,1.02151684711837,0.202116375234569,-0.0514357833486865
"256",0.221948305326756,1.01786353387622,0.189854141879556,-0.00125634635365603
"257",-0.171516946175009,1.00716431519534,-0.119046857280202,0.0144153936678539
"258",0.179150038305962,1.01756393710251,-0.0887280250192904,-0.166023202196983
"259",0.25758061068549,1.06890192883643,0.0718901305584788,0.370652320373852
"260",0.00813120063582803,1.01195710587326,0.1512551933121,0.0343373065847932
"261",0.14321130298461,1.02682507101855,0.204152158771391,0.112657101601457
"262",0.419118507066092,1.04407476423978,0.163419177299961,0.251766331770071
"263",0.371675065803549,1.07171030975114,0.28089004519325,0.263938952294329
"264",-0.196683476567863,1.00950441786886,0.0055065166357291,-0.138089999533984
"265",0.149869005592154,1.0037540838599,-0.0616492989391869,0.0610051211435673
"266",0.324745743348889,1.12220161597574,0.129671720024601,0.492464934715582
"267",-0.409781057444691,1.10468196067844,-0.420632436066114,-0.208304075758127
"268",-0.082847528531298,1.00294783663899,0.00413803292291031,-0.07672835005629
"269",0.123581446352703,1.0155813249359,0.174822973983341,-0.029023358285762
"270",-0.0218510537762172,1.02996861383392,0.166778724349401,0.181714618529569
"271",0.233079290824011,1.03751785546264,0.273019016077197,-0.0436339003989834
"272",-0.402828307244608,1.07470887815028,0.0316838746848024,-0.392422355199088
"273",0.354571761676687,1.1035950497418,0.424815526254244,0.193529849036107
"274",-0.468634633285528,1.16217436843161,-0.323154732792717,-0.496205886012122
"275",0.220360519419404,1.04306783675516,-0.132785440396742,0.265251840505836
"276",0.0700744414739787,1.01692734666721,0.0793493375059373,-0.166867944905461
"277",-0.0287872027775558,1.03527396493136,-0.0755250034807166,-0.257076168311904
"278",-0.0640476576202297,1.00151646121355,0.0539022085785807,-0.011391838835965
"279",0.0484536200557265,1.00808373556171,-0.121516104790238,-0.0382969212947462
"280",-0.166052310273802,1.04600786645577,-0.118401965848624,-0.283043161320893
"281",-0.205388533325536,1.0086196142313,0.00395852586220249,-0.131521314945859
"282",-0.15399196119525,1.0757384758328,-0.357003720096052,-0.172515541980016
"283",0.28063720603207,1.01545802577538,0.164005252721272,0.0652478290172995
"284",-0.143389473507803,1.00327087789112,-0.0756847080679394,-0.0287102662664594
"285",-0.341557889374273,1.06723855925337,-0.261528296746025,-0.265708660676195
"286",0.133846626377095,1.07914377673636,0.10603761232925,0.391544781143021
"287",-0.0319523672343975,1.00837432381477,0.11282046145037,0.0639556127874795
"288",-0.257855323210352,1.02041084838635,-0.189592870793276,0.0727519267711519
"289",-0.164349681483763,1.11346130959941,-0.368380455132864,-0.322632807152232
"290",-0.294659585084063,1.04284114227335,-0.124554691365773,-0.268335195002001
"291",0.0704153274205935,1.00393698812923,0.0420398567693444,-0.078244019431579
"292",0.0601276453254885,1.01302575563882,0.094219858261181,-0.131695861350443
"293",-0.0223620462835125,1.01659424812405,0.174351762177064,-0.0553654074729499
"294",0.0879790233284531,1.02144769285124,0.208145628533836,0.00554856318133553
"295",0.296056271968368,1.03526891097632,0.182291319617933,0.196345595382354
"296",0.251391507540523,1.08389562524167,0.298259954620029,0.293037072549018
"297",-0.0065408708155234,1.00254923499636,-0.0704895252764458,-0.0116702792636135
"298",0.456093254825749,1.16294983719634,0.186050491532872,0.56377082084423
"299",0.178052644896635,1.03731065007847,-0.236961033759062,-0.14093563511776
"300",0.160277778182804,1.02618712770992,0.206605790203678,0.101853171437395
"301",0.0862234851656336,1.00154445729041,-0.0554371807330438,0.00424487002248916
"302",-0.0524954808857468,1.01168731195618,0.117449659628687,-0.0985738029408773
"303",0.216338141600452,1.07848402008673,0.394258889472493,-0.0876795851629122
"304",0.287544646566043,1.04385974970244,0.266333705447256,0.136782800057496
"305",-0.11624772717567,1.02510198362629,-0.22397628489744,0.0258592466652646
"306",-0.280171926903234,1.01424464766542,-0.0816944435581151,-0.14838538745337
"307",0.0467989380186483,1.02216079811616,0.21089411529804,-0.0183403745358094
"308",-0.218344862151844,1.03125955690119,-0.127796688981145,0.217173386918128
"309",0.229301307824954,1.02501481091946,0.120510998400932,0.190085406774619
"310",0.046489077983028,1.01329704567813,0.0623210370333532,0.151284470859083
"311",-0.0952019857386703,1.01545673136224,-0.152491324112015,0.0888750208970277
"312",0.00494989621387807,1.0295279514451,0.00315659798124904,0.244781205765311
"313",-0.0940441700990188,1.03632497049982,-0.267862399366957,0.0471081679417136
"314",0.245623182849788,1.10559610271355,0.34529068991829,0.32111848559549
"315",-0.215037558584782,1.0119986526588,-0.151877772417975,0.0327782737279166
"316",-0.448025819422122,1.14388865952347,0.110160008481913,-0.54437674263111
"317",-0.0365917668749626,1.02719899077313,-0.104888941610439,0.210085879042759
"318",0.347076809065603,1.03988218895599,0.243903849090037,0.14787115779277
"319",0.220205540856681,1.09061631577049,0.27090419675679,0.340668261516024
"320",0.310598423119786,1.03284681853507,0.147413539827969,0.212230532283664
"321",-0.258639950122396,1.07454450671241,-0.391916429209547,0.0323637053108077
"322",0.0412357664503194,1.00406806488333,0.00468805945663077,0.0901703998942803
"323",0.456311482221613,1.08663098672244,0.159892740213004,0.393955851501875
"324",-0.10564141057778,1.01862399407164,-0.192149287323239,-0.0259517375068564
"325",-0.127792962407765,1.02973594825236,0.175640620692584,-0.171774548422939
"326",-0.152840852804289,1.02825807982456,-0.159618713605273,-0.178427982647054
"327",0.0332410888415571,1.00711355792468,0.0610635570186287,0.102708132881236
"328",-0.0430560916050037,1.02053780240589,0.00700152932896945,-0.203588763753048
"329",-0.35222978473235,1.14091226526338,-0.203859559420199,-0.5100216437186
"330",-0.206007096957955,1.00952778955569,-0.100259129090939,-0.0953649040219807
"331",-0.19442467807502,1.02984531666672,-0.154909905447322,-0.19127022103475
"332",0.300069490727172,1.08592455527113,0.337657578551212,0.255381086589686
"333",-0.109193368360494,1.01316640472832,-0.160279342531029,-0.0285778940429698
"334",-0.353765265498803,1.12439297096977,-0.230479804773256,-0.459498218449106
"335",0.583109252681628,1.1700149357205,0.337065710994682,0.505293633722705
"336",0.0518818500752668,1.01597535830282,0.144457070046186,-0.106480437603451
"337",0.287855192008198,1.04226721855314,0.269253336006285,0.117573789255917
"338",-0.187606594641848,1.01183849727066,-0.154149452946985,-0.00742231197764047
"339",0.524402318503478,1.08703405875385,0.116010208191034,0.410103251006797
"340",-0.158604219108487,1.05021765910818,0.314157754523112,0.0652842766342839
"341",-0.37922247166721,1.07562579507904,-0.147566612352732,-0.367688653561878
"342",-0.260383035143607,1.02695240796124,-0.193538200006434,-0.131050422951123
"343",-0.11738488943416,1.0102065959472,0.0557769111103686,0.131932947674987
"344",-0.157421002869656,1.04787349309975,-0.0655956421131497,-0.306163468227071
"345",0.296438606350827,1.08194271638549,0.365478349597959,0.192420418653418
"346",0.204504080281694,1.07283015389186,0.352804699097753,0.16276788194903
"347",0.195485261779103,1.06436993445326,0.2365991465934,0.277316067329869
"348",-0.0180808370914935,1.00539351985621,0.0723634887165549,0.0746970901014143
"349",0.217014968314128,1.02580945992243,0.208675647046468,0.0934854127449344
"350",0.161236934189872,1.00679136016961,0.0735846508009812,0.0906319043089302
"351",0.0280761403226717,1.02325868802145,0.21334304047016,0.0392821803662936
"352",-0.159902188634536,1.04983587934796,-0.304923255116727,-0.0957976098622737
"353",0.642584526259633,1.26478560283234,0.508940964804666,0.583662330012535
"354",0.0342336190927823,1.00358089043566,0.0830647211904733,0.0165787738140584
"355",-0.335372367518039,1.08020706624736,-0.326650493986424,-0.245248365436272
"356",0.352855158790235,1.0385103547336,0.249231496068348,0.128013351867835
"357",-0.134832517434352,1.00997217589382,-0.0318745607812711,-0.137941322505951
"358",-0.12157238365764,1.02769858306526,-0.0638975149271392,-0.228213683245489
"359",-0.397547874378651,1.15128466199808,-0.373038157464586,-0.431623569823834
"360",-0.226147273600429,1.0079852185431,-0.125872243832424,-0.0137977909088403
"361",-0.0489074792150359,1.00059320041812,0.00769612702939847,-0.0335785996093068
"362",0.429095794810904,1.11452510302851,0.45101225092579,0.196860749758696
"363",-0.140938715601195,1.01322660182034,-0.162667055308911,0.0129451053885869
"364",-0.224756815629791,1.04503221897788,0.151241468052433,-0.263093817949353
"365",0.0241030630032661,1.02586273266428,0.227543861823085,0.0248623654557098
"366",-0.224059789789995,1.05474270133084,-0.333256521961229,0.0377128171975664
"367",0.195194124073129,1.02539047749755,0.0424395535636994,0.222765606941392
"368",-0.231942773214726,1.02366149295322,0.00912694413721791,-0.218631084354297
"369",-0.232397368331091,1.03156678801009,-0.125924046876374,-0.219711566704466
"370",0.165597113188959,1.05092597153241,0.307922613343464,0.0981277831863877
"371",0.00661631169475245,1.02901186990919,-0.231426728040259,-0.0728498315892302
"372",0.181354441706448,1.00059596783307,0.0257220170315917,-0.0230362471688733
"373",-0.0856600641412499,1.0315034674467,-0.189669322027887,0.167406545977277
"374",-0.0865987643430907,1.03159269164215,0.135127341262033,-0.214299050611397
"375",-0.258646754459679,1.07323617118683,-0.253851939357756,-0.295626575307565
"376",-0.0757205109380191,1.00129211015491,0.0160895027046781,0.0482391724761281
"377",-0.345281806125897,1.08465761051772,-0.278819783411787,-0.314231857761458
"378",0.0228887538592746,1.01055798365963,0.0365283970206517,0.14104295285236
"379",-0.00420890639507499,1.03197709907335,-0.249048661537314,-0.0543276835353298
"380",0.347895379560211,1.22756360889925,0.295157012856512,0.647915697954119
"381",-0.124874985289818,1.0500166296979,-0.320127083355453,0.00731936776440759
"382",-0.31467241797159,1.06768978024851,-0.213408999254225,-0.307275228231027
"383",-0.289123018005824,1.03512710162543,-0.00937383159016421,-0.267208248002889
"384",-0.116974596757404,1.11771543280884,-0.268620645864123,-0.420869026366385
"385",0.645950870013292,1.2149719273449,0.437526986139837,0.53359808904791
"386",-0.318826987767801,1.08542401072441,-0.394302629061811,-0.150567990529187
"387",-0.259687242189377,1.09960396736944,-0.39884767694754,-0.22371726721056
"388",0.0385774680911529,1.01689139555256,-0.0515925358404555,0.177218285158119
"389",0.265567859607041,1.05465035093489,0.331746867193406,0.0472374727779734
"390",0.0370065973337354,1.00576994046602,-0.107531776298339,0.00317651241755684
"391",-0.213190371022499,1.09820938152159,-0.337855984280668,-0.303178461549902
"392",0.0845738363639891,1.03604785584862,-0.230626320937649,-0.142150130845157
"393",-0.0642279247968527,1.01769165981328,0.0225862383385709,-0.187579786467593
"394",-0.50281888972501,1.18122936073384,-0.484112439236765,-0.40117072280503
"395",0.602883410558717,1.16626041985096,0.366118914675955,0.475521090202575
"396",0.00707380882074691,1.0275134267026,0.0544153700305329,-0.22983213343342
"397",-0.365474606206235,1.09975113280812,-0.301135387497571,-0.344630283796186
"398",-0.0599742659276208,1.01563603247423,-0.0997687855096829,0.146842568412277
"399",-0.0488122665373591,1.00426210602295,-0.0827606365500662,0.0411467450897705
"400",-0.0314065122752533,1.0086367503961,-0.127290337745278,0.0338417518206377
"401",0.452472251825678,1.10512004986914,0.195848893927535,0.42770730104842
"402",0.445690513457935,1.06703577225737,0.170571801230118,0.330863415780597
"403",-0.386331509424785,1.07619358393242,-0.336485088227948,-0.212062291550256
"404",0.358017521659759,1.12690418862699,0.389997011689809,0.343242452528919
"405",0.0261728506903729,1.01765388773919,-0.179699792150776,0.0576837926254645
"406",0.281125447183716,1.16761750992478,0.299630467979138,0.523022209988777
"407",-0.248662118317224,1.13867382301158,-0.339575010243768,-0.425754492201481
"408",0.507285018729897,1.14274189244365,0.512919370411763,0.206815744570131
"409",0.0286385979934212,1.0007092927458,0.00905789542725017,-0.0365656002033207
"410",-0.299491754249871,1.01518669431061,-0.155442314017282,0.0802602723534801
"411",-0.0820069592261238,1.00542324592465,-0.0359428769974952,0.0978979725980527
"412",0.101963257534884,1.0066303561934,0.0482306539740396,0.10477823260238
"413",0.0246166934754768,1.00560453575761,-0.0711081471806023,-0.0786391361906587
"414",-0.256466434853383,1.00866063005491,0.0124391588717544,-0.131307021706155
"415",-0.314715692203846,1.06759608976115,-0.372834733508822,-0.02748949549737
"416",-0.100896055977951,1.01965273942531,-0.183498969991308,-0.0775876087379605
"417",-0.367449688778574,1.02061389456875,-0.196449709423049,-0.0553193768437852
"418",0.159793020024811,1.00354075025391,-0.0751039180091247,0.0381239940176782
"419",-0.224203828982972,1.06063158385413,-0.105825255828625,-0.337254165130272
"420",-0.278033941838617,1.0119196696636,-0.154386777655738,0.0120888683159544
"421",0.149744854915999,1.00047573939393,0.0137429111878081,-0.0276195131731081
"422",0.26705223684194,1.04406397275526,0.258053849865561,0.153224638276842
"423",-0.461005271982803,1.19842523057856,-0.314741188838908,-0.58065567881108
"424",0.429133054695796,1.09020767300626,0.41036264298891,0.141969262591864
"425",-0.207918148800879,1.01241174615789,-0.107710440301619,-0.115654679146616
"426",-0.182022640047559,1.00873396743856,-0.121702496960203,-0.0522754177217509
"427",-0.193288728153545,1.03351725653108,-0.254885861184921,-0.0564899753545597
"428",0.0645504299596421,1.00540950066873,0.0251450047758565,0.10107419438102
"429",-0.283941015278474,1.05034975577702,-0.22862358213407,-0.225756211770634
"430",0.113538819547346,1.00079694131906,0.000680594409912577,0.039925612641845
"431",-0.0570439995012016,1.04477493218399,0.29742104225427,-0.0556361622008839
"432",0.342700440277798,1.1806713908761,0.575004295715235,0.251704177840435
"433",0.22177739632678,1.00098192395009,-0.0389644263009612,0.0211325710186807
"434",0.115019452007872,1.0210736295495,-0.103551686268199,-0.17851724071474
"435",0.128503916779063,1.01261854376693,-0.0266514745658763,0.157117835028754
"436",0.479494917834611,1.20351613050321,0.504503321845807,0.44037197302731
"437",0.0528638186050188,1.02374754682828,0.12247465015916,0.181821340071276
"438",0.445952076973016,1.1192008744299,0.365163834902579,0.345349056758382
"439",-0.301158546731684,1.12585105192167,-0.373478089478498,-0.357847324696752
"440",0.180102554155718,1.01896803427107,-0.0588638839797971,0.186630378098168
"441",0.285088152074722,1.10578703620035,0.29946076165794,0.364812584289532
"442",-0.25541499319044,1.03651164213364,-0.0583597084332286,-0.266365404491961
"443",0.728075081123283,1.09298359850632,0.340265442824397,0.280771392815101
"444",-0.371897941330889,1.13125701280514,-0.150064576178774,-0.507171619865586
"445",-0.266260380441399,1.05370882080628,-0.242750406992104,-0.226659477962253
"446",-0.0962698960276401,1.00044687224844,-0.0164118778793945,-0.0249918878070918
"447",0.51762132023751,1.20844937152444,0.516505844821082,0.439967721319955
"448",-0.107974223254468,1.01665698335174,-0.0516058670187832,-0.175864312147478
"449",-0.433925304380999,1.04173083031799,-0.161183074806084,-0.243358047393255
"450",0.261388582520756,1.02513095772259,0.149436909560752,0.169003226425324
"451",0.381436414534043,1.07304003579886,0.212824352728103,0.325761743169883
"452",-0.127866427418932,1.03208748749491,-0.205675904785759,-0.151334080874428
"453",-0.156611779823007,1.00199858968942,0.0625100486004259,0.00967820042982927
"454",-0.418117725382715,1.18193033137446,-0.49643220292222,-0.38796182302481
"455",0.40889004188812,1.08959288781278,0.217670926483058,0.373941210534773
"456",0.0581218865169742,1.00420416750086,0.0286683165093491,0.0872017067184844
"457",0.050286473879106,1.03012533668161,0.128142944535418,0.211512635649031
"458",0.395467175085637,1.19965157052339,0.534364689962985,0.391941665021714
"459",-0.0392451657536687,1.01818153981405,-0.188060286431943,-0.0364276911873864
"460",0.158867873701703,1.04117142124609,0.255199884018128,0.137517081181742
"461",-0.136732052271975,1.00064751470848,0.0150604841664729,0.032689914483334
"462",0.323887499183374,1.06703190539272,0.315532605673988,0.197474712007886
"463",0.350585993885355,1.09337456727556,0.384400092988016,0.218413627953536
"464",-0.332003836349676,1.02294157925234,-0.109304114222875,-0.185639664881246
"465",0.364927117168765,1.09099649084082,0.0758554755401219,0.429557085679607
"466",-0.00185541049474094,1.00002311006229,0.00641210161157934,0.00225956003998695
"467",-0.206932800597087,1.01117742363479,-0.149932220935388,0.000333457759276708
"468",0.428007604804707,1.10471190257197,0.000610354621209046,0.4694550193058
"469",-0.0446963392623775,1.00153560049461,0.0547181296314511,-0.0089154555537636
"470",0.413574502290171,1.14166603542255,0.360289404818563,0.416644790214559
"471",0.229116665917893,1.05738823900637,-0.294705968972335,0.176686954360152
"472",0.157388204842485,1.01499771261748,0.0922252679342073,0.147359616493758
"473",-0.34269847471588,1.05707047845506,-0.267125730112694,-0.214573625436502
"474",0.279017494232291,1.05843744585119,0.224532475306274,0.26433878700039
"475",0.0303538455510014,1.00228368522025,0.0418200321392022,0.0531382213717651
"476",0.131464501659489,1.0173292118267,0.0942180347527148,0.161498257462019
"477",0.817877653641148,1.53320049156115,0.920270601716678,0.709792763374909
"478",-0.0432771749822359,1.01182204859411,0.09017358351484,-0.12511028277996
"479",-0.147475045436938,1.01995546814836,-0.0520453731227762,-0.193908318909362
"480",0.273359519972677,1.02492530523199,0.193867174278123,0.113522685144035
"481",0.171478976148591,1.02667515988683,0.215216154062009,0.0879993804489533
"482",0.344478053158555,1.03895457638127,0.192753231892639,0.205603510131799
"483",0.096240650729475,1.00027129127172,-0.0232949382230481,-4.4671999666048e-05
"484",0.177507649353278,1.01896409899737,-0.0984963274180235,0.169074860729443
"485",0.0624040849358703,1.00078694857789,-0.0392441552809954,-0.00586623560064503
"486",0.34554490249738,1.1410668704003,0.392077248569153,0.385109119444823
"487",0.0260062139989529,1.00391274030571,-0.0599807026882516,-0.065139123828504
"488",-0.276660271058486,1.08929241549198,-0.411965631459826,-0.129777829170727
"489",0.0780788219606132,1.01172158560686,0.152432300868086,-0.018573110534165
"490",-0.150751210027792,1.04076353787424,-0.0997970400876888,-0.270609113960055
"491",-0.00530559366319868,1.0060541923683,0.0108085154562123,0.109673214484943
"492",0.199257542905999,1.00174697935517,-0.056985184151439,-0.0158018807244194
"493",0.369896430521127,1.08400290556608,0.334838166032213,0.250889820128076
"494",-0.413990357758687,1.11544576206069,-0.138805737385908,-0.474291276925794
"495",0.0429578361440888,1.0022583521217,-0.0659686205167729,-0.0130363148479456
"496",0.0468360202748505,1.00047205068032,-0.026313102099684,0.0158727707217542
"497",-0.266280993203001,1.02889525251517,-0.18787728180875,-0.152733649299731
"498",0.0143696793895561,1.00001378233542,-0.000816132136826122,-0.00518640425713357
"499",-0.184963020331786,1.0210522668366,-0.0529105974914454,-0.199369506909292
"500",-0.192778947198158,1.00436962581259,0.0643957692935918,-0.0679082480411024
"501",-0.408637098544178,1.2820593050546,-0.461709699073323,-0.656125152283246
"502",-0.290832047042675,1.05028210947281,-0.317372479069923,-0.0486540749338921
"503",0.000898790448694322,1.0029072218449,-0.0761758939440816,-0.00448651429061159
"504",-0.00741099324000312,1.01317711030883,0.0857875520843498,0.138449820372329
"505",-0.181343071727357,1.04933422236831,-0.145811336552637,0.282562142485582
"506",0.216195052223427,1.07468898796494,0.311243047561765,0.241006610277765
"507",-0.337775382355703,1.14920609117984,-0.503120690995008,-0.259892689965587
"508",-0.133490485249692,1.0162089364509,0.0839494830594512,-0.160103362915103
"509",-0.182928550858888,1.10603592904596,-0.292426210394811,-0.371217440073449
"510",0.083970012912405,1.00284219462773,0.0274955692337707,-0.0702599530193008
"511",-0.336345881903106,1.09695423258662,-0.440176401187159,0.0977411081767647
"512",0.244951580218503,1.04255069383381,0.126363041740441,0.266353770191934
"513",-0.112745966898805,1.00524041484578,0.0983349296381182,0.0289574386364933
"514",-0.254001897385304,1.0144651799286,-0.104694499259023,-0.134828272674762
"515",-0.0690836423069269,1.00887209991037,-0.0392055931404928,0.127615968609191
"516",0.153297338380851,1.04624442314226,0.234532994482947,0.19905192150577
"517",-0.421334104539901,1.10983728814461,-0.39537203751766,-0.274626579386124
"518",0.410282250685542,1.19238024990625,0.470674866566222,0.447477184166261
"519",0.00741390123327228,1.00034451563288,0.0249073918426411,-0.00829287576020089
"520",0.0873921255929811,1.03212687173936,0.182332982085106,-0.178998779354567
"521",0.395750854511431,1.07135635377266,0.131705388869461,0.361189877089309
"522",-0.0557795258837056,1.00828302956616,-0.0604659352601205,-0.113923388223137
"523",-0.00613176203265984,1.00496878959723,0.0966324287105008,-0.0249888332266871
"524",0.0278845249367478,1.02501981986511,0.0475562897917043,0.220009159849186
"525",0.133815501080182,1.0839347810536,0.100973944560316,0.405855728181399
"526",-0.338894578441708,1.00919878205204,0.09891858478961,-0.0932592905749433
"527",-0.0227071243898096,1.02403461347347,-0.0332209138111811,-0.218044170931715
"528",-0.0982812686585196,1.00669164720837,-0.0582630008066922,-0.100167336473066
"529",-0.561110675734678,1.21165763224731,-0.62997244045631,-0.266924974569035
"530",-0.262952826732438,1.15501358477147,-0.398782270470257,-0.418364771180885
"531",-0.179882743120657,1.04248435729032,-0.0253194619709088,-0.293483491938667
"532",-0.324731637796224,1.12752585788748,-0.411308022572591,-0.319593915418171
"533",-0.144917454455506,1.000539605941,-0.0315453614869152,-0.0091865785381694
"534",-0.19609980864652,1.07743339215369,-0.289320877604385,-0.277769948536625
"535",-0.226562163058476,1.04051614475686,-0.1573384057677,-0.240662572017655
"536",0.130847267648865,1.00081707336997,0.0157474357637191,0.0372402016065438
"537",-0.524070663439931,1.14091829107259,-0.529865703781522,-0.144695828758503
"538",-0.0649530029163357,1.01695633246867,-0.170665791104643,0.0712275922291361
"539",-0.205500377652175,1.09553886759478,-0.447054523452305,-0.0186457360186648
"540",0.387358278066407,1.07877499485375,0.176973293278176,0.36391749475394
"541",-0.214340339491516,1.07513324435468,-0.378104020998269,-0.113792980546099
"542",0.0110752790462062,1.00166726285413,-0.0201251505054298,0.0541505659326134
"543",-0.157550687741422,1.04682178862128,-0.225319351774733,-0.212290006472468
"544",0.423832320157594,1.03161333476091,0.150068437668451,0.204219334227359
"545",-0.158022705156992,1.03352994305382,-0.0917467140796699,-0.24447225536737
"546",0.488459507773709,1.12235728337554,0.141306207932901,0.489610485126438
"547",-0.062257372900094,1.05126053715595,-0.256553044051217,0.198316042138489
"548",-0.0420682180064841,1.00706566415406,-0.107516893608718,-0.0511993115851849
"549",0.429196827316094,1.20021440326603,0.236318284006251,0.620216319078733
"550",-0.283036707116597,1.02188591718571,-0.0147187074686121,-0.209843244811281
"551",0.0258550401069872,1.0162181793682,-0.0787039037440826,-0.162803819408113
"552",-0.354574116164869,1.05190307759182,-0.265041187636137,0.190402871573858
"553",0.0563453061248732,1.02636895222,-0.149585971816738,0.176230709914073
"554",-0.109049035993123,1.00180202647353,0.00416690883078794,0.0599160839613181
"555",0.133584893971662,1.01712699947337,0.172073406926567,-0.07027144289393
"556",0.0124586796083045,1.05018172431215,0.263581063658246,-0.182774935261978
"557",-0.0162522074252305,1.00339216477139,-0.0592971834651414,-0.0572684935869524
"558",0.0555320105604748,1.00503240347772,0.03781681940366,0.0930592295820099
"559",0.355118805153226,1.06532842549876,0.151939925842026,0.334423254440801
"560",-0.107443789226706,1.0003633818559,0.0215769640430224,-0.0161657162184103
"561",0.528939055264005,1.09849911075239,0.452905478636513,0.0397104991761234
"562",-0.0719132402115804,1.01110287896752,-0.142994588181433,-0.0433771784148472
"563",-0.375772251982114,1.10981145466086,-0.481312093254021,0.00448706851878397
"564",-0.196546983258891,1.02878493314616,-0.0368783682072564,-0.238827185694844
"565",-0.417194267233224,1.19043390028548,-0.209442517686414,-0.610955565269756
"566",-0.109865814623438,1.08878163837685,-0.045141477817144,-0.428261255598812
"567",-0.260500108601215,1.08076001243732,-0.323747164963765,-0.251455717098325
"568",-0.265338062086293,1.07623310248958,-0.114454858638223,-0.381022015411788
"569",0.209812214262683,1.0134150007585,0.142225057216186,-0.0823528801087663
"570",0.179617907263838,1.05468159146427,0.196333638434867,0.271673262932774
"571",-0.137020567805808,1.0036687933595,0.0856809978570276,-0.00313262987704392
"572",-0.146383655562149,1.03696185913703,-0.231283668809302,-0.147640651065497
"573",-0.0654157606342605,1.02161231782643,0.128971963856245,0.164493040806473
"574",0.240419617909782,1.05036799453713,0.165877419729814,0.275240995441693
"575",-0.452142695451125,1.18553886063794,-0.592134029213241,-0.234264127707139
"576",-0.254949024305673,1.04158965471671,-0.175466220182774,-0.232638376859102
"577",-0.239453640593385,1.00318904183141,-0.0777723645063071,0.0184313040697874
"578",0.302086982225649,1.03771245454236,0.0250701618298983,0.276077208943731
"579",-0.139207930594814,1.10035244448581,-0.38162815475134,-0.255216483768149
"580",-0.414369771484045,1.14593209692692,-0.289880868291654,-0.478674683857226
"581",0.181683371984474,1.00462765550485,0.0775078397005577,0.0571774517631816
"582",0.316997295618378,1.03640001849494,0.230114766007542,0.145506676140986
"583",0.2733161805939,1.00540281930335,0.10409038999355,0.000140620486317477
"584",0.0707722246247249,1.0459010837356,0.010097409923458,0.306279479025521
"585",-0.0374939160962076,1.0034424162668,0.0717854956541402,-0.041755543069684
"586",0.227099380365366,1.00170942793469,0.0319182951538543,0.049020408481736
"587",0.130911433309361,1.01273270799546,0.136031899221539,0.0843970392726464
"588",0.230621828994256,1.07738276660732,0.368278570224005,0.158507162286805
"589",0.0716504689163388,1.02771743681937,0.237001042026995,0.00579965694598675
"590",-0.613251670954347,1.33084601338286,-0.602122283311876,-0.639218168762711
"591",-0.0768716873269839,1.0461604529445,0.23541692490006,-0.197561546804154
"592",0.2640109834254,1.04642649030302,0.263566982476481,0.159815034825099
"593",0.0136889679043866,1.00830039479207,0.0663350760585689,0.110767070116268
"594",-0.0499409040411897,1.02071057196736,0.197054056404231,0.0549524392594704
"595",0.142235903507874,1.05950941012551,0.170693720499059,0.305653143165084
"596",-0.127190320529764,1.00137413657675,-0.012072530549475,-0.0510334734362141
"597",-0.143026854619081,1.00144847395829,-0.0375894166086595,-0.0385497308991815
"598",-0.129131922727805,1.01987782263344,-0.156693665173268,0.12489142642347
"599",0.660383655536415,1.08529868786825,0.113558938775433,0.406174358265943
"600",0.304954342408822,1.0347030660884,0.217721810131852,0.15234056703861
"601",0.245245865082994,1.04055952809805,0.181441599393453,0.223255632684087
"602",0.0136485061285645,1.01606129732793,-0.101017827481545,0.148915944272657
"603",-0.103768303412705,1.0744874312223,-0.350227908822552,-0.17850392638953
"604",-0.469450226864226,1.21712710598441,-0.64370414098036,-0.258927346965743
"605",0.182654229675515,1.00905680219965,0.123079688720832,0.0551998214649901
"606",-0.13546893426808,1.0152848234702,-0.159392889131928,0.0734654998151851
"607",-0.0286969124908963,1.0152369352317,0.149855109613834,0.0908266523730035
"608",-0.0838924740052307,1.06940145766704,-0.32423139718645,-0.196197550287747
"609",-0.0984129729622429,1.00919031073616,-0.0102588877505399,-0.135498481562956
"610",-0.378607869432178,1.07060850669683,-0.166295921003728,-0.344308352017703
"611",-0.459235901473796,1.20292405574466,-0.52768020942799,-0.410584803015435
"612",0.048605206171683,1.03041611353939,0.0395318613007024,0.245345876231325
"613",0.0836886963796522,1.01103329890954,0.136528057512685,-0.059568624423651
"614",-0.44194854672043,1.19178171968268,-0.588416607151849,-0.272230717953935
"615",0.216985604500144,1.0868102865954,0.134162034595679,0.40392715620854
"616",0.203700620297419,1.02937744384732,0.157141009175334,0.186881312968931
"617",0.268237630045421,1.0923134475173,0.250424848565474,0.361159331664151
"618",-0.0165578341426888,1.03240308875986,-0.0859346184759323,0.24180855863325
"619",-0.191730498809112,1.02084963727574,-0.127945540901767,0.160511434139001
"620",0.0475929042058304,1.01053675387926,-0.107080728416625,-0.098581177425476
"621",0.0789631464036989,1.01036381860076,0.115982908802316,-0.0859244482278354
"622",-0.399764028214638,1.03232212010805,-0.0676922595309506,-0.247197729892446
"623",0.0243335356620277,1.00000424871518,-0.00260189079153617,0.00131438682260978
"624",-0.232402861104254,1.01989269711145,-0.0872528236441123,-0.180466225059969
"625",0.0895870657403299,1.0036314844448,-0.0746681976802844,0.0412409605131022
"626",0.450684681259632,1.23934298194492,0.514448920199902,0.520877466782047
"627",-0.146973777891323,1.03707165808917,-0.101655374648293,0.255311199944169
"628",0.329490778993719,1.10881096026922,0.262248180667957,0.400858625140449
"629",0.188188168431954,1.02815506218552,0.20014412295477,0.130557121385116
"630",-0.081911736829745,1.06831384578894,-0.0704454008559425,-0.369231524388977
"631",-0.0357332245070437,1.00419857317601,-0.0688072806058771,0.0606657440764471
"632",0.0538955386079381,1.00433094150453,0.031408408000438,-0.0877163153025655
"633",-0.393121152974967,1.28409484896845,-0.64063551225347,-0.488349999065259
"634",0.186976599771636,1.03768453839933,0.138621641899088,0.239944246920463
"635",-0.0656987352204659,1.00974335274325,-0.0958529689978115,0.101950216986001
"636",-0.0292622025161381,1.00286244972458,0.0125629020364905,-0.0746677076118938
"637",-0.173533496394371,1.02111792978699,-0.2060630917297,-0.014826623326485
"638",-0.151643144321869,1.03246641286413,-0.22100829432892,-0.130928329747057
"639",-0.194381649492173,1.05525131927604,-0.331685080423589,-0.0595008761129705
"640",-0.130650476020372,1.01911477398842,-0.0923896022960524,-0.173375557530587
"641",0.293411443222117,1.04095180595619,0.270457133889791,-0.102145000130061
"642",0.482844479597121,1.09291672923967,0.363219541156661,0.250077072067548
"643",0.206088667551659,1.04813088618011,0.29136830675933,0.116973776466807
"644",0.420871464915338,1.00053928715688,-0.0212869431061485,0.0250146196773377
"645",-0.0735297344743373,1.01551475463544,-0.100140989448249,-0.145746351977022
"646",-0.058306802644884,1.00972297177566,-0.00868954028811595,-0.139516922346547
"647",-0.273974244075821,1.00897698870759,-0.130936672149887,-0.0298354089591063
"648",-0.359321151134233,1.09554484863646,-0.0706093896091108,-0.441851592135767
"649",0.307994618299151,1.09869986564041,0.16774619780854,0.423086998002818
"650",-0.0484440643522423,1.05771326726915,-0.191219782134038,-0.286692083388766
"651",0.182638782209116,1.03438696839201,0.163170550534046,-0.20816284927343
"652",0.419494553878344,1.107276816321,0.35036590869302,0.321412006601626
"653",0.086570169076022,1.00366559832346,0.0297200576212838,0.080382531889621
"654",0.116886866473729,1.00447711232966,0.0434685143745589,-0.0841710012545983
"655",-0.334667372132156,1.06246178834995,-0.229382144840676,-0.276059564826265
"656",-0.0993670518525608,1.01044677020004,0.0852226212937211,0.117216808639001
"657",-0.0137955067402341,1.00267948335235,-0.0713936625878601,0.0164040018905627
"658",-0.171048439606175,1.03690584321236,-0.273913572934456,-0.0120450093492003
"659",-0.251658536078665,1.0675504383063,-0.292864132349383,-0.232151972447414
"660",-0.0929416994331408,1.0084489423512,-0.11550984301049,-0.0602224667126141
"661",0.18819239718253,1.0021461222026,-0.0423898861178551,-0.0499994780035164
"662",-0.289521277305466,1.06694585700522,-0.25808007036268,-0.267895761560721
"663",0.271422155219282,1.19079712317517,0.367889402170182,0.531653248210841
"664",0.130245686950189,1.0116625068642,-0.0367368278803065,0.148699136756222
"665",0.145910290431475,1.02670999972948,-0.157052944276461,0.171661865999998
"666",0.0168019404806559,1.02716366101838,0.0548217269043162,0.228166090328779
"667",-0.0333506925168366,1.00235613633228,0.0661182597338111,0.0186064443877716
"668",-0.00385820430600674,1.00385215866322,0.0792269095457859,0.0379770095798743
"669",-0.0930280191034231,1.02365146246189,-0.169737278985895,-0.138027434674521
"670",0.138874663526268,1.01188315168711,-0.0527680528522725,0.145337693893962
"671",0.206682258302803,1.02076914662446,0.0983789205348992,0.179697631299958
"672",-0.196382619717645,1.03038996050844,-0.219016375632811,-0.1171976873545
"673",-0.156418763699948,1.00984269782169,-0.0309716078683038,-0.137197062103499
"674",-0.153196749784737,1.0576594285399,-0.318264731347431,-0.131723299228676
"675",-0.405543672820432,1.07697613356214,-0.345904670271247,-0.200568071604097
"676",-0.0407892373323396,1.02198633719797,0.184609066302906,-0.101860522569292
"677",-0.26053532511845,1.03463182918559,-0.24919044288843,-0.091472100320229
"678",0.100251249569582,1.03506439611531,0.155574343371345,0.217151854217571
"679",-0.114255719240323,1.05169704851098,-0.15188494917943,-0.28809311699427
"680",0.40715185722983,1.15671600074175,0.515084590253554,0.26959186051386
"681",-0.294160839952857,1.02640552122987,-0.123129263624444,-0.195825122112724
"682",0.134618489397997,1.00292155731458,-0.0520204924927195,-0.0560849221014369
"683",-0.356981397294628,1.03100521024108,-0.145340720951144,-0.20456739324159
"684",-0.0286511435090994,1.02081944566701,-0.203594274030512,0.024934157974244
"685",0.0356334175274266,1.00530331165183,-0.0561978002333674,0.0864670785159072
"686",0.288244628699814,1.03067199052998,0.187815733239873,0.164347200799418
"687",-0.261016430118313,1.09859733536542,-0.354238739417246,-0.285361211043277
"688",-0.0966930331122271,1.02296271540628,-0.20447916411831,-0.0681248013051611
"689",-0.160149327454837,1.06076028745442,-0.268296560764595,-0.230714851975926
"690",0.0748951814939801,1.01727412566933,-0.0445505657138123,0.181278498037904
"691",-0.179531530915018,1.00728999688091,-0.119821420508416,-0.0166121944270605
"692",0.185289143140669,1.03054569569711,0.126520763082567,0.214515564537528
"693",-0.0332160007456219,1.0388561013312,-0.038341376600736,-0.278840345203895
"694",-0.0728539144005353,1.00260161284747,0.0513964356440157,-0.0506793891778955
"695",-0.31780168757582,1.04214805335824,-0.248702303559566,-0.155626891386209
"696",-0.324853462309265,1.02352180471199,-0.148661486988535,-0.159676695254019
"697",0.245684585823162,1.1425098869397,0.241359326597856,0.497065908325231
"698",-0.127664804960493,1.0000050361473,-0.0005539078771939,0.00312498096552
"699",0.00990535195946424,1.00987238392087,0.139150841080921,0.0218923555721536
"700",0.0663102599951271,1.01928591083687,0.196420525531645,0.0190458704295754
"701",-0.384963305034348,1.17353701151,-0.595467367060134,-0.15035867833383
"702",0.0901183389216276,1.00210287726874,0.0489090968501431,0.0426389126923309
"703",0.462693234050647,1.15057523687125,0.454685312149862,0.342176332636422
"704",0.169422885478835,1.01363936757075,0.134608352303675,0.0966713969036995
"705",-0.167787711921861,1.04876212091093,-0.0302294886836241,-0.314623845681651
"706",0.242209233116424,1.01356574982293,0.0907888322630119,0.138104732541786
"707",0.338534830921904,1.10913044032602,0.311687113209418,0.364721094971165
"708",0.0840526200127893,1.01438879640076,0.104440650870253,0.13444991896307
"709",-0.0363257864038688,1.00082693928157,-0.0405614053621026,0.00305528832855959
"710",-0.0822876539223661,1.0057882914097,0.105218972797349,-0.023217555864409
"711",-0.475734949616982,1.33682959501154,-0.478413885614715,-0.747150266110999
"712",-0.00286989259740807,1.01268137123222,-0.0464390522536156,0.152862598651685
"713",-0.275555768921209,1.03125157671652,-0.203242909456524,-0.148903103513482
"714",-0.178680115660765,1.03102044675565,0.0543066740815838,-0.245059067937549
"715",-0.03591561132054,1.00156253072948,0.0555518310949778,0.00644181831820351
"716",-0.142578573910284,1.08842902735165,-0.303188683862,-0.304556020396402
"717",0.350204489468163,1.13284775336506,-0.0458010777952801,0.530326591429323
"718",-0.074287623536029,1.00435116334687,-0.0221170006903505,0.0907309076151253
"719",-0.0527745880240392,1.03026368703372,-0.238963324969312,0.0658771139313225
"720",0.293960567881272,1.04043469172476,0.284468916069187,-0.0397716423451056
"721",-0.0607740438414049,1.07003956108245,-0.270021497966838,-0.268464248862411
"722",-0.406727301601322,1.05800016941845,-0.304377507413298,-0.163458531347666
"723",0.0128717042492097,1.00482450709231,-0.0638969742674137,0.0747627362579943
"724",0.486441825283981,1.28212451498113,0.644550468892997,0.477909996720531
"725",-0.21445150624965,1.07147653488995,0.0226283591543965,-0.384122275039808
"726",0.0884195921058057,1.00641312323369,-0.0101476122722886,0.112979646760627
"727",0.0336486684469388,1.00559668896915,-0.0215663382143236,0.103728462447552
"728",0.202254866340675,1.01851411363775,0.134087331309228,-0.139253679526454
"729",-0.229816092274532,1.06755710832278,-0.373094934572564,0.0218711985675332
"730",-0.0220571101348886,1.02641435388941,0.203028488902984,0.110931774366017
"731",-0.198412820611527,1.00130185439525,-0.0509726471249311,-0.00268195086355061
"732",-0.163699323260258,1.00012644109907,0.00967507410990968,0.0126210588487857
"733",-0.123466770546589,1.03091407620494,-0.211188778614793,0.134844845302588
"734",0.0531477578071719,1.08845527730391,0.242553696832227,0.354827556488723
"735",0.243847018003273,1.0736914977271,0.347312077056274,0.179409457449518
"736",-0.200327603076827,1.02973592087338,0.031983472475975,-0.243583916187661
"737",0.0783707833950456,1.00030186827297,0.0235738038477336,0.0069356645353522
"738",0.309935757938187,1.09803487536326,0.370648804457456,0.261342784993719
"739",0.0402241602756239,1.01987895561381,-0.188423855944234,0.0681874960313134
"740",-0.18927607696199,1.02278227507301,-0.19821596434218,-0.0824258071444976
"741",-0.190951901502454,1.01231669315498,-0.0945783567239774,-0.125857147908387
"742",0.523365536629556,1.30936983564349,0.270548965403048,0.80078250718431
"743",-0.411595801036671,1.01842549305181,-0.140368883778477,-0.132238653065642
"744",0.0132479010673795,1.04625489176972,0.182209529604763,0.247889059607889
"745",0.0770555361887146,1.00366021039821,-0.0494640073548171,0.0699080103635465
"746",0.224505144366803,1.00919973454318,-0.0179896117017089,0.134760818017891
"747",-0.0705374006746974,1.03337040724812,-0.257367058503045,-0.0402069120130638
"748",0.36303267396437,1.00179226298205,0.057917217549917,-0.0152752768217262
"749",0.259846836089885,1.01382053753712,0.164963772873085,-0.0248804335078671
"750",0.100812550545614,1.01252073097045,-0.0619678303221354,0.146144512897688
"751",-0.016324754019419,1.00363386923105,-0.0848652016484165,0.0088792464127491
"752",0.403175715638474,1.14994985993646,0.409768083963367,0.393032820172665
"753",0.22716251941933,1.05530195312064,0.226082553605015,0.250097763316016
"754",0.282227224216808,1.08204627404107,0.289525923758709,0.294955723182015
"755",0.219707585519875,1.00143915746727,0.0234342431922953,0.0482827335054878
"756",0.264362187812147,1.02764162382307,0.0739418848419396,0.224899765850791
"757",-0.39115002353649,1.16363543673175,-0.318636828898795,-0.502511692289046
"758",0.297558310336908,1.03876622744501,0.246970082718072,0.134316988957304
"759",0.191128623310275,1.00270106878711,0.066420831338354,0.0315864925425209
"760",0.181675873585164,1.04989430798326,0.102658250290489,0.302885030305133
"761",-0.590483439395149,1.25381694024625,-0.578636808769339,-0.487069156471349
"762",-0.015017575015201,1.00192186704682,0.00902671937961323,-0.0613673040293754
"763",0.207656017707571,1.00821469758233,0.127580508057335,0.0148354435344294
"764",-0.0304974804507316,1.03051590242087,-0.103360217325804,-0.226450194560889
"765",0.412092959429142,1.13425263296457,0.355568475778298,0.400125098462656
"766",0.0491625484194637,1.07877431640057,0.397605529644435,-0.0752586773847014
"767",0.0879373180697409,1.04158621299745,-0.114059792575696,0.268127213881692
"768",0.214672214488719,1.02064571603556,0.17219852104755,0.109842373475725
"769",0.50334820148717,1.24922330039929,0.532068210187922,0.526746878460545
"770",-0.106167576858204,1.01384200099887,-0.0939107487117913,-0.138044827015675
"771",-0.233071361175293,1.0069625545386,-0.0726754845268313,-0.0932301463673981
"772",-0.308717876833436,1.0861814189202,-0.393181016105547,-0.158741183634563
"773",-0.0299119030245122,1.04714743626863,0.185035642920872,0.249558738842834
"774",-0.532328445200277,1.3538905458419,-0.683919930559842,-0.604378307604692
"775",0.170429490882263,1.02641721895272,0.100108421315966,0.208591973345733
"776",0.0407572578566614,1.01578009335967,0.154863786822567,0.088466974610562
"777",0.254957803503696,1.07387435212677,0.171100729533685,0.352037873685091
"778",0.412171111602428,1.03179420899896,0.245483990701929,-0.0658551443157377
"779",-0.13440623854023,1.0990457785245,-0.43219076470294,-0.145302326884402
"780",-0.150408503649538,1.07220070966603,0.36076907380568,-0.139499237251449
"781",0.424486826222648,1.05514709751225,0.222000236175241,0.253083568266816
"782",0.052735751319617,1.006040117513,0.0266300378693235,-0.10680617551742
"783",-0.0587109252155362,1.03483301878762,-0.264584745042472,-0.0295683862242095
"784",-0.541146090243164,1.22879505286604,-0.158147563715609,-0.696366735304654
"785",-0.0743500607580721,1.00032314319448,-0.0159487054791369,0.0197997374738504
"786",0.23466163049523,1.02373759672846,-0.11725450015893,0.18517572505015
"787",0.0055465829596332,1.014400753379,0.170110901613404,0.0084362081625676
"788",-0.00426647665113626,1.00164099781902,0.0321434074462084,-0.0474498669083729
"789",-0.066902946887486,1.02444590458917,-0.19249363089626,-0.111515081912212
"790",0.180006232083221,1.00349512714293,0.0192679783639838,0.0814322737578813
"791",0.206428079971439,1.01385364036025,-0.00652508797488257,0.166903047601432
"792",-0.406110599899956,1.04520224195453,-0.225063298631596,-0.204436391564344
"793",-0.062107669184072,1.01685333170104,-0.119382680656493,0.140493678686173
"794",0.214954085951075,1.02072567504211,0.197546567213417,0.0534439657244569
"795",-0.135692562944069,1.05064078991533,-0.0489480284530453,-0.318512417253202
"796",-0.0782725008424639,1.00999073265388,-0.133918920938986,-0.0463357600699512
"797",0.111125559793732,1.01680018183347,0.150348185847568,0.106198082793085
"798",0.217775631331827,1.01008505166132,-0.0382194416600837,0.137153512054317
"799",-0.406879478452455,1.07784605913284,-0.207046087077507,-0.344795656895625
"800",0.0468873317472225,1.01840123619176,0.0131490026686363,-0.192271114850167
"801",-0.26195901424065,1.02821185536307,-0.127475596003016,-0.202409466015917
"802",0.195811419696196,1.09536821929983,0.392440480397087,0.214060751184772
"803",0.393238536258658,1.05192466266242,0.304310356423527,0.118070753748897
"804",0.251861971429136,1.0073142438852,0.118600847316171,0.0248158205566136
"805",-0.176425531720566,1.03493152299398,-0.0239126617632797,-0.26553990640586
"806",0.106853090509658,1.02384320387876,0.0424468630097297,-0.215529974596006
"807",0.113026333586052,1.05541355344966,0.143107770660119,-0.305643476589855
"808",0.0564314462335891,1.00396466495066,-0.0873577611556628,-0.0177107322083979
"809",-0.438250485929475,1.08112915625909,-0.335376548948347,-0.237408556983503
"810",0.123039243585345,1.06802699846722,0.28549011391735,0.243263364094063
"811",0.100492815304054,1.02882365197084,0.15063744106915,-0.189173117019181
"812",-0.202107290507011,1.0713505714488,-0.330581426007389,-0.196234471290339
"813",-0.174944479845761,1.00825424596749,-0.0819172535782663,-0.0993286870831713
"814",0.00959687664842455,1.04475597956601,0.0618513438395798,-0.296124075522685
"815",-0.202240548534661,1.0491210198072,-0.310194824236174,-0.0665889271455127
"816",0.137218922913853,1.04119689827656,-0.251370082233681,0.144582373540374
"817",0.106910484653379,1.00671754330946,-0.0680423173685367,0.0940768571655608
"818",-0.335287773694747,1.00168665331457,-0.0575835292414954,0.00776457266346343
"819",0.170739793680458,1.12895547467049,0.287809259329437,0.437842773187717
"820",-0.0578144455460133,1.06276407580525,-0.202808959350142,-0.297213739301376
"821",-0.594285224081343,1.11011919367283,-0.21474484286614,-0.431566074458131
"822",-0.167100537896342,1.09867622636439,0.139448802853869,-0.433178348675149
"823",-0.139760203571742,1.01870383614617,0.0439511376248124,-0.189277054289241
"824",-0.371100130814277,1.08173941959915,-0.389947253043663,-0.134541115494121
"825",-0.238331258742795,1.01545559191475,-0.102867101420975,-0.143416939711396
"826",0.0862666435697473,1.036176553265,0.260093002105266,0.0775466297913506
"827",-0.184465352026442,1.04657128974265,-0.282510116403956,-0.12449698246554
"828",0.0833787160278779,1.00266366555005,0.0631650817849684,0.0366687695098461
"829",0.00596683620251961,1.00874820767661,-0.0167379928530333,-0.131502038334096
"830",-0.474066516408717,1.23195047471387,-0.641327442745512,-0.326191789181209
"831",-0.139177491851834,1.02946638954931,-0.178045477931439,-0.167633096373786
"832",-0.665267064278647,1.18635223360551,-0.369315889595049,-0.520612519896898
"833",0.191544805799922,1.0326361356768,0.115939375314762,0.229990108389761
"834",-0.334530317987609,1.06890180476138,-0.266814634985824,-0.267134832583688
"835",-0.172317105471573,1.01014240594947,0.0856090014890206,0.114275015473339
"836",0.263638869369151,1.09809802352257,0.3680162623666,0.265298510922854
"837",0.293168487955669,1.07232056972969,0.0173064792377357,0.386745252125735
"838",-0.0719796296580821,1.00587408619915,-0.108431508113633,-0.00502845256364972
"839",0.558635223888512,1.18208367676483,0.351514820760615,0.523219982091187
"840",-0.270092362132466,1.06718124475159,-0.227005300336423,-0.295540864803372
"841",0.238198464578573,1.02574677494246,0.0614633270145203,0.219951598623803
"842",0.162119307753279,1.01590984457986,0.0165655745264787,0.178321042097892
"843",0.276986779858585,1.04484758412887,0.181427258692668,0.242467779020628
"844",-0.314879625972212,1.03274477046746,-0.223004113893452,-0.129734059192198
"845",0.062878848765682,1.00644244153542,-0.0830038390655757,-0.0776965303224403
"846",0.0762830014556105,1.06499429159195,0.363980658143383,0.0416043461786997
"847",-0.347938826330632,1.11699207690172,-0.367438232854836,-0.335649288540493
"848",-0.43713059498002,1.06194734819123,-0.297235858767078,-0.198451542179377
"849",-0.16436266700443,1.01223992492055,-0.0209219033845404,-0.155537582474208
"850",-0.349664288521482,1.06993545591865,-0.380446674068808,-0.00471253878878266
"851",-0.064535545887567,1.00058552243533,0.0269816753603314,0.0210565168518469
"852",0.105439064240681,1.01050188804454,0.0442984944390389,-0.138389700238149
"853",-0.744701460583857,1.35009630126117,-0.656379164238399,-0.626040266622526
"854",0.306201802531333,1.08380493019701,-0.0948633314371049,0.406981664289682
"855",-0.130604536599209,1.00789994264815,-0.0988109584564043,-0.0780941027163854
"856",0.246793983590852,1.04423462566222,0.282204523296983,0.103858367321281
"857",0.146522302342056,1.03194158034516,0.187541795512338,0.172428246471611
"858",0.0683239681099445,1.02997737024598,0.0206149941001513,0.245821897391328
"859",0.342109651906004,1.01335467868139,0.151940691431078,0.0616581794485176
"860",0.217240613313631,1.06288709484079,0.359832857502818,-0.0157889531146772
"861",0.330085582662076,1.01706169735948,0.111634725103086,0.148162695665609
"862",0.342441626808013,1.02434796664074,0.106920822299993,0.194567968894454
"863",-0.103200312951491,1.00121829805408,-0.020978089986509,0.0446989943827114
"864",-0.115233914168162,1.02042061089866,-0.0877461254008085,-0.183190721991994
"865",-0.244415645346428,1.00903063035765,-0.131081399720794,0.0309916060763567
"866",0.483293288893543,1.25587577513246,0.383869704149036,0.655643205410595
"867",0.158945456659383,1.0360170664333,0.178609322649513,0.203543783505542
"868",0.183839637069094,1.01745191713392,0.166851253189818,0.0858432466096488
"869",-0.259827756169069,1.00656530038639,0.0385150437061668,-0.108121669198467
"870",-0.330377060820617,1.02432635580773,-0.105237594638996,-0.195370243069281
"871",-0.303638385100266,1.01964097783963,-0.195592465122196,-0.0375674230840284
"872",-0.48748155673545,1.07110201288613,-0.369026607032424,-0.10525628394949
"873",0.0680377049141015,1.02155431652196,-0.208740974381138,-0.000653619966282429
"874",0.509577430939908,1.36333349765274,0.648263531909642,0.662142446168558
"875",0.376208870311598,1.05038810482617,0.258030506057902,0.191664886465453
"876",0.0229914973425234,1.09302873595109,0.404331192043165,-0.176714755342575
"877",0.0754808815909236,1.05503112139887,0.00921077636246378,0.336163395864222
"878",0.204893773184555,1.05844846924721,0.0985139700640094,0.332578050619697
"879",0.349244091716744,1.16380278971216,0.339598485577765,0.488988549901838
"880",0.24483970372315,1.07048178181491,0.332461187233311,0.188151014297129
"881",0.184824364832971,1.09064613139168,0.366761483669252,0.23451012348376
"882",0.566173707415401,1.28469369331342,0.629601942059746,0.504023094901299
"883",-0.0306633183676786,1.00488126471587,0.0274525214869182,0.095040597856754
"884",-0.0179942424084113,1.01325883754304,-0.0942499159162014,0.133455705044282
"885",0.225380361212521,1.03041782148262,0.00404092609562584,0.248484522144298
"886",-0.219111767550313,1.11029357332718,-0.36027940869743,0.320859107148724
"887",-0.157174361280867,1.03250489506172,-0.181987974047012,-0.181512356683165
"888",-0.0924248575384102,1.00698795304747,0.00440230284262214,-0.118344232273523
"889",-0.293457664612701,1.03058676102238,-0.000889598899809162,-0.249215329802166
"890",0.354050588981649,1.2314643628041,0.538721263559693,0.475693049187358
"891",0.276911721117551,1.07397917837644,0.269293988439509,0.284450388251583
"892",0.130310980955122,1.00091352996977,0.0109131807956856,0.0413375974323162
"893",0.287619507593388,1.07794672120019,0.22157594969046,0.335966117733637
"894",-0.0910196094578517,1.06196481447399,-0.324267823102917,0.150398291482584
"895",0.207358185384892,1.09110763859041,0.144899976579757,0.411727914741685
"896",0.0892408643304089,1.00153539256619,-0.0539258009582149,0.0128510915381157
"897",0.63833601137623,1.20103994869717,0.475075942627412,0.465617661932165
"898",0.500369260285951,1.12225709495942,0.502338732816914,0.0843610377997134
"899",0.0234221261746492,1.02485032169804,0.187809940768962,0.122660539836295
"900",-0.132252721945317,1.02391621956551,0.110601920089957,0.190188432775842
"901",-0.298641550250137,1.01808382966146,-0.0895747847163088,-0.168733642647715
"902",-0.0149916891277526,1.03342440732645,0.00341377306440612,-0.260680555108125
"903",-0.268339420034464,1.11060890813967,-0.302003947011723,-0.377154826070859
"904",-0.123848783407163,1.04032285797821,-0.150038556831094,-0.244458749681798
"905",0.0735285127915684,1.003358019784,0.0818517202349403,0.00525468928123687
"906",0.292682966510202,1.04513050935469,0.134851584420945,0.27223672008593
"907",0.0205167710527316,1.01903698634706,0.0883932520647284,0.174994321429933
"908",0.112086215984879,1.04756839893824,0.299181789284789,0.0888245878931132
"909",0.0177722937252652,1.01642837717202,-0.0909391392331154,0.157660137244944
"910",-0.124731274983426,1.00628018396525,0.0758567277690669,0.0827379326143845
"911",0.558630030973837,1.20125010038121,0.665546046608709,0.00708967625341638
"912",-0.264596964151554,1.04695109749816,-0.150442594743401,-0.271060189329749
"913",-0.0413285571333747,1.01474833877278,0.155620986707112,-0.0741370321663263
"914",-0.127220315628647,1.04870485200456,-0.281929935752056,-0.142468866580574
"915",-0.0817211357369976,1.00595588054371,-0.108138831076078,0.0159131019596412
"916",-0.527758756631692,1.34668393170659,-0.731867796679678,-0.527187955192397
"917",-0.255004785114568,1.13357163975511,-0.307798611722952,-0.436170467911937
"918",-0.370782210458148,1.13239738147383,-0.108208731259293,-0.520206401390866
"919",-0.240794537041616,1.05361825414271,-0.181798625724322,-0.27759806401968
"920",-0.457328990999824,1.04215271107239,-0.159065612717868,-0.246536820873103
"921",-0.159179145995418,1.00376930355929,-0.0865482667545256,-0.00788747676288214
"922",0.814952914416633,1.56795893386967,0.797068294039593,0.907291217271794
"923",0.110545852099413,1.01776651933932,0.000814997162386413,-0.18933574323854
"924",0.225785767879938,1.0234643036496,0.214573334655245,0.0379139143307991
"925",-0.021672015677535,1.00893275597174,-0.0394584006456168,-0.128016954702145
"926",-0.0530445668071401,1.00144160065076,0.0378484525942268,-0.0381152744995622
"927",0.154340603166626,1.0321925269186,0.173457881417671,0.18797280654576
"928",-0.226990928648898,1.02248828654395,-0.202811033471711,-0.0659543844010516
"929",0.134596692359568,1.05343933922483,0.317202457278561,-0.0954832054494149
"930",-0.137775741800605,1.00486923525077,-0.0925052403970817,-0.0347125402779824
"931",-0.227149456359053,1.05443877215773,-0.275340400900156,-0.189812507126463
"932",0.0584711396473369,1.00128076621448,0.0109836199878171,0.0494219878498059
"933",-0.0546840932869179,1.02407009990252,-0.0611396391032592,0.212088458065666
"934",0.384407588050501,1.08721063596225,0.315969409271472,0.286688505793448
"935",0.0435483052814785,1.01420598367432,0.0651312722167688,-0.156114364170026
"936",-0.539719650733773,1.04105997946497,-0.228754112039489,-0.177418818248322
"937",0.31754711503944,1.06331216177026,0.321215066706816,0.165691382663927
"938",-0.430239603454235,1.18983924066756,-0.544789954589514,-0.344849712209102
"939",0.210552814554736,1.03437125748265,0.262847780777241,0.028895370679619
"940",0.00864679275204994,1.04897953530024,-0.214834121080989,0.232818310916623
"941",0.10280320477888,1.0629701846863,-0.0820798375130538,0.350953720319164
"942",-0.269210673219635,1.01849847726205,-0.125710787797121,-0.146751306694515
"943",0.636915705938321,1.28457288125893,0.530511032476693,0.607194805384885
"944",0.327041993924725,1.20382090676661,0.349722557651593,0.571733249197562
"945",-0.360403765639624,1.05083830409449,-0.270356661058164,-0.176545793418199
"946",-0.00520023970309273,1.0481385100185,-0.313933326771848,-0.00634054617143926
"947",0.027327219185715,1.01296923669997,0.0589265665185343,-0.150447114491648
"948",-0.176484430863084,1.00070931333107,0.0163600538306583,0.03393344111929
"949",0.313339778126059,1.02227411031013,0.209711086826171,0.0326437845928792
"950",-0.264824134393128,1.00797659656776,-0.122495659585417,-0.0318061725307309
"951",-0.000991357238594219,1.0033426797208,-0.0753681279845375,-0.0318775506183751
"952",0.167043759453381,1.06189078367212,0.343537369743356,-0.0979495382204732
"953",0.0991063264698146,1.00987492567228,0.122132063620184,-0.0702219662033226
"954",-0.18632932494864,1.04607643737289,-0.246098073388097,-0.183607328561342
"955",-0.321779460951709,1.11193995298698,-0.336925801548358,-0.350558787223596
"956",-0.156892811797377,1.01378984421219,-0.131408322911914,-0.102477806852251
"957",-0.551537265165152,1.15720046019133,-0.374392577209505,-0.446030383715572
"958",-0.071567406519946,1.01820935148183,0.0601739661414402,-0.18201477204848
"959",-0.401304399403705,1.04502736502025,-0.242559573293777,-0.182337727979452
"960",0.0287340606537054,1.0164666575833,-0.179379689452321,-0.0320529716336441
"961",0.381783517226056,1.0797523059428,0.251945349637253,0.319982160416737
"962",0.205282583074402,1.02688018578035,0.0225630129068458,0.232322677319404
"963",0.0412726189979341,1.00441027154779,0.0882769046287699,0.0323601869566766
"964",0.412942645979406,1.05069069894538,0.13077782623031,0.294700025478134
"965",0.274890675162665,1.02524178640827,0.101567070593618,0.202002105852039
"966",-0.15185557892882,1.00805187319918,-0.0917881741571527,-0.087997216690469
"967",0.452880804607348,1.16699228403595,0.307702733231291,0.516904264793237
"968",-0.519615818052675,1.07886545482501,-0.27866306071391,-0.293764477444665
"969",0.203316410505048,1.07430747299622,-0.00559803673909086,0.392562362587377
"970",-0.080262588211735,1.03154524610501,-4.30847390797484e-05,0.253151324123644
"971",-0.0557902662129144,1.00060635510098,0.0182098816850281,0.0296896964869598
"972",0.0210757358643968,1.01741501216428,0.138819273404543,-0.125946481922572
"973",-0.160465521655085,1.03046059261794,0.183765642545264,-0.16756855778591
"974",0.111916316200815,1.01536926150639,0.0932223460172971,0.149279373709367
"975",0.240837464562769,1.07322861280369,0.278415951856047,0.272587991468135
"976",0.361906741269644,1.03616203050532,0.264719844299592,0.0596251414665239
"977",0.242596287254024,1.0075233176556,0.121844012322509,-0.0160397095018656
"978",0.24167125366231,1.09662879023291,0.381533372682577,0.238803243481209
"979",-0.0305250248808639,1.02001736026692,-0.181789789860874,-0.085952821642096
"980",-0.0785323715522053,1.00454040314474,-0.0515750126218807,-0.0802585797485083
"981",0.0773394638123086,1.02850064793919,-0.0234557290203055,0.23929774672458
"982",-0.322730426330962,1.01862445822328,-0.0272860657572011,-0.191966813554217
"983",-0.18342398472784,1.05640779390634,-0.230113364906806,-0.251088164430992
"984",0.354535370809797,1.15998102273951,0.341910330655517,0.478177058114298
"985",0.12937259124534,1.0458425243004,0.286790719965431,0.107413540006554
"986",-0.106628587826476,1.02266156894204,-0.0846002882402005,0.196670983677499
"987",-0.218342915629578,1.06326741761573,-0.166733678250423,-0.320526881712459
"988",0.422691227866933,1.0418143510038,0.13311420151129,0.260111036508415
"989",-0.0121752327729595,1.04148286153605,-0.186454534702502,0.223430654481849
"990",-0.0485352100659321,1.00649294128909,-0.0750208976035907,-0.0860227050697569
"991",-0.322573187700651,1.11963042551091,-0.299611962225293,-0.404728256761551
"992",-0.458272992640412,1.1685369406695,-0.485503878006006,-0.360228491586068
"993",0.0643367811819419,1.00159287845412,-0.0307077795489957,0.0473848757008495
"994",0.172340831043385,1.04505178397918,0.06666831700116,0.296122553525224
"995",-0.564570640627272,1.08418604675532,-0.363299518912169,-0.208501423345561
"996",-0.35925304146177,1.05159976392054,-0.235569244861051,-0.224430823091038
"997",0.16463729451847,1.01662266823564,0.0509411809634678,0.175859732891312
"998",-0.268314440498839,1.04447439890658,-0.248076316969273,-0.171420275726741
"999",0.211831477305184,1.0006960674391,-0.0207582645070087,-0.0310115114551073
"1000",-0.0581893045267746,1.01522930780547,0.0572695667215877,-0.165561904297737
