"","t","","",""
"1",-0.412237602577306,1.09272618521459,-0.268295135592804,-0.349382649928213
"2",0.112217126232566,1.02083865369174,0.153276647777731,0.136447155035117
"3",-0.229532760848058,1.0022789980584,-0.0187754695113741,-0.064889688653705
"4",0.0352086705886984,1.01911527612415,0.118430597511789,0.156748651039167
"5",0.257867708973217,1.0127282170778,0.0972975727603646,0.127089039655381
"6",0.31249009752017,1.09087613176291,0.374177993764023,0.223610294558966
"7",-0.13150508195023,1.00557848028749,-0.0912377176440406,-0.053514099977573
"8",0.328730347101929,1.05262573327637,0.271343223191086,0.185455626994401
"9",0.244821377555211,1.04117682205844,0.198199425202148,0.211580156539452
"10",0.146405734537322,1.01788267926612,0.101414984739332,0.160624249789073
"11",-0.270998928265421,1.0677440002811,-0.178913967884929,-0.328735520185988
"12",0.118740902325323,1.00537003905362,0.0915622087789881,-0.0488393012867854
"13",-0.169345247245822,1.00852296815651,-0.121415239024431,-0.0487536360885883
"14",-0.200195696341075,1.03773387458945,-0.187665487284225,-0.204140293310287
"15",-0.288397613998712,1.07021243303777,-0.222301902424865,-0.30973620390085
"16",0.189957347906466,1.02017007878899,0.135788576355824,0.149360142566846
"17",0.00508157289635306,1.0062758961995,0.092635652067861,-0.0633231019302753
"18",-0.0619127947935004,1.01240829419723,0.128385679902799,-0.0921285588471257
"19",-0.316279186833868,1.03404943828762,-0.248148507235281,-0.0876387995116544
"20",0.0175499281105503,1.00148940668784,0.0121822144821609,-0.0532224140590053
"21",0.0346087806795097,1.00060096534453,-0.033939390852019,0.00709997162025532
"22",-0.0638048281830668,1.02333531411594,-0.172818732177016,-0.131715036823833
"23",0.0512869221563702,1.01027513825242,0.0971301059505846,0.105932041842758
"24",0.0407034655182827,1.00273633758581,-0.00568002181921757,0.07380989139092
"25",0.0438692572799492,1.00340572380022,-0.0825741514631996,-0.00213449412587419
"26",0.417437686730617,1.08589944041708,0.248393426434856,0.342751076441911
"27",0.27316080624384,1.02894093025049,0.165678511961847,0.176833448812311
"28",0.1383532983533,1.00523951637208,0.0428175013195352,0.0931297313253408
"29",-0.0131563176513933,1.00339071615667,-0.0816869758304714,-0.010962082332934
"30",0.194622488639929,1.02215170828908,0.120273323248317,0.174150631560961
"31",0.383643649725486,1.06464674646611,0.20679324818295,0.301179759058977
"32",0.0534685043085481,1.02065935521415,-0.0684926950481342,0.192494857363034
"33",-0.168097053419671,1.01019849466994,-0.0275103987572805,-0.140513972947999
"34",0.0202387084714072,1.01417632453492,0.0622657182114242,0.157087865803728
"35",0.0695164947037082,1.00603802405514,0.0935668542225936,0.0579460924969463
"36",0.0693245627943898,1.00080459043003,-0.0354253691231549,0.01883803196471
"37",0.281395996187419,1.06728111535872,0.252135074806949,0.274803353788587
"38",-0.242373484580581,1.07140787856395,-0.248231210090138,-0.293761993093206
"39",0.003763157122304,1.00364409100243,-0.0569916626352003,-0.0636664102504188
"40",0.0703226155749581,1.00644935199462,0.103541424159027,0.0471112684346081
"41",-0.156918005672129,1.03068999612532,-0.163083121161513,-0.189012601974126
"42",0.134230960226545,1.00942044716886,0.137573213236539,-0.00180282066728128
"43",-0.029767187491311,1.00187193562064,-0.0157511525522698,-0.0591546834792506
"44",-0.294564970470635,1.04732818012963,-0.12659306710449,-0.284377411646415
"45",0.13872552175652,1.02250113941341,0.162251786818675,0.138502482923131
"46",-0.0387737477338718,1.01123552610151,-0.149153456246663,-0.0187225996984191
"47",-0.0239401668911646,1.00264327640089,-0.0717746344209183,0.011913923185254
"48",0.344019557914598,1.07897560773043,0.303543143915199,0.26842116507333
"49",0.421350639596478,1.13413261251981,0.363792091680471,0.392316322387619
"50",-0.106140973245338,1.01245565244896,-0.156246334623495,0.0255642541953896
"51",-0.101128344938868,1.00196619711764,-0.0532789719552226,-0.0331302175330243
"52",0.258756963349712,1.0180915364409,0.189200187000356,0.0267145243571492
"53",-0.129359892107189,1.00197453925547,-0.0332601150581766,-0.0533548691548642
"54",-0.124827875029688,1.00393970056118,-0.071939047611414,-0.0521507026954805
"55",0.0285377287469338,1.00263061507483,-0.0658014205985133,-0.030632063798258
"56",-0.400060955813402,1.04735634660615,-0.219599919074468,-0.220751426538257
"57",-0.16784549754778,1.02244885055276,-0.177091529521171,-0.118491527834352
"58",-0.023600244489853,1.00355992352312,-0.0617130186157042,0.0576543444597023
"59",0.150915066109716,1.00994444374563,0.103307898976768,0.0965155814450546
"60",-0.0476556897911418,1.00070300473145,-0.0369635184264107,0.00634050345709441
"61",-0.259702330939215,1.01812157303548,-0.0827335904819586,-0.172414298961002
"62",-0.0247497692906055,1.00111377282113,-0.0268446085865972,0.0388349471738208
"63",-0.172051138034628,1.02675378955351,-0.116580825546196,-0.201574441528357
"64",0.140258441115655,1.01160255953959,0.117065694720722,0.0981598776823331
"65",-0.0682821616240855,1.0237080708848,0.00609287699733318,-0.218954541502521
"66",0.173299798727194,1.0491293883542,0.0485039254129434,0.313559950771784
"67",0.012757753942586,1.01201848096653,0.115863665968926,0.103716038904513
"68",0.576317278789569,1.18387207603937,0.377506553180873,0.508961584730389
"69",0.186777261170393,1.01332040375363,0.0884872465769945,0.13779785142248
"70",0.196470639420837,1.01533427646846,0.120047244189904,0.128422553058814
"71",0.542500547103485,1.14838917880794,0.41892360041821,0.378550819594686
"72",0.00965457393951743,1.00170206405937,-0.0264768938581213,-0.0520192198368321
"73",-0.0592931290438785,1.0001179610214,0.0025541406728074,-0.0151463633597955
"74",0.178911868007129,1.03948736760915,0.210953903507889,0.189822122034747
"75",0.333883301897774,1.05390225147822,0.247303255712777,0.222600663486705
"76",-0.429310206508227,1.11033192292581,-0.330330495091928,-0.351736752530133
"77",-0.0536843620121132,1.00873410467234,-0.121008586511829,-0.0538647929498007
"78",0.368054197336346,1.06561323704412,0.268245976024094,0.252142156948292
"79",-0.0229043389269896,1.00418310261517,0.0627673415061249,0.066663066371729
"80",0.423400288048523,1.09917063607942,0.304003232187926,0.340232452947291
"81",-0.152019386619835,1.02084822695836,-0.160991855002573,-0.127329199741665
"82",-0.0770862168505427,1.00157520444772,-0.0212585827511981,-0.0519707881785832
"83",0.440947096512517,1.07582001228395,0.292846608015962,0.267636998571167
"84",-0.0900809501876935,1.01050597255527,-0.0519378394663564,-0.135737914384469
"85",0.126350763007544,1.01262652751146,0.0429376382265941,0.153521475512158
"86",0.189242460566266,1.0238907306325,0.0531451707405022,0.213372489093885
"87",-0.269353388279562,1.02604661847997,-0.178093013702703,-0.145101832395303
"88",-0.12373847836804,1.02222133275931,-0.163808787772746,-0.134547888116599
"89",-0.181159929682283,1.0348727447142,-0.186993564551255,-0.189723495036098
"90",0.0469160037291353,1.00193238130952,-0.0249511213164667,0.0569731363154909
"91",-0.0317885463579028,1.00052001043873,0.0120403818109319,0.0299219065930352
"92",-0.150028807023999,1.01119294414097,-0.0221806880341775,-0.14838863621858
"93",-0.272382638741683,1.03880952949876,-0.153636144543419,-0.235629314108577
"94",0.105424939546826,1.02137086405318,0.107390931114524,0.177948390976418
"95",-0.457308082500505,1.20218579374281,-0.419930392344649,-0.5185645073299
"96",-0.013560445519682,1.00360558408714,-0.022515450438843,-0.0819586658165581
"97",0.275921966010625,1.07994187010759,0.382687513643985,0.140800247558249
"98",0.0107901774048146,1.00306894266482,0.0570518945099573,0.0537808987610661
"99",0.0289290490067115,1.0031924650236,0.0750169124757375,0.0277053193941111
"100",-0.194596745377599,1.01477690843847,-0.0694293191520739,-0.157961208978709
"101",0.306944278249178,1.0457494421663,0.246045120201012,0.181806750744869
"102",0.0136558502028414,1.00339950992991,-0.0268414261012269,0.0780391848524228
"103",0.14038738667101,1.0187506246521,-0.0133756581662834,0.194097725379905
"104",0.0349360447431614,1.01762116333172,-0.140675881246121,0.125551298265822
"105",-0.143433440268828,1.02410668247471,-0.156933015697025,-0.155455864069511
"106",-0.0372563890008078,1.01153132725088,-0.138098907708373,-0.0642208509728657
"107",-0.208370378751869,1.01441374599645,-0.123460227541136,-0.117442838359961
"108",0.0875314196356763,1.00592940934643,0.00951271671326011,0.108643843860511
"109",0.580975714654799,1.14580034527885,0.350901874699497,0.435575832173355
"110",-0.373221369556743,1.06099581199647,-0.30246178409897,-0.185010762480746
"111",0.398476469656956,1.08929723914243,0.37040686962551,0.222187367187113
"112",0.0935263835687747,1.00345952270762,-0.0182541175695415,0.0812268484207262
"113",0.4571584607615,1.06421030565308,0.267551809877034,0.246899987221046
"114",0.118699684555023,1.00803905775149,0.0880045507095974,0.0916402804824889
"115",-0.278881748380109,1.01678441987136,-0.114094991284556,-0.144336029656213
"116",-0.106960375206661,1.00914864798219,-0.0538428638494405,-0.12442644307693
"117",-0.0740581003530401,1.01168950933687,-0.060993405134815,-0.140696367516473
"118",0.130964012213882,1.01554942464866,0.169081096209312,0.0524615745939296
"119",0.696745192070605,1.29371105288354,0.607699317433387,0.551715350469806
"120",-0.117059457846641,1.01369725387415,0.0443210685379653,-0.160055507233106
"121",0.0298016897146067,1.00087834998246,0.00399650068362745,0.0417312765909031
"122",-0.0964817393222002,1.00516760993048,-0.082966332655838,-0.0589789089335269
"123",-0.205382954205698,1.03173729729663,-0.227554542467889,-0.112697741038484
"124",0.321428508190144,1.0468009641642,0.101537853817955,0.292373601436821
"125",-0.247580185117849,1.01568807078472,-0.121155232485958,-0.13016784078893
"126",-0.283515128817148,1.01624169729144,-0.153435626710886,-0.0959411057348074
"127",0.886940522213622,1.33151489876856,0.591827814898166,0.650132112078397
"128",-0.158950279844,1.01593811718564,-0.0180621350521452,-0.178336808393741
"129",0.0111778028652976,1.00363775299751,0.0759024474971447,0.0390839827273913
"130",0.302339373093854,1.04593596200111,0.237007282720685,0.19444686817879
"131",0.0258552124034284,1.00667209187349,0.0826375708451791,0.0809921751884469
"132",-0.296799393614682,1.04182931268291,-0.153409858879407,-0.248744310415211
"133",0.128488773248206,1.0070518997943,0.115108811139976,0.0300581183252592
"134",0.159027465921092,1.00246702594315,0.0312651608674964,0.0629494068219163
"135",-0.0270977508392384,1.00099970179378,-0.0444705474681924,0.00477214827107635
"136",-0.281733669608342,1.01602804066939,-0.126024337440676,-0.128182860785323
"137",0.221032630436737,1.05467346715434,0.26596072170442,0.203963273237675
"138",-0.0094484357365247,1.00125189480636,0.0499999098013405,0.00231643544948698
"139",-0.495676993032466,1.02655207603177,-0.171727934361771,-0.155944481675323
"140",0.148778028565058,1.01952207484106,0.167835949976378,0.10609597062913
"141",0.147295713878106,1.00838282023824,0.109045196235831,0.0703211015949085
"142",-0.321516369409795,1.06242533144544,-0.137161237489444,-0.331563538145129
"143",-0.403328316544044,1.07030363795779,-0.236697409544981,-0.29920597210012
"144",-0.118733266235161,1.00305048678004,-0.0315680393319372,-0.0715104042948883
"145",-0.178697070536975,1.03244520951295,-0.14483468109646,-0.212051941273657
"146",0.132300082763445,1.00420772455143,0.0662526056583596,0.0635904575564259
"147",-0.18842611903663,1.0196424872617,-0.0529057240705877,-0.192020275465342
"148",-0.297768161798526,1.07019716370466,-0.27691950651607,-0.261987702215937
"149",0.0263390972597527,1.00115255306974,0.0287936198884908,-0.0384364666921581
"150",0.0319574132039148,1.00143652706806,-0.0159756583094397,-0.0511849205109858
"151",0.340583108563188,1.04472827419404,0.158790587790218,0.257376603695236
"152",-0.0720396792506355,1.0010417403986,-0.0456531492957946,0.000596640281132751
"153",0.0496882201865184,1.00010085860693,0.00153267751862233,0.0141201376032487
"154",0.163576315656122,1.00008805213075,0.0113850463918919,0.00681855800905235
"155",0.127083175810336,1.01676835912646,-0.00575792970483319,0.183806263131144
"156",-0.0907803796966154,1.00171500708882,0.0315722224587117,-0.0493573722554587
"157",-0.175371761289961,1.04237869125433,-0.221903982912985,-0.193163035667917
"158",-0.218584853052089,1.06286784068121,-0.18541505026499,-0.308722052807341
"159",0.180809841028127,1.0056893694194,0.0589173373910077,0.0891058646664376
"160",0.318380108136884,1.05887258203475,0.236104333226726,0.255863027451196
"161",0.124082558396841,1.00892169847511,0.0982169277158818,0.0909748798512701
"162",-0.224959827440444,1.02850172778264,-0.103355186784258,-0.217102532036509
"163",0.248876368974077,1.06841352559496,0.309991704175245,0.213102334611282
"164",-0.51350437832415,1.0927826773535,-0.317813804347893,-0.305234935238102
"165",0.00511317284748745,1.01432920484539,-0.16201435085091,-0.051137910796626
"166",0.499339888367983,1.1430270690944,0.35041709479265,0.428624241451198
"167",0.374791900839559,1.0608062574866,0.273651672631855,0.224554398728958
"168",0.09691782385662,1.00500839787042,-0.0159122132936362,0.0989377645702484
"169",-0.141238868756202,1.02571486676546,0.00530533966255742,-0.228172832025988
"170",-0.189677130628844,1.01086964024261,-0.133569276295125,-0.0633772671722057
"171",-0.326779826155143,1.06317221777459,-0.335531063767057,-0.133244399113373
"172",-0.159208970683091,1.0093567084329,0.00865047885577019,-0.136843465587738
"173",0.0698811427072272,1.00977573406728,-0.0220493159536333,0.138422761051428
"174",-0.0602650948447839,1.02108108693041,-0.0873270699420008,-0.187030930442915
"175",-0.416448727386414,1.11901817343909,-0.438534660988881,-0.244722339802306
"176",-0.00572413355968617,1.00530140030971,0.0980803246021924,0.0317986696357095
"177",0.449942909220703,1.15428296301155,0.420845083522029,0.394028646641412
"178",0.105523175634349,1.01928993717508,0.0407859067401363,0.193102267821402
"179",0.290868572652151,1.0440406828741,0.220972144747318,0.202958761185605
"180",0.0372818592568764,1.00155661099163,-0.0556617613278875,0.00417293025487688
"181",-0.482449328036225,1.14958834892268,-0.393462155964369,-0.408339201893046
"182",-0.0268826661205021,1.00578553482082,-0.106269518453201,0.0176445884770044
"183",-0.241387463542211,1.03219214032477,-0.15996892580872,-0.199575943750321
"184",-0.528742364373443,1.23580602289684,-0.52626905926711,-0.500257337263746
"185",0.422736318168044,1.12090766701854,0.388310753818894,0.325036546329105
"186",-0.386232196673883,1.08096465004896,-0.203575552799461,-0.356428911506705
"187",-0.155290708710542,1.01181140107162,-0.125353856294564,-0.0897146702084162
"188",-0.185773340451342,1.039554936765,-0.247336545022086,-0.13963917805908
"189",-0.010563260099716,1.00177593898283,-0.0368031012501495,0.0469101658844232
"190",-0.0431407031927213,1.01010058163454,0.0205665612362171,-0.140997168685587
"191",0.143538477999699,1.01856734991152,0.0250588722440988,0.191967443145024
"192",-0.114268890260216,1.02344945755312,-0.0460090055393167,-0.212913042285029
"193",-0.303126764909893,1.05322019872663,-0.261508253703396,-0.202203413054162
"194",-0.0781674769020501,1.00444868981038,-0.0938098875293406,-0.0108108955926475
"195",-0.382988705761551,1.08126516922308,-0.286818289125992,-0.294736552191695
"196",-0.298101164880725,1.0534112197781,-0.256530671710198,-0.209445010507047
"197",-0.168745832751256,1.02831330629407,-0.0237017138243753,-0.238466946689127
"198",-0.408591415566261,1.13754768336944,-0.433998313622821,-0.325054142738916
"199",0.215269253856989,1.01124886905716,0.0723722923346582,0.131857978414681
"200",-0.0289382177735858,1.00125999084469,-0.0300794540674961,0.0402093982708088
"201",0.116017621757984,1.03036500775613,0.127741092755781,0.212918440793311
"202",-0.303919753830232,1.06279527124314,-0.250077748783813,-0.258833746138307
"203",0.361111858082602,1.05693998541767,0.182141108035752,0.289735654585731
"204",0.160656310070487,1.00441385648045,0.0515297983817035,0.0786884678251152
"205",-0.00427349965437933,1.00017931808633,-0.00337826019481872,0.0186347977102309
"206",-0.276081925134212,1.08931859481705,-0.312101923573777,-0.29867606250876
"207",0.202124776794802,1.01456925043399,0.159897139676729,0.061511532653623
"208",0.258491321529364,1.03637195073509,0.177157934266511,0.206595950097942
"209",-0.228144246487031,1.01772625372749,-0.179391698593519,-0.0598777588250998
"210",-0.178808684962042,1.02446343149068,-0.163831763045004,-0.150613664317753
"211",-0.187109244579491,1.01582097713455,-0.177694263420467,-0.0178046716916752
"212",0.120175615875935,1.01630940519065,0.169458307677563,0.0645653857575615
"213",-0.0533754580288148,1.00107058522604,-0.0434039870307478,0.0160751520873937
"214",0.3267919674053,1.06799794921815,0.304779273613611,0.218470167093214
"215",-0.106706420807675,1.01436388734956,-0.136813761895307,-0.101074677911781
"216",0.340069215520912,1.09890187298713,0.275513535562778,0.362874107889128
"217",-0.0880779995294382,1.01479521314525,0.0518768961802436,-0.164675779230638
"218",0.10576828291607,1.01924252738728,0.17378527434671,0.0930269211306057
"219",-0.294772588724551,1.04807484375655,-0.216125727231166,-0.227487468103466
"220",0.0443839340716481,1.00265958389817,0.0620616736457053,-0.0384003886327363
"221",0.233110241198277,1.04008184283206,0.220665222047404,0.181871107017323
"222",0.170503728079978,1.00441954268702,-0.00301963056608241,0.0940717787800346
"223",-0.376615943243945,1.04807610939113,-0.226118147615794,-0.217564046651199
"224",-0.128485498223462,1.00361364190794,-0.0367391554790807,-0.0767500923673401
"225",0.071692037308136,1.00281379206316,-0.0746260472290694,0.00815197074716943
"226",-0.326925961652823,1.04617832314361,-0.273842012481885,-0.139641097157867
"227",-0.449056667758433,1.08648098560235,-0.299219045416198,-0.301511019592425
"228",-0.0570539913060717,1.00122644645506,-0.000380232262347064,-0.0495404128409435
"229",0.458052991001345,1.08819115588299,0.36967079613036,0.217952963343727
"230",0.134056309192185,1.02112434417927,0.13292574170684,0.158195048807544
"231",0.364226558779015,1.04670259789816,0.230474844405278,0.206076865618421
"232",0.0188694866016429,1.00086385548444,-0.0358626053076969,0.0210316607931062
"233",-0.0128993854980573,1.00016774510021,-0.0180767772691145,-0.0029577799789904
"234",-0.195246841778031,1.0052882832776,-0.0465980502026392,-0.0918322068369517
"235",0.135467449116615,1.00005084252109,-0.00208885059694375,-0.00986530943875041
"236",-0.0222863211865987,1.00398315586669,-0.000349817318293789,-0.0893423465769702
"237",0.558081372941291,1.24841478491082,0.477885951104831,0.57459941952682
"238",0.265823035501595,1.03761317019051,0.253646628658469,0.11092555486895
"239",-0.00939537316148271,1.00079228986708,0.0289569286038423,0.0273258804656471
"240",0.141212225143293,1.00909564968772,0.134927022012653,0.00829029248494306
"241",-0.130800954959255,1.00735151418361,-0.094871750142537,0.0758711022254173
"242",0.0702752273884366,1.0074352634353,0.0957029869417871,-0.0759391091820839
"243",0.326337974601454,1.05715173749166,0.210018420835621,0.27103885144265
"244",-0.150537078504215,1.01414020832476,-0.031024487560028,-0.165885030405501
"245",0.0054532415473433,1.0044409944607,0.0228540443358625,-0.0915390846070119
"246",-0.433990347297894,1.06914593378385,-0.272504884900967,-0.262324446881456
"247",0.14980562982363,1.03535883075316,0.120325782457589,0.23976991991182
"248",0.231406095422601,1.03744003518761,0.204796033411305,0.185311659938224
"249",-0.00530767781504315,1.0007814696596,-0.0394891264480918,0.00203933969714189
"250",-0.573887159607939,1.11930360078207,-0.341471474555984,-0.369104027055083
"251",0.0840464097185205,1.00261035312606,-0.0702342579575607,0.017165931512874
"252",0.455544582708614,1.10350509376577,0.328537837954905,0.331340279771283
"253",0.231134796642045,1.0462160226636,0.197608164352754,0.235624658003323
"254",-0.0817396577748361,1.00195723619495,-0.0560071623769719,0.0279553380573625
"255",0.341123377498367,1.08279920742853,0.296263123858765,0.291002207980099
"256",0.216081258944501,1.04590917023263,0.212061664218216,0.221259673112175
"257",-0.443309598875636,1.1141478770238,-0.339616221803896,-0.354945508161875
"258",-0.238163081616424,1.04160723749926,-0.0987898605739385,-0.274201022351527
"259",-0.121279938578441,1.00944839453185,-0.102623440600385,-0.0919483042925373
"260",-0.694228323287977,1.166133115276,-0.422724207004025,-0.425641500979557
"261",0.221340282780143,1.05373367674215,0.310092986373564,0.119151169958366
"262",0.176600735374265,1.00379051303519,0.0647346678832485,0.0583508083361804
"263",0.22804066545454,1.01178038137844,0.152757397042796,0.0190975859993728
"264",-0.0131142602501171,1.00567451203767,0.087608957530198,0.0608760603412343
"265",-0.38553313758876,1.07818679394073,-0.310122345475327,-0.257509016279188
"266",-0.284449244397322,1.05335281776364,-0.223883507822823,-0.243779272325509
"267",0.15003836421675,1.00683195476112,0.0928139562165059,0.071387356440301
"268",0.0161395572841855,1.00555110595658,0.0767752891971748,0.0723780468041714
"269",-0.358700228789239,1.06367357954902,-0.117169411328035,-0.343034710896242
"270",0.0899034642654177,1.00742259309442,0.120898918142575,-0.0168443660919485
"271",-0.0199008238138112,1.00375708126815,-0.0255270992162536,-0.0829255413099946
"272",0.0117869005151078,1.02237262885696,0.0166847639329602,0.212055207171129
"273",-0.140687062094661,1.01302763114376,-0.0265661730033282,-0.159747362772299
"274",-0.20214521657426,1.02915245487439,-0.219429794234945,-0.104906342877745
"275",0.0862488895384844,1.03345744736819,0.0769920562171016,0.249211795066438
"276",-0.024229487937297,1.00348567760901,-0.0457120085544686,0.0699565396537697
"277",-0.348728302109197,1.09046069018723,-0.207039737065822,-0.38241216523449
"278",-0.044756023328162,1.00340262969281,-0.0585221873589747,0.0582408006569119
"279",-0.345649038300754,1.06974974082332,-0.246030336519791,-0.289540293402359
"280",0.0578530283108172,1.00660121567429,0.0943567555316047,0.0659000006260027
"281",0.27123174588608,1.06126901199796,0.0878226811906399,0.344353150843151
"282",0.113276975323566,1.00396774972363,0.0366323628770067,0.0812976781660154
"283",-0.332948178543975,1.08982049801986,-0.241219787177832,-0.359891278274604
"284",-0.244464366630563,1.03934066739878,-0.188323528846754,-0.211573323913138
"285",-0.217256199225646,1.02448974214969,-0.180399488002131,-0.130519180577086
"286",0.221946377970233,1.0076646457559,0.123741963091451,-0.00871578319134477
"287",0.0638034745891748,1.00119851608718,-0.0378995065978895,-0.0310176726207844
"288",-0.027421658226347,1.0004076115619,0.0204993105355303,-0.019878821357222
"289",0.034852605773551,1.00892509113933,0.0344078958114207,0.12940609041437
"290",0.223622121445253,1.04916768024983,0.267447585590855,0.170952070015063
"291",-0.108339382789183,1.0050688385692,-0.0781613407016612,-0.0636724044038606
"292",0.177762311628755,1.03257150859345,0.221214593020195,0.131407854384206
"293",-0.243703621178664,1.03823759437294,-0.21915288209213,-0.172943102319846
"294",0.131010844224089,1.00821798766789,0.101119975849056,0.07923547905691
"295",-0.0233393311306333,1.00345917128934,-0.0404277223051322,-0.0727729875291039
"296",-0.686552408007995,1.273232448934,-0.56188451872664,-0.552636097838172
"297",-0.0350111127294082,1.00165889174921,0.0575085299652606,0.0036475199103632
"298",0.063508626930056,1.00274883286863,0.0362665784970007,-0.0647298779816162
"299",-0.385299654852845,1.08564270220683,-0.322246779768454,-0.273453999392587
"300",0.0830195616566245,1.00064694752682,-0.0109795486602972,-0.0342602262976682
"301",-0.152365431452643,1.02660966307848,-0.215780020402551,0.0858276361155331
"302",-0.32118553761054,1.03691510159567,-0.241516761455836,-0.129856004301062
"303",-0.101405741241916,1.00057898035349,-0.0304447067392624,0.0152123553988734
"304",-0.0199239685412532,1.00397468031485,-0.0848201353819919,-0.0277615443931305
"305",0.326345461783857,1.09628124932339,0.420206292784796,0.158931586294574
"306",0.546876811179615,1.14148409994165,0.333911609862473,0.437594546605254
"307",-0.101588581353833,1.00881568958748,-0.132268414814121,0.0146342748509986
"308",-0.286892145648619,1.04588762478406,-0.244049238006244,-0.185258989269131
"309",0.00595440163659511,1.00314914562218,-0.0621780129573422,0.0494176392311926
"310",-0.0190460102134118,1.01259588196785,0.158473384571608,0.0153820206951251
"311",0.486333879007271,1.11449223063757,0.318946739613007,0.374654386657548
"312",0.320085423594517,1.03925711498678,0.190481836594902,0.20921764021727
"313",0.304766771393018,1.02106019774597,0.19488595363281,0.0677007569947876
"314",0.361187371670798,1.0374432759481,0.260015263030187,0.0931698116412998
"315",-0.536696546756584,1.14464421399437,-0.362979433583206,-0.422440892228021
"316",0.201731413552266,1.03572185719013,0.203401468144931,0.177052557784023
"317",-0.161382195539337,1.01387569060065,-0.130258474301355,-0.104769489182826
"318",0.0586104754244784,1.01613106245619,0.0692861195963793,0.166498557710351
"319",0.17317069230816,1.01076334175272,-0.0549251354477905,0.136476234294322
"320",-0.142847283143435,1.01021696521255,-0.104562664059739,-0.0980049288964288
"321",-0.0853048207269687,1.01135687648164,-0.132536259626999,-0.0726420779629778
"322",-0.458938389120223,1.07911218570336,-0.140068937035654,-0.380609776820272
"323",-0.384490790284963,1.08193186878533,-0.347751326010588,-0.222812890002321
"324",-0.0235988071056243,1.00153457351029,-0.0370192376474131,-0.0412441266175115
"325",0.0825633406878868,1.00009071028126,-0.0091559087044812,-0.00987917641702108
"326",-0.198012914255319,1.05348029598282,-0.248149513424652,-0.219641874448291
"327",0.365102722621593,1.08147626454808,0.31938200523522,0.259973163062668
"328",0.214655509751463,1.02215477120795,0.155131843220999,0.143994748244613
"329",0.141519223088515,1.01837682501906,0.151144752203502,0.11935921253615
"330",-0.119265173915943,1.01168782983759,-0.0601110796157188,-0.141063542947577
"331",-0.410938600757983,1.09624323718699,-0.278437769521186,-0.352450909464379
"332",-0.195552240850017,1.01878668069468,-0.145910711014971,-0.128982034299324
"333",-0.142724195726718,1.01627652321748,-0.114932705810851,-0.140030156673527
"334",-0.254570139569071,1.03148642118773,-0.189561313174031,-0.167423850279501
"335",0.0642810525888531,1.00677540485305,0.113011317071882,-0.0287255640623063
"336",-0.0425383275801257,1.01500051565406,0.113150705045587,-0.131996078448128
"337",0.632533905075803,1.25175597195829,0.525453737960177,0.539250760404592
"338",-0.0364643437990046,1.00640104188697,-0.113309978758789,0.00197631598300851
"339",0.217790791742385,1.0343248876975,0.130433382707441,0.229815373693613
"340",-0.0277907081618734,1.01401981236195,-0.139749440842014,-0.0933074147477405
"341",0.48067998190136,1.10121591724713,0.349664462575469,0.300684652102897
"342",0.134040948328563,1.00757512991544,0.107810350950324,0.0598712840356592
"343",0.236326775684669,1.03524718818109,0.142337722373617,0.226884802105277
"344",0.0881504077075241,1.00060447685083,0.0337565771231366,0.00835539315936689
"345",0.0744974609664403,1.02840180704267,0.168022116139684,0.171402582292619
"346",0.101844712151511,1.00976180445383,0.0961025370353191,0.101898008367355
"347",-0.297530051909758,1.05534676524603,-0.235296784257089,-0.241644818346135
"348",0.17167114328366,1.01081072875246,0.121753672027858,0.0831527071646418
"349",0.117673689918216,1.01468365044334,0.160844967577021,0.0609245999753852
"350",0.140072570271826,1.04189947995853,0.185149400295777,0.22643812821157
"351",-0.196404976446922,1.049340601265,-0.281403045544072,-0.148081137967381
"352",0.0428354297083683,1.00042097437265,-0.00736234031030237,-0.0280699467379331
"353",-0.0527948066815252,1.003282868215,0.002238181693951,-0.0810648147867915
"354",0.262224518161345,1.02346586504853,0.162152247234527,0.145564506787604
"355",-0.269609591520801,1.0001489988052,-0.0168511680178904,-0.00374939294823188
"356",0.19243837934716,1.00299419784836,0.0319031455664807,0.0705659281837746
"357",-0.358332277135721,1.06142827218747,-0.283539836719073,-0.215023575433502
"358",0.064232764108512,1.00097609035587,-0.0210515053128328,-0.0388583014063511
"359",0.0501608369273002,1.00327851984796,0.0538747123064701,0.0605417522228338
"360",0.0867744334639092,1.03063915296981,0.249420494529011,-0.00254569110905506
"361",0.320786346230727,1.08099563028043,0.241976827262361,0.331660621348721
"362",-0.201374895159401,1.06751308684595,-0.324067067538192,-0.185915911972514
"363",-0.251599363465748,1.08240930067752,-0.131131226258614,-0.392956098938697
"364",-0.171633761767229,1.01970308721569,0.0388496600330968,-0.195665760910105
"365",0.42677493996441,1.07475639311569,0.253533168485664,0.301367279280048
"366",0.255083595369134,1.03119243576379,0.18981094147274,0.165316805176249
"367",-0.188420806317929,1.02360552256679,-0.0954818391964201,-0.196599807255513
"368",-0.252325767878271,1.06378853858959,-0.28944375605512,-0.218788406720443
"369",0.498560857523319,1.13186644703976,0.369295808601994,0.380450075152319
"370",-0.567403987496206,1.23558185820953,-0.51424229832258,-0.51207166193066
"371",0.0935055151604482,1.01371119681215,0.117673198675961,0.11731755561589
"372",-0.151739001982273,1.04483121732128,-0.0300688869171229,-0.30127750451806
"373",-0.243263241016067,1.02760110336206,-0.234281097917335,-0.0328084560682007
"374",-0.202289133808167,1.014433484869,-0.147758063898469,-0.0851049339136476
"375",-0.117421531754663,1.02274799857288,0.0234768163656426,-0.213218919606511
"376",-0.164732202183735,1.03930443317356,-0.193406822863998,-0.206754699302985
"377",-0.0649854110924233,1.00987978294018,-0.135716426424271,-0.0379239711782043
"378",0.0612870104542714,1.00198828340382,0.0533054802670409,-0.0337497533627041
"379",0.0329066897788485,1.00340550750187,0.0379752865696832,0.0733518240743353
"380",-0.36307361617545,1.05710247461401,-0.260847064607401,-0.222316105401222
"381",-0.2180412709341,1.06255105784231,-0.300949818672817,-0.196071306321504
"382",-0.288708104972533,1.01974781590296,-0.128739182162984,-0.152682124084224
"383",0.0502833235855074,1.00943848710056,0.116042233206281,0.0741637334036977
"384",0.0526880074883118,1.00149805933437,-0.0489911122301888,0.0244588178976405
"385",0.194938943303586,1.0371328433014,0.220531533245029,0.164348341941877
"386",0.215055625393843,1.03070796116409,0.201175961316834,0.147943008605631
"387",0.0503312530815427,1.01742558724872,0.186974897178051,-0.0139718793890166
"388",0.194359632862478,1.02941228350589,0.194967624539936,0.147232044114248
"389",-0.0879917495095879,1.01421158573401,-0.0704207326618507,-0.153837775102403
"390",-0.243963487471383,1.0228356283008,-0.148689936727766,-0.155190287187654
"391",-0.0736173652526548,1.00112585136724,-0.0418455587878274,-0.0224035596614951
"392",-0.00552733312678148,1.00018658251465,0.0193120025868596,-0.000496385356597462
"393",0.0593556957782774,1.00301527588727,0.034224062916275,0.0697736137857468
"394",-0.00619042517120623,1.00128791415532,-0.018913090827677,0.0471145628108124
"395",-0.132829165538122,1.00606515385023,-0.0311499037994435,-0.105814825449792
"396",0.187763606196131,1.00290503377901,0.0497853885309892,0.0577920571368115
"397",-0.123171332915935,1.02643985411958,-0.173446441096346,-0.153281134507942
"398",-0.42094531313098,1.10009868596431,-0.3823440455307,-0.253041794389017
"399",-0.28807869922801,1.03187796024354,-0.208625074978855,-0.145765918260846
"400",0.543303777091686,1.15366241025849,0.412635274953604,0.400835485838519
"401",0.416637538608618,1.07335972560012,0.350170680002202,0.171702054172814
"402",-0.272113720742568,1.04256701435117,-0.178578367192519,-0.234639609154035
"403",0.0491075234202923,1.00371870047714,0.0369252932862352,0.0780240501592248
"404",0.00471559410252705,1.00121903118688,0.0477134002964714,-0.0127663558989628
"405",0.332907209239687,1.02357811256096,0.0946548098524935,0.196856850238024
"406",-0.353953998306986,1.05333934526584,-0.252274150947267,-0.214199741010352
"407",-0.18394303210366,1.03026625659671,-0.217894086518316,-0.118197827992467
"408",0.180601883316689,1.04901278757486,0.186890895363472,0.255928938820561
"409",0.176247655822375,1.01275629332556,0.113659414384856,0.112946213713524
"410",0.0166560894106737,1.00038406721222,-0.0275227559358598,-0.00328326632495585
"411",-0.12708227138728,1.01043903154404,-0.142773003888245,-0.024554140758243
"412",0.025352516265827,1.0108713487523,-0.147624937929096,-0.00823173309337622
"413",-0.0584392349042196,1.01507731719233,0.101857804070362,-0.14144591768005
"414",-0.0773738519144321,1.0075301756381,-0.0553390224639443,-0.109793658350948
"415",-0.0406191266036955,1.00283580662768,0.0459835995077901,0.0597089912065303
"416",-0.218527609006891,1.02913532934619,-0.196325128705751,-0.143443263861247
"417",0.272731016608638,1.03536671136176,0.225418291552187,0.145501961601101
"418",0.150730681049496,1.03342997137176,0.129583447703771,0.226242427079091
"419",0.144952522076924,1.01814021835352,0.19069358400014,0.0156672030096233
"420",0.0659411669078795,1.00307142070623,0.0771132822764798,0.0143463143059019
"421",0.0999159775282866,1.01989514238256,0.160865818230165,0.119617264559431
"422",0.0480594384130416,1.00353237113311,-0.0462377606608177,-0.0702800782663149
"423",0.373886701846744,1.07154512187833,0.323103793148636,0.209315281511409
"424",-0.039725365110226,1.00820011649813,-0.0559222111026313,-0.115499702217114
"425",-0.108459932010121,1.01057600094681,-0.114526661905352,-0.0902634887563608
"426",0.0801871383074293,1.00585742539871,0.101446256920055,0.0381813722464879
"427",-0.0911586326704256,1.00191512010116,-0.0247042090536618,0.0567768433638153
"428",-0.364475529489755,1.07557347642496,-0.230092838125101,-0.322359409715952
"429",-0.135515454839992,1.00006459747597,0.00376095635780948,-0.0107263382402365
"430",0.390497944362672,1.0425360850873,0.12631854401698,0.266317694017086
"431",-0.175884644880897,1.01889706885726,-0.192523739787467,-0.0329521857268003
"432",0.172790912775918,1.01551427634165,0.0587563273648821,0.166784110299193
"433",-0.492129004863069,1.08162096076978,-0.342728130595071,-0.229000723307474
"434",-0.117295240588143,1.00897372505381,-0.0781992787360529,-0.109146006130004
"435",-0.0197756489823955,1.0118826170633,-0.151555035579162,-0.030618652900837
"436",0.39924914186845,1.07507262293649,0.303224273961003,0.252658236098407
"437",0.159995475311555,1.04312988975019,0.250048924586067,0.159985943768825
"438",0.252990498024318,1.06772380045155,0.119064413477122,0.354764399981242
"439",-0.0895338079346867,1.00756992621494,-0.0389541397961171,-0.116960383059958
"440",0.112428774955257,1.00489074946016,0.0236946674910841,0.0961456243574366
"441",-0.161862285784537,1.01238984187771,-0.105877284031535,-0.117146031359476
"442",0.198768201610733,1.02621759521731,0.213208589620915,0.0875479871011596
"443",0.0339395603556703,1.00054256921957,-0.0328038541531721,0.00305613697292473
"444",0.0437085355801473,1.01229726541905,0.150868993004804,0.0445454882631688
"445",0.284698474460782,1.03776771553883,0.213439731291986,0.177215440977057
"446",0.00794130294785413,1.00432049548298,0.0587437012451577,-0.0721722606767784
"447",0.0590679364945156,1.00628626297669,0.0801507938787312,0.0786631635277693
"448",0.0776407174268529,1.0319091268788,0.238132161104678,0.0901638507573407
"449",0.0476301998448832,1.00580417424323,0.0395620104677308,0.100383685192688
"450",-0.139137916425265,1.00533437835073,-0.0745332713450628,-0.0717077663607956
"451",0.0692435686172142,1.00494197499258,0.0983125104008315,0.0155892078270685
"452",-0.357390564138428,1.09144442052686,-0.250124852472427,-0.358731767864036
"453",-0.298934375050682,1.07954089800731,-0.296632924024347,-0.278239930375195
"454",-0.259355413822656,1.01484543368447,-0.164121023229299,-0.0545485472253586
"455",0.0905863743227464,1.00420735019443,0.0562109516876489,0.0726135737647509
"456",0.239093085965461,1.02398230364929,0.177815854196112,0.130081821110433
"457",0.310470460962733,1.03693615354985,0.179488569232464,0.207413693023495
"458",-0.171544288781139,1.02804221649147,-0.19219791666883,-0.141176342624601
"459",0.260472648198682,1.00399504523588,0.0253070987618815,0.0858230832029154
"460",-0.0571429125772866,1.00417230354564,-0.0870571576312933,0.0279833256301089
"461",0.0781225281456064,1.00314899018779,0.0505264730394723,0.0612778266338598
"462",-0.014575195009596,1.00190094465442,-0.0232168006623174,-0.0571531544747932
"463",-0.257373720186712,1.03841952045772,-0.192401248628381,-0.203216288702178
"464",0.227088353297454,1.03415774546023,0.225046655889955,0.137245200892895
"465",-0.317692756925361,1.06762325302367,-0.218589809338853,-0.303377496940778
"466",-0.362292993329486,1.05164811339859,-0.17870428935382,-0.272081846842743
"467",-0.545848007223764,1.09384451096204,-0.212595043150152,-0.388971929308221
"468",0.357007057796681,1.040519241001,0.223936565320031,0.180368249994177
"469",-0.10507506283732,1.02359149247343,-0.0849330241718266,-0.201310518525522
"470",-0.0382422321744147,1.00055039172957,-0.0262680616268211,0.0202749926896089
"471",0.162113911154413,1.00484618938791,0.0979345857985394,0.0111660750432554
"472",0.0623321054749387,1.00314166532249,-0.0119477228661851,0.0784248214807846
"473",-0.0373139859997858,1.00152717435415,0.054385507753354,-0.009944723034071
"474",0.385190789821215,1.06292909850153,0.268906493696411,0.239807352033216
"475",0.0517567132239893,1.01961690700115,0.190756656235232,0.0568377967953783
"476",-0.017729625006296,1.00050498096249,0.0256502674238702,-0.0187691425440907
"477",-0.0571761881242893,1.00701713207118,0.00274225571394621,-0.118642253512228
"478",0.155900965997826,1.02762455998628,0.221577080665571,0.0831614911525441
"479",0.229076243706204,1.0177121956554,0.0659324864449818,0.177175112295498
"480",-0.498738717402853,1.11404643846352,-0.298974666418243,-0.389504320763401
"481",0.0929859126265656,1.01475605497603,0.0191093659280543,0.171361265297472
"482",-0.112282881268355,1.02146032298798,-0.176300465857216,-0.110902376788009
"483",-0.153399418274459,1.01552871192376,-0.149800115191452,-0.094119552857832
"484",-0.384577425397521,1.08959142402435,-0.410551669588766,-0.136589889469528
"485",-0.124516490750209,1.00868634382294,0.0183642349080057,-0.130808620094932
"486",-0.084440613071962,1.00855773345147,-0.130472195804525,0.0128727552108828
"487",-0.346700894334222,1.0559997603451,-0.317642056548001,-0.11932735545912
"488",0.263953934106421,1.03811956641191,0.187317236526621,0.206408544075317
"489",-0.0249764749878404,1.00054635318032,0.0319416703463171,0.00852845577619068
"490",-0.235852675629891,1.02616878985165,-0.163043051408555,-0.162601810115966
"491",0.157863411730985,1.02684463141716,0.213761528646014,0.0933590163892318
"492",-0.0928644105038069,1.01155754255086,-0.0227386121740397,-0.150770081275889
"493",0.492707394738817,1.16955214663486,0.396093351395186,0.459306303765512
"494",-0.263616565504167,1.08635278447758,-0.304406634441621,-0.295802253625834
"495",0.187493225332898,1.01968954324665,0.174336256585911,0.0968175306758672
"496",-0.339127795402402,1.06018689226686,-0.190843362772367,-0.295930832155429
"497",0.583984550123442,1.18026768886383,0.494726588058563,0.385068072480581
"498",0.402453426986755,1.06249650041675,0.286437980676824,0.2164534514015
"499",0.417541449230123,1.12934753958217,0.281145617451815,0.443151223565886
"500",-0.272967281727015,1.04451966115552,-0.229100250876234,-0.196301802306803
"501",0.0134463404375265,1.00204075376542,0.0606547754823215,-0.020166070959973
"502",-0.219842016507616,1.05525523488337,-0.127594894174738,-0.311902474708526
"503",-0.305944379319327,1.01469668838737,-0.137265969660738,-0.103766193904306
"504",-0.322658278614325,1.1161045563322,-0.311521412142428,-0.385543500064888
"505",-0.307066514747709,1.05178703797931,-0.15324052080998,-0.287703521082329
"506",-0.256477423945485,1.02899296763313,-0.17233262201358,-0.170669255662409
"507",-0.411630906899234,1.12136942346119,-0.366775270420295,-0.350635544236187
"508",0.157525134215875,1.02960411668193,0.224862529103979,0.0975780717852949
"509",-0.40616725507359,1.10387965210113,-0.293281015673117,-0.364055671798514
"510",0.0698953307421726,1.01799355298107,0.0954797320096088,0.164907533746641
"511",-0.148385613949091,1.0071938093561,-0.102809545782029,-0.0622058429839596
"512",-0.177619115369084,1.01963432300287,-0.199068270807309,-0.00509668552108046
"513",-0.156654565305621,1.003808873215,-0.0855660321250274,-0.0176269138406485
"514",0.35026673870072,1.0945675429611,0.367818537730177,0.250574598485046
"515",0.0637212161743705,1.00063291482382,-0.0166113176978231,0.0314689426761229
"516",0.483204347984059,1.14812293229198,0.485135933651182,0.287800961664692
"517",0.153464848594236,1.02242896777955,0.210311002004479,0.0336195864138406
"518",-0.0719675864306644,1.00023434180183,-0.00273963044269289,0.0214763345283694
"519",0.105143580126954,1.03550238687785,0.0821633215252586,0.25595777352068
"520",-0.533479668386372,1.13123346574637,-0.378284216737786,-0.369581121530352
"521",-0.409926494072004,1.06766615647231,-0.28602735487878,-0.241038117187726
"522",-0.0861760710821936,1.00599557073186,-0.0611756781506774,0.0910199139470762
"523",-0.00565140226079156,1.01701782122339,-0.0901159747748475,-0.161877607396284
"524",-0.312789853622877,1.00822931759798,-0.118318065182359,-0.0502711877280871
"525",0.378909998043085,1.06064825143289,0.286517085778603,0.207081319352058
"526",-0.534223700448793,1.07216525089509,-0.196764857251973,-0.332899258301275
"527",0.421146255551539,1.06894124250492,0.271009721770952,0.263038230365085
"528",-0.188223150330543,1.03645687629751,-0.175840895025677,-0.208141384786808
"529",0.264046663091946,1.03535579575423,0.196306917997341,0.182825648496762
"530",0.133062266109886,1.00987821046575,0.095846794986469,0.103283066687255
"531",0.210732373431463,1.01653400511125,0.0381048624581567,0.178576042638899
"532",-0.203001409602496,1.00777201733039,-0.0910840013987688,-0.0854876810035156
"533",0.363834597113477,1.08902888836648,0.327808104558197,0.280224492653102
"534",-0.164461808956549,1.00775324813874,0.0378415381563727,-0.118889137956883
"535",0.0319866838409425,1.00023637210362,-0.00664713357884469,-0.0207030358689292
"536",0.287413795102714,1.06142372721548,0.229116861526864,0.272260523139286
"537",0.279459279770377,1.05794421481979,0.260235969541489,0.226987228335567
"538",-0.0354329388699287,1.00409162850433,0.0756094956198102,0.0498317429415096
"539",-0.325453444537122,1.0793114374624,-0.33738038967501,-0.226025776627107
"540",0.047522072713843,1.00649344984852,-0.114140011246833,-0.00105944350935859
"541",0.00946394837951193,1.00015904242516,0.000356335616476894,0.0178320825969904
"542",-0.447137071295891,1.12140900453134,-0.412750613648045,-0.295288141274134
"543",0.0101373297950685,1.00904437659862,0.0651250159298897,0.118022397219438
"544",0.0109445764045189,1.00313757147528,0.0158364484542473,0.0776800759891415
"545",0.0320590198648948,1.00888691521759,0.0314708540408051,0.129855277302073
"546",0.0203221134319089,1.00358636054683,0.0478896779668549,-0.0699439905914683
"547",0.0123418867290346,1.00304877113061,-0.0308081535380945,0.0718170936629945
"548",-0.336778200015618,1.03178450603311,-0.167754111907866,-0.190886942528794
"549",0.0439873141732181,1.00433832149678,0.083158711171334,0.0421911457927007
"550",-0.0671440375805525,1.00130366870697,-0.0406654401817878,0.030908881261956
"551",0.199195344872672,1.02120530491621,0.13143197880628,0.159955961864753
"552",-0.190266614805735,1.04327614773626,-0.14276618096267,-0.260850413089083
"553",-0.173755649753235,1.05203750605802,-0.24222599314271,-0.219338738937739
"554",-0.013596781087236,1.01395272086773,-0.129150551036066,0.106865594660524
"555",-0.105819727965931,1.02059360917928,-0.114262680343602,-0.16898329792697
"556",0.319690753075498,1.07746601903432,0.287798517911864,0.279472780895377
"557",0.192659469906434,1.03750815262031,0.200897523604625,0.189903532782125
"558",-0.163374949104565,1.0303225025342,-0.147149663661199,-0.199778466589215
"559",0.042640413234553,1.01102213561894,-0.108465345486928,0.101985428076167
"560",0.224645773258449,1.03045121189413,0.168616715174772,0.182751480042549
"561",0.486144240778281,1.13045000429712,0.333942425953066,0.407921154592338
"562",-0.0335723616978477,1.00288627140323,0.0476112681450898,0.0592793430689134
"563",-0.126929330509703,1.00374846892454,-0.0667337490758617,-0.0552955296803324
"564",-0.389884364807933,1.05241363328072,-0.248079532772192,-0.214548365024422
"565",0.0832998402969436,1.00001656290153,0.00498113815963136,0.00288345973234609
"566",0.0133482295481809,1.00375822920398,0.0867614833354645,-0.00174002992579609
"567",0.370149478143275,1.05224265520477,0.19636511494591,0.262021653808717
"568",0.109521215760498,1.00567119092305,0.104505659294281,0.0212864141663619
"569",0.0227397308867295,1.0188547888257,0.161893927352586,0.108882675386935
"570",-0.286516223631158,1.0768079045095,-0.275621189489401,-0.289047094983842
"571",0.199630143006049,1.02782528106605,0.201039146443594,0.126523001844448
"572",-0.0614115893308032,1.01307444562648,-0.156738786264154,0.0418662783375968
"573",0.193498759282621,1.00719793377449,0.0596685684305793,0.104342415829034
"574",-0.00714189396899788,1.00405148539197,-0.0645233750663762,0.062897689845252
"575",0.0535592807813021,1.00095066642301,-0.0336538101153586,0.0277427049399969
"576",0.543283921063159,1.19550807265319,0.482448508314952,0.443264016815731
"577",-0.51623147598676,1.18282852862802,-0.466424256151692,-0.426065419166663
"578",-0.187581702021321,1.01371349013698,-0.143686102067964,-0.0834825979363957
"579",0.0179736516103705,1.01450057548114,-0.0275363329783167,0.168680668772921
"580",0.0580922106003201,1.01884958229077,0.164488392793196,0.104871540326177
"581",0.0874428115577984,1.01127256972479,-0.048127395757588,0.142674328648762
"582",0.114437389294326,1.00208943171446,0.0642042352452669,0.00781315111663878
"583",-0.251350688080085,1.0122416365261,-0.0851098572499567,-0.131869036987155
"584",0.448685611558195,1.08285707126618,0.318282444333995,0.266975134460013
"585",-0.52547514440177,1.15819244913686,-0.540402977809665,-0.222203444644961
"586",0.0322017735572161,1.00814070528061,0.112832024619881,0.0601383061273095
"587",-0.158129697328421,1.01281494849969,-0.0576996317934208,-0.149882862246915
"588",0.0477764876365334,1.00755096276483,-0.0663280643730379,-0.103728156470959
"589",-0.294744956959572,1.04372445381574,-0.207120514769487,-0.215550058813711
"590",-0.155243579741005,1.01170152121203,-0.0390164720400461,-0.148383566921316
"591",0.243756150979741,1.03043922715067,0.196438564960132,0.152370899607723
"592",-0.0805879836983827,1.02762825533832,-0.196789392970948,-0.131505764070637
"593",0.177820587194551,1.01566257682561,0.149552710212029,0.0959398604975107
"594",0.283442490538053,1.08598388094589,0.354433264591401,0.231814690270889
"595",0.248564887255126,1.08023541602417,0.289558527165367,0.288208975187673
"596",0.104559030537091,1.00429664651378,0.078940681697107,0.0487865039946537
"597",0.27762887563794,1.01256994031454,0.133152012145988,0.0869966993056131
"598",-0.237796454940538,1.05895657636725,-0.233469196803041,-0.258613929972034
"599",0.0801905234795575,1.00919457908314,-0.132519903133408,-0.0302022138973498
"600",0.589552798870413,1.16913567898652,0.379917748480083,0.47174223922508
"601",-0.153056184894156,1.00989639508373,-0.101671601591163,-0.097742591703922
"602",0.0698111453394314,1.01058156777852,0.127830619261091,0.0702455544004189
"603",0.252720280327426,1.03110800244764,0.23994477131373,0.0749013980561919
"604",0.0293018918453768,1.00097480694353,-0.0126192117770965,-0.0423239840960555
"605",0.00768051974843712,1.00062215289221,0.0164998170563088,0.0311841128742492
"606",-0.727603804868391,1.41559394722561,-0.740366112241293,-0.675103135281189
"607",-0.0665722857104316,1.00814327976442,-0.084901742974534,-0.0956272271586617
"608",0.214266613996643,1.00868567574668,0.0830891771148976,0.10267901977962
"609",-0.174658354587705,1.01135915900363,-0.0893133869065355,-0.121944525993634
"610",0.202507094215842,1.00590313822803,0.0993184539887153,0.0444631104882408
"611",0.201539116396044,1.0171833536849,0.0688031595086128,0.172997399562245
"612",-0.126350708205461,1.01573051557896,-0.114792613535702,-0.136129115753879
"613",0.309781455257378,1.0341932492517,0.203017555062107,0.16834354497394
"614",0.110084844905214,1.01370358299832,-0.10710973599543,0.126974243997011
"615",-0.0864682074037826,1.0274323063571,-0.222196135900183,-0.0790317742259306
"616",-0.0872062578587485,1.01521097612945,-0.0170856419559102,-0.174245249268595
"617",-0.130786629630768,1.01006137585192,-0.141961833086751,-0.00841551748419431
"618",0.126928300420648,1.00119024029292,0.0232353726893559,0.0429186988827273
"619",-0.10252522828599,1.01291984959722,-0.115486394147926,-0.112558937782664
"620",0.0554159338862489,1.00659689598745,0.112487179008075,-0.0241649657638607
"621",-0.419166974499673,1.15941171946159,-0.43987719038334,-0.388257121770289
"622",-0.127147247560567,1.00256226998789,-0.0713439929604642,0.00641403708432035
"623",-0.212838272272538,1.00151835759717,-0.0133013524393922,-0.0534985479000119
"624",0.143959281148895,1.01296927675622,0.0847503400526471,0.137565022854585
"625",-0.0783158793750762,1.00540468128574,0.041566693503898,0.0954504224319276
"626",0.106134934585392,1.02250465644874,0.16060902502315,0.140429745924693
"627",0.166632180321892,1.03065427434593,0.225094077999014,0.10761454026902
"628",-0.230625950882223,1.01326477623129,0.0562846295017588,-0.153419513859523
"629",0.0885668112131335,1.00095730506177,0.0431213622536001,-0.00748830247260858
"630",0.128122602333563,1.01173154493429,0.138615908201457,0.0662295176535047
"631",-0.130856109949944,1.00667420492815,-0.112367469372407,0.0276858573023923
"632",-0.130266001149567,1.00123852142342,-0.0168030526746288,0.0468639968735509
"633",-0.0099075986853509,1.00139197325704,-0.01647187694319,-0.0501454023176336
"634",-0.206913138155626,1.02626896402695,-0.163198585622881,-0.163077307359535
"635",0.250535721672806,1.03327207317826,0.127128784739588,0.226912867199574
"636",-0.206317040563907,1.03521638560827,-0.0464586504337666,-0.2636561374816
"637",-0.0326183298364626,1.00467659481349,-0.0788166664535495,-0.0562404947984417
"638",-0.517826630370504,1.15717842839801,-0.457541319076357,-0.360163652368703
"639",-0.151562806975114,1.00601956139794,-0.108882705244255,-0.0148295115896663
"640",0.411712075875329,1.08053488488441,0.194865525996657,0.359976477329009
"641",0.0442251119238936,1.00486827101403,0.00236520375551806,0.0987656210526294
"642",-0.212235009732117,1.0292661052397,-0.132983124858189,-0.204216071596373
"643",0.0439968924748454,1.01226670816105,0.137685404688987,0.0756744196332656
"644",-0.489348402301611,1.13887821489148,-0.465101624828501,-0.284119810883196
"645",0.274301920723509,1.02568338283461,0.162169549476779,0.160397752620019
"646",-0.198398989932076,1.01022940394617,-0.0968964625620063,-0.105709621796742
"647",0.321541966940935,1.10132797887257,0.362704817571796,0.285251700008536
"648",0.240689535057525,1.03220597476013,0.151020305739026,0.206499495362601
"649",0.127624837031568,1.02434570744668,0.102139070409191,0.197108443909396
"650",0.16399607577937,1.01297361222829,0.0105894949783275,0.161255702742386
"651",-0.188239446888345,1.01986837052285,-0.200087177931325,0.00982926347255955
"652",0.0705187288009838,1.00114398185357,0.00637900403163765,0.0474192019036994
"653",0.299682469165295,1.05196369284065,0.172363840016129,0.277341518186215
"654",-0.527117505460916,1.18092588947071,-0.397239499395978,-0.486607374113681
"655",-0.367158550160006,1.08286441191066,-0.244674379530448,-0.335752561544978
"656",0.244017956232762,1.03825783303031,0.261788283740525,0.0971916783731292
"657",-0.0566431491475608,1.00225231373096,-0.0547674781726373,-0.038861596900624
"658",0.12693184601112,1.00653061773096,0.0298260509095852,0.11051828408457
"659",-0.123460157426767,1.0029070653857,0.0622283852915857,-0.0441611805160066
"660",0.296744031708225,1.03011427034096,0.0904209161023414,0.230129241712776
"661",-0.0294550463591985,1.00929612018515,-0.0947336381051608,-0.0985098778404995
"662",-0.109130116642378,1.026711369063,-0.217283916500872,-0.083210185634092
"663",-0.320594534726593,1.05811536693383,-0.175574003494872,-0.297962915542002
"664",0.326367737138885,1.04723576691326,0.233174473023043,0.205748430450478
"665",-0.327700633675918,1.05211273966941,-0.184514482223586,-0.26999189399766
"666",-0.322741920111942,1.04912099394423,-0.2430165393244,-0.203955440107186
"667",0.322248519430074,1.05982925150992,0.301405046460167,0.179980666529524
"668",0.225118856525586,1.02311109270305,0.12565061773091,0.175977925535761
"669",-0.114565241597589,1.01011204207712,-0.0858836801896244,-0.11379952120415
"670",-0.175512635200877,1.00935673564009,-0.132140129435168,-0.036606092045922
"671",0.0552036682396284,1.00827267130132,-0.0131978912335243,0.128216985458581
"672",0.510713644882286,1.15236509462527,0.443677173213304,0.362071646611763
"673",-0.120180675935588,1.00891857455156,-0.133265790220122,-0.0125267406840246
"674",-0.125004167315185,1.02022512529087,-0.168577214890226,-0.111539360293222
"675",-0.0312369817104098,1.01020675422415,-0.0801214807314538,0.118735986985773
"676",-0.362292272279335,1.0357902003328,-0.188590090391622,-0.19311943690771
"677",0.260564562119573,1.02414078039411,0.145449505242325,0.166459543105914
"678",-0.155208144222821,1.0106108955508,-0.129271095216881,-0.0679953391595796
"679",0.0912843553649106,1.01148880747107,0.0638970673527611,0.137937567119904
"680",0.108037052605472,1.00039187056207,-0.00654181522909125,-0.0272231397927925
"681",-0.00861323667983933,1.00420333404872,-0.0873067504906666,-0.0283172638743388
"682",0.129289618875094,1.00292089575862,-0.0143293643602982,0.0751331648894553
"683",-0.103400780163543,1.00487700218673,-0.0594283253188812,-0.0790320420688953
"684",-0.0683720226704863,1.01388511551486,-0.132017642289115,-0.102637077057978
"685",-0.286847630326556,1.04565156055005,-0.17670643038399,-0.249323130779524
"686",-0.0872465621085519,1.02337316221418,-0.202241782167244,-0.0799430465147734
"687",-0.148531052285653,1.01991280228902,-0.0927333257592043,-0.177827597876941
"688",-0.0232180690105707,1.00839801144828,-0.0728883453721783,-0.10748878360902
"689",0.241528863869731,1.01782075325413,0.186802950983607,0.0326150771671486
"690",-0.258344945008755,1.03642394925696,-0.261348530207212,-0.0766260292062445
"691",0.149732617921963,1.02891737613958,0.24215659683179,0.00558117665043574
"692",0.209237545128913,1.00906882346899,0.134825066163895,0.00648783715847034
"693",0.218234472419458,1.01662039213159,0.119949845982291,0.13830783111091
"694",-0.168153880040897,1.01416417178103,-0.168326560077178,-0.0139691265611909
"695",-0.0380982665866518,1.02211567648581,-0.153508734633198,-0.145449388136778
"696",0.222095786996434,1.02312419994927,0.194043432316353,0.0955524719550256
"697",-0.0843454947260691,1.0106407310086,-0.145010364955446,-0.019148922400085
"698",0.181824025984018,1.02340166145295,0.153820841041042,0.15391591706538
"699",-0.108816618632074,1.02555415652796,-0.0317983104152029,-0.22527804026693
"700",0.129503032835843,1.03466863971484,0.214600956349895,0.156478827778925
"701",0.20536766212881,1.01701951394717,0.13251690840485,0.129491160841811
"702",0.0337468285774744,1.0016177404847,0.0230601197760004,0.0520223887339888
"703",-0.205723029048731,1.06467619236133,-0.173962585271266,-0.321360255020359
"704",0.358574280903806,1.05405132705939,0.206226033393641,0.261715538756086
"705",0.560978059603446,1.14923121303261,0.356137391932522,0.440339118266711
"706",-0.32118721941114,1.07248085715883,-0.287456335169609,-0.259969314233426
"707",-0.00525764776030113,1.00346454600852,0.0249060694012864,0.0795033508920689
"708",-0.503840843359367,1.19790922970508,-0.504044884677885,-0.425353120175081
"709",0.108410869775436,1.02064344291135,0.036338484107594,0.200978984301065
"710",0.0164595369311059,1.0014221950422,-0.0413204351253624,-0.0337495831704984
"711",0.281611213582729,1.070557735268,0.197120046304184,0.327471452018611
"712",0.699197372964467,1.25392869591197,0.555068343720666,0.514039208845666
"713",0.0818125816772276,1.00316398327498,0.0580130218761436,0.0545203322891233
"714",0.251232187437406,1.05142595665007,0.267418954151541,0.184346535844877
"715",0.19261592056896,1.03118308101856,0.156870902342496,0.196799559392762
"716",-0.233433187563637,1.00785699691201,-0.11647799666061,-0.0469957712824018
"717",-0.147446294958358,1.00846204173537,-0.127116743117979,-0.0289313539286821
"718",-0.075412783549573,1.00788001284775,-0.119075158018175,-0.0405367369299837
"719",-0.358400037081753,1.04247458644551,-0.165849053242586,-0.243407795526901
"720",-0.211300678953041,1.01757279762029,0.0355940055279179,-0.184898526839076
"721",-0.453636369360655,1.15884617766311,-0.382814926478998,-0.443144666614952
"722",-0.0103310491827877,1.0113258589934,-0.0705000649238121,0.133453115042244
"723",0.347311819139884,1.12632894434168,0.417419493671681,0.307209793406276
"724",-0.0107406897209606,1.00010473596389,0.0110234205054485,-0.00937907766063805
"725",-0.217303918916387,1.01042771475455,-0.127245333227987,-0.0690853958213879
"726",-0.0842938157813072,1.00636960721895,-0.0965265296707436,-0.05884229264522
"727",-0.0356022949764813,1.00329386817073,-0.04730180515588,-0.0660388153890119
"728",-0.0160961528250331,1.00090448966405,-0.0278153315194282,-0.0321885812378824
"729",-0.269069000196869,1.08370416120791,-0.1125152752377,-0.40218779426721
"730",-0.0763348538427639,1.00661240942605,0.115187775162772,-0.000565034131020423
"731",-0.0516876672726656,1.01313420150732,-0.0987305615574321,-0.129202114837269
"732",0.10729101627685,1.02190001758773,0.194480288781828,0.0803558536831056
"733",-0.125814024189361,1.0180021119171,-0.149020210739871,-0.11883297799316
"734",-0.0461625599290384,1.02679901127577,-0.094202020023162,-0.213171735885564
"735",-0.19618788073611,1.04072901026504,-0.16969217830166,-0.233069597825384
"736",0.0105651297608172,1.00706006323287,0.119037641807888,-0.000103881694378128
"737",0.27433056805572,1.07470504930183,0.29295170141486,0.263002364310649
"738",0.325545503725583,1.09203180063453,0.370662177635977,0.234825474911165
"739",-0.106829484309964,1.00941988574166,-0.0825337889059878,-0.110075789434021
"740",-0.26811469442997,1.02672360872825,-0.0957478886029753,-0.212117209457508
"741",-0.247299014396224,1.02165708783796,-0.163936251583129,-0.130031190667517
"742",0.0533752641075454,1.00659841861285,-0.0845262091528023,0.0780749404107985
"743",0.104942207419329,1.02719856479923,0.207310019874949,0.110269883399943
"744",-0.432110027016751,1.05986100777328,-0.228985797080953,-0.266215815708588
"745",0.0792129515724927,1.00612217999087,0.0171392840841751,0.109490118324305
"746",0.0880748691200854,1.01769732473389,-0.000198796979199164,0.188965090030622
"747",0.133460843365438,1.01665787289242,0.153122472891557,0.100731022082192
"748",0.444062221690049,1.12002736727345,0.337197475454449,0.375178845337321
"749",0.483049515482442,1.13224785796354,0.322819703143579,0.42163094185001
"750",0.194583040934305,1.0420031712431,0.276838481725305,0.0955566005920786
"751",-0.0253061688691282,1.01898299325933,-0.194863500786407,0.018829673736213
"752",0.126993830589781,1.04558874517323,0.217056831980782,0.214807252492551
"753",-0.385350398338365,1.09097191995277,-0.338065144129204,-0.27555705117149
"754",-0.121284505641807,1.00963301817941,-0.116094230692159,-0.0766874239889204
"755",-0.413980159570781,1.12042689821476,-0.382338662201665,-0.330414257605495
"756",-0.284416608041373,1.03810331780808,-0.174051997562031,-0.217633638458767
"757",0.0648175730631573,1.00774564779091,0.0847849313260118,0.091448379217853
"758",0.128467947362315,1.00778598212594,0.0807290095526107,0.0954746709142958
"759",0.200344545657092,1.01309884822206,0.098197236412874,0.129331276301327
"760",0.42535840375312,1.10976564821317,0.370044165927698,0.307647703090524
"761",0.0668489574327337,1.00010592374671,0.00496715587750354,0.0136815962427741
"762",-0.0819045026529274,1.00574497524163,-0.0333400479364353,-0.10203625055532
"763",0.382790099296618,1.09901970994108,0.292180897997875,0.349963777674383
"764",-0.0213837180872429,1.00066284236185,-0.0297064192725278,-0.0210630657242232
"765",-0.07988490808398,1.00909559402027,-0.0587880111017195,-0.121728746078384
"766",0.500868957704329,1.1739408763298,0.396471066615899,0.47005092751151
"767",-0.512943716064678,1.15341642804091,-0.474419136127154,-0.324493358562266
"768",-0.0556584448400159,1.01769096853057,-0.164261763112887,0.09334334795649
"769",-0.0275937557445503,1.00021384509804,-0.000308790251378232,0.0206794722945178
"770",0.00760887804245126,1.00371927240677,-0.0740227375572607,-0.0444186011183005
"771",0.167175191086793,1.0153253811368,0.175742986232679,-0.000179918321837921
"772",0.161073420020528,1.03626758086347,0.218791467652322,0.161185585060138
"773",-0.207352877536407,1.02125567202485,-0.161360024122551,-0.130100308447343
"774",-0.200405912600133,1.01469076726519,-0.164334512039158,-0.0509069870063827
"775",-0.0775539751184332,1.01133760561793,-0.140660374389396,-0.0549400729308664
"776",0.0646605367913799,1.00000865933397,-0.00345492011746452,0.00231997196310231
"777",0.0291755510618689,1.00290211113419,-0.0645816661488865,0.0405197842399925
"778",-0.187200325145321,1.01923334184201,-0.147889106868984,-0.13025136157419
"779",-0.149613619969592,1.00614486086489,-0.105373607372838,-0.0349840522819463
"780",0.344939334272617,1.10661560281699,0.39295408763297,0.264924852383745
"781",0.442648407996626,1.0904710789108,0.342055976769398,0.268560761648486
"782",0.015313193576384,1.00084824337725,-0.0294225171063709,0.0288361189907376
"783",0.228654341867855,1.046618944227,0.226765600623204,0.20973453885529
"784",-0.0672890937911667,1.00155624462685,-0.0178045981016972,0.0528952496682636
"785",-0.0345556356104055,1.0055878944862,0.048608221426671,0.0940438958515245
"786",-0.047298966785219,1.01219631314907,-0.0915394623905286,-0.127129474071964
"787",0.20935774126852,1.02812754992399,0.162971629861171,0.174603856695935
"788",0.140192991491204,1.01334311162449,0.150913695861,0.0639477777438559
"789",-0.138686818864201,1.01734484568178,-0.179406553044403,-0.0529511450301638
"790",0.462922260105523,1.10310208618581,0.413076701591225,0.214946158723546
"791",-0.112081488703311,1.00459270244806,-0.0142338872804197,-0.0948888521628554
"792",-0.11393698126379,1.00659161299357,-0.0699734160680237,-0.0912710052139879
"793",0.383784909541365,1.09053531903612,0.284086091192584,0.329488049640851
"794",-0.0275790079522668,1.00492851924499,0.0992623843175189,0.00532051233627348
"795",0.178808473876961,1.01326084171352,0.134710856823245,0.0924690132095367
"796",0.340970316276067,1.0502028920926,0.23080545005947,0.222833926462057
"797",0.092395779562615,1.00159654695195,0.0339029927989928,-0.0452352732426639
"798",-0.246355823318004,1.02424631583601,-0.142643210504914,-0.169509380272862
"799",0.00120437694453928,1.00762650567498,-0.09960639161328,0.0734148601343763
"800",-0.105189257218922,1.00721733462666,0.0237461634093126,-0.117995249462742
"801",0.240995316231279,1.02505981919422,0.142506028325318,0.174469667327684
"802",0.0856264025201787,1.0035810415956,0.0577248603098642,0.061989898792623
"803",-0.118672372265612,1.00167812335941,0.0539876907936772,-0.0210806086152962
"804",-0.41254688873317,1.10128842483615,-0.3392923959395,-0.312596968532517
"805",0.175572214997662,1.05220910741962,0.154485265507565,0.288579813011687
"806",-0.00308450550092288,1.00010830262565,0.00272914851305506,0.0144626667370782
"807",0.500580924920382,1.16120833836873,0.416462264682182,0.418286967514946
"808",-0.156599534534048,1.03051139909943,-0.210260943609852,-0.133206903973322
"809",0.0867079892629589,1.00351695463791,0.0814154735304125,0.0204401300279336
"810",0.257794793907593,1.02100177853091,0.129394251488012,0.160317682883534
"811",-0.134888247242908,1.00141512337692,-0.0353676396456457,0.0397665612532368
"812",-0.166381846042062,1.01222822064343,-0.0729481772563961,-0.138868765753602
"813",-0.066984744660971,1.01338509600837,-0.148471940225385,0.0700388162207771
"814",0.252104184434341,1.03620094754286,0.129939954669767,0.238386266108452
"815",-0.0127004909191578,1.00190489579482,0.0256311528773813,-0.0561824191344317
"816",0.0968023013876591,1.00683770273753,0.116545879019306,0.0117990566318924
"817",0.0055070218988864,1.00421710180911,-0.0240761202655767,0.0887261404482803
"818",0.101639453855763,1.00955017752437,0.125525307268672,0.0586085162291971
"819",0.0469777699431087,1.01606169091671,-0.111931181468589,0.140899859345489
"820",0.0555364136447553,1.00076833766189,-0.000185243599076608,-0.0392075420211846
"821",-0.103730182393107,1.00695421296742,-0.0991878266104508,-0.0641760240677257
"822",-0.358484497407461,1.12749219284165,-0.364072720516058,-0.37241065921226
"823",-0.00586574713462085,1.01508672601966,-0.0843008390560145,-0.152625128585582
"824",-0.208094646338515,1.0192068333767,-0.159195547763009,-0.115928196631365
"825",-0.291982363927228,1.05750405250431,-0.209914738054238,-0.272489676521261
"826",-0.0403224919385314,1.01498800902438,0.169817148275961,-0.0369160481997755
"827",0.196588387468042,1.02190574234298,0.148353762986442,0.149273263651973
"828",-0.6333511304865,1.19324324559603,-0.468015120975779,-0.452538716242674
"829",-0.00156847792852278,1.00125447472288,0.0151842863173163,0.0477489329893156
"830",-0.225241536744197,1.01211118431446,-0.0834602084035936,-0.131922109699779
"831",-0.349212728051472,1.04111091583135,-0.242449881500732,-0.158524427213802
"832",0.110665881360246,1.00734681146992,0.0421728344840105,0.113881739581862
"833",0.28699349505227,1.06065979277654,0.213987088951976,0.281440440901148
"834",0.363570416206915,1.09541309946578,0.179870280024742,0.409361137438629
"835",-0.41806594556119,1.03834174267068,-0.237725081734076,-0.147106628290166
"836",-0.23922555728384,1.03453853703946,-0.165508911808089,-0.207067102002821
"837",0.488114440053621,1.18186076338127,0.394054294490041,0.49144285223627
"838",0.154256886369241,1.00894197921896,0.131716518775057,-0.0247926624639488
"839",0.165670486773633,1.00940996174947,0.119451548356894,0.0681160661973916
"840",-0.225704256758871,1.01774608835472,-0.103846449808541,-0.158186646792633
"841",-0.134216790460617,1.01233197409441,-0.0363161724742333,-0.153287838365331
"842",-0.0330973036420794,1.00533601695621,-0.0662584564171674,0.0794375474356535
"843",-0.145430472076298,1.01821604772127,-0.0649750109095281,-0.180394478281419
"844",-0.194308220781524,1.02761973040595,-0.122502151652279,-0.202473536937923
"845",-0.228652796846102,1.03713112854201,-0.241429546346357,-0.131729844537278
"846",-0.217102276521523,1.01936396265434,-0.0679665310973965,-0.185697170169452
"847",-0.179101733810211,1.00361021515468,-0.055453210866245,-0.0644856989374752
"848",0.273102502813223,1.02410226057455,0.161301487395975,0.150888270842212
"849",0.133098986993851,1.00916115250658,0.134209159835074,-0.019852786826177
"850",0.01110280922511,1.00401499321033,-0.00932713531801956,-0.089213850594458
"851",-0.19645293445253,1.02377671037856,-0.0863985148533409,-0.201628493384958
"852",0.370370956103313,1.04647582912687,0.155160442421067,0.266527480861685
"853",-0.0900085183652754,1.00530977127649,-0.074489763547795,0.0714073620195113
"854",0.130393427466089,1.00651543699419,0.0591034224022618,0.0978780382309826
"855",0.0163581247902093,1.00891090026938,-0.072601095675928,0.112384543372435
"856",-0.345416188260779,1.05924820853944,-0.317744615968112,-0.145069384493374
"857",0.189906606478827,1.01871977530806,0.0258415497833106,0.192671209339897
"858",-0.106811881364135,1.00404758750397,-0.0900196354102411,0.00283252769678916
"859",0.0808609795221954,1.00382241570968,0.0640058715949272,-0.0596882792732104
"860",0.0283116650881929,1.01463060268644,0.0965878143261711,-0.141936795904157
"861",-0.182318272054435,1.01487100798559,-0.0248392974393018,-0.171307244891749
"862",0.264713258988794,1.0379496668297,0.195422818913006,0.197862155855992
"863",-0.179370986084335,1.01378695705627,-0.128552930156486,-0.106010086527588
"864",-0.0270660566710674,1.00863919710974,-0.131343722564402,-0.0100923975892537
"865",-0.00194877163213727,1.00988524453899,0.140944195550596,-0.0017148988793343
"866",0.378737117480324,1.06784272587707,0.232830537155126,0.293390572746695
"867",0.31280758033939,1.03169810349845,0.204849393375425,0.149792198715516
"868",0.484492846745639,1.17146509742115,0.399302338366195,0.461398002868714
"869",0.132732997451389,1.00887359875117,0.0597373208067678,0.119404316337284
"870",-0.204400527002066,1.0337154157961,0.00362677737267763,-0.26182896581621
"871",-0.222559031878848,1.05858072524937,-0.284310671554094,-0.19940058653359
"872",0.121186589183832,1.00927443615723,0.0904722945878985,0.102223536392033
"873",0.111748131126158,1.00334990968237,0.0716398773749331,-0.0397337291142702
"874",0.099981261914559,1.00036430323143,-0.00324658218850022,-0.0267992328955493
"875",-0.120248877079506,1.01143136548925,-0.138873877069948,-0.0608888607465531
"876",-0.0925667555788529,1.01100721739366,-0.0950818459740524,-0.114433544855705
"877",0.224682373824505,1.013036377856,0.0913576343972589,0.133777746643239
"878",0.248681627367805,1.05533446679107,0.224819772850666,0.251370058942122
"879",-0.142850768228432,1.00894063886217,-0.126669783355719,-0.0437718943184313
"880",-0.00667244057455718,1.00015628299279,-0.00172352027027069,-0.0175960190902241
"881",0.148356071448862,1.00551296958076,0.0945782719026603,0.0459486939861037
"882",-0.160194879982732,1.03743545604109,-0.256683628690234,-0.101910942560611
"883",-0.264488314674774,1.07101003525153,-0.328759936200819,-0.197432013510252
"884",-0.241998496481883,1.04613130940182,-0.242607120115128,-0.188500667850834
"885",0.189905424525811,1.03622885567953,0.0688353742203789,0.262739286363591
"886",0.0451209624251249,1.00385676959294,-0.0602010361220811,-0.0640644137364371
"887",0.110370691007574,1.01168619726259,0.152010126234946,0.0200470260557599
"888",0.0561480739858837,1.01006124213232,0.135909817941184,-0.0418596971450016
"889",-0.419968890253573,1.08237108331896,-0.207066998003556,-0.358678714649823
"890",0.0765101224680706,1.00046268855472,-0.0261634199268545,-0.0155263211314482
"891",0.130088720784355,1.04500078143358,0.204794998556719,0.223798216621445
"892",0.0837334725079786,1.00061906964843,-0.0335270135625437,0.0106986871003087
"893",-0.124413409791562,1.02962511411194,-0.123758379019808,-0.211687834398689
"894",0.383674565871978,1.12344506636327,0.450456443355908,0.243347097322148
"895",-0.0216818614389694,1.00067564230336,-0.0303153444287478,0.0208019468175443
"896",0.106437094411203,1.01217647332715,0.0464740378233648,0.149470321353039
"897",-0.0147213834177522,1.00095662236872,-0.0239609961294959,0.0366064274175111
"898",0.0356011907905049,1.00337663511839,0.0149138362474096,0.0808841726785694
"899",0.349834366273907,1.06861711432031,0.242625915258133,0.288227691701243
"900",0.211605292254065,1.01098673849902,0.125239182715316,0.0800583070872481
"901",-0.0945760379571655,1.01660375275053,-0.083524908943772,-0.162809028288961
"902",0.145117274262119,1.00603579549072,0.0458364116353271,0.100035219683108
"903",0.360817829145623,1.042276210231,0.146091919409119,0.254944796959771
"904",-0.279985491327479,1.01733875802829,-0.123227317307244,-0.140688225718427
"905",0.189347348073846,1.0143757948701,0.148480091787173,0.0831379309414055
"906",0.102994467435651,1.00886057414587,-0.0419721234975491,0.126641221231649
"907",0.0598242700141973,1.00284026954521,-0.0513247074169649,0.0552664512166162
"908",0.186698100192142,1.03319739595428,0.248639369212633,0.0753347402215187
"909",-0.206621183146612,1.02883268735369,-0.223568285030129,-0.0922709081785718
"910",-0.041650701183803,1.00006556916522,-0.00618519225963417,-0.00963773969707484
"911",-0.195032064966117,1.0274399094824,-0.167068334930541,-0.166496063198914
"912",0.00460926410784989,1.00387038865031,-0.0836934697080355,-0.0274073044489161
"913",0.14658099653995,1.02318593687166,0.150809031456382,0.15545448672561
"914",0.363067548323415,1.07774568081538,0.312464361931119,0.252788004144147
"915",-0.252072248753074,1.03913609281033,-0.225493595506662,-0.170165971235749
"916",0.0211163671947441,1.00654663276343,-0.0663695735291789,0.0934409098679336
"917",-0.173343848679348,1.0429892618429,-0.27651540730565,-0.106610646007726
"918",0.201753065069733,1.0146021780502,0.101862318086746,0.137991477483982
"919",-0.0389189885597239,1.00398222173191,-0.0248026797263089,-0.0858203276160709
"920",-0.486226242267642,1.06681762415287,-0.238341760670153,-0.285119358030669
"921",-0.0914084977762299,1.02927421699227,-0.0223294997984752,-0.242707245882375
"922",0.168861155004658,1.03145770040056,0.187294626482339,0.169781361186817
"923",0.0875739692379942,1.01457738641488,0.0832345673660605,0.149797462661527
"924",-0.0507973025226627,1.00160784905545,-0.0215219659877258,-0.0524889347339971
"925",0.126259284717935,1.01373869522711,0.0978613370399798,0.134496471751169
"926",-0.252001359009629,1.08195597936779,-0.148615773556719,-0.385411589265096
"927",-0.178266767568223,1.01101612625223,-0.0194779648375331,-0.147560890576885
"928",-0.235112057077669,1.02574880778538,-0.108061996147823,-0.201204427539928
"929",-0.293339741386174,1.03593490211774,-0.252160931318624,-0.0978569677755242
"930",-0.289031088429516,1.08000596707499,-0.366337210092311,-0.179471271849752
"931",-0.527739065858097,1.15984287776556,-0.421536572732704,-0.409319458311312
"932",0.201627787189922,1.01057800549575,0.145359191239553,-0.0117733051414136
"933",0.181891747405942,1.02253806872907,0.187382928053938,0.102331521410101
"934",-0.444556478728349,1.10375603231432,-0.363886347774718,-0.293025774930174
"935",0.263808489889456,1.00744418030261,0.090678291234044,0.0819830709626698
"936",0.218810972018517,1.01056256573353,0.0331146633879589,0.141915884701632
"937",0.0910848107966738,1.0189132751172,0.179821108729204,0.0764763431752534
"938",-0.336083833039661,1.09883171016999,-0.33988157530732,-0.303169328992441
"939",-0.356100394574445,1.03075467859031,-0.178600187631711,-0.174806122357712
"940",-0.33883773070826,1.04657905319116,-0.222745871881708,-0.213803627514065
"941",-0.0337770960832854,1.01331522811392,-0.157041125824718,0.0463231726813872
"942",0.244509281929453,1.03489115475846,0.258620846446564,0.0641479538299546
"943",0.00777333764792128,1.00046825204693,0.0247367616301941,0.0180226517997846
"944",-0.453680989793323,1.06786681528585,-0.180025914341463,-0.328527328169626
"945",0.319736058893524,1.04632087793445,0.175363458233055,0.253051451523338
"946",-0.0711910620751394,1.00220639226876,-0.0638762130160033,-0.0183706862991971
"947",0.196051462076731,1.01759073702511,0.138877225138487,0.12729502903548
"948",0.0927113178984859,1.00579666407154,0.106984074969361,-0.0134661486843992
"949",-0.419518706442489,1.05437428185872,-0.290738613301233,-0.164852009331916
"950",-0.0817078180095184,1.00548900255765,-0.0348583064492514,-0.0989597531114173
"951",0.193888958688741,1.02468948816848,0.0798035405323634,0.208853877343653
"952",-0.280528627158974,1.06719904993427,-0.182491934540511,-0.32497770078617
"953",-0.0970083735782201,1.00453534239094,-0.0953302723460764,0.00184208764659474
"954",-0.204971434033958,1.07069402315646,-0.243559823262762,-0.295066608946476
"955",-0.305684249361584,1.03988982791032,-0.102455598167083,-0.266221157302703
"956",-0.308565626991031,1.05826599085367,-0.215912473870196,-0.270755814387715
"957",0.0926011284211329,1.03260154935727,0.168292914160164,0.194790797468765
"958",0.114077647759047,1.00604318258478,0.0270175598523493,0.106737700391795
"959",0.333802820216037,1.02190004670626,0.196792408043636,0.074514787758117
"960",-0.179353130616618,1.03028381801375,-0.194718217053331,-0.153523814467215
"961",-0.193691647222182,1.008807783493,-0.122503491955397,-0.0518270054585011
"962",0.169241382082079,1.01827032083806,0.0629757232580606,0.181407013590327
"963",0.061781197853469,1.01549971076753,0.176656339357898,-0.00567453377888751
"964",-0.0057000026964637,1.00003453357031,0.00575759817166218,-0.00599319584901493
"965",0.102203370996927,1.00159260357424,0.0366649823146765,0.0429350976065631
"966",0.56258169188924,1.15571583381472,0.447957530196057,0.367441341809402
"967",-0.208629829153715,1.00227171129899,-0.0255359296033237,0.0624219478189319
"968",0.110944882639249,1.01014334753874,0.142434326068626,-0.0101017490642697
"969",-0.123109112063542,1.0128772393655,-0.135874009535752,-0.0863629293004392
"970",0.694311093214065,1.28504760380745,0.605291438094577,0.53382545744902
"971",-0.293263131443581,1.03421812325578,-0.208310002385806,-0.161907595179284
"972",-0.158099704108917,1.00933536050888,-0.0593422076106794,-0.123435701356938
"973",0.113249351106578,1.00429211131491,0.0520990026834552,0.0767355117839322
"974",-0.0240037974885844,1.00110880984931,-0.0250083832141483,-0.0399177896046461
"975",-0.25048413344454,1.0073015760626,-0.1126858147659,-0.0442535002993362
"976",-0.280575784383219,1.04962655789385,-0.200164803108621,-0.248294105110398
"977",-0.120240293479246,1.01841879618005,0.159885364334994,-0.107766018225982
"978",0.384243238804154,1.07444811928004,0.296280758420947,0.258179149456195
"979",-0.0146897661380446,1.00008145926541,-0.00171368149075346,-0.012648654559696
"980",0.392568830868081,1.08133788489794,0.324217754548605,0.253326802670022
"981",0.0189472114087795,1.00109067527817,0.00969328045985313,0.0457009895170179
"982",-0.266233368985548,1.06982239356945,-0.34539790991472,-0.158808808348941
"983",0.118873243656714,1.01398147760769,0.167701694297433,-0.00588036233968765
"984",0.0934675654894246,1.00368976284495,-0.000636501936512224,0.0859810147942283
"985",0.0529856296521118,1.00453294820487,-0.0603470605536264,0.0737880499247478
"986",-0.0941520750815477,1.0067561095387,-0.106516027158955,-0.0470340307837408
"987",0.0202358773341427,1.00270359943411,-0.0493302019891842,0.0545988964158272
"988",0.0582589481836094,1.00228269309824,-0.0595961771042277,0.0319200964726865
"989",-0.0678607872608739,1.01400164339801,-0.156076888254673,-0.0619623899362532
"990",0.24455844321058,1.03588825142009,0.185260816178907,0.196832160529992
"991",-0.247233847898199,1.04241564453214,-0.262635513606263,-0.13286445332795
"992",0.474227322664192,1.11315816431301,0.31827713084237,0.371242194206778
"993",-0.093139563267009,1.01201180774799,0.0255934681211471,-0.153339079855371
"994",-0.266258845909746,1.02639863657403,-0.122745454319648,-0.196029881918279
"995",0.00223454079094231,1.00348533433449,0.0682303153801454,0.0482435517714736
"996",-0.28414510494723,1.06926343370629,-0.212960197745151,-0.313005183403917
"997",0.0829184635620784,1.0049954569803,0.0497808711664296,0.0868201210374496
"998",-0.145685823217567,1.01540840805604,-0.153884082854296,-0.08587155637922
"999",-0.516887269907817,1.21108620334771,-0.450808638883001,-0.513323838378483
"1000",-0.1690620471509,1.01100341904773,-0.0510003386971141,-0.13973860876284
