"","t","","",""
"1",0.144305259829851,1.02533494344738,0.127423253283696,0.187283370262372
"2",-0.193322242503576,1.00790935874995,-0.11217170026496,-0.0574350512788326
"3",0.589737639967777,1.1418415773871,0.425998698109641,0.349753194493988
"4",0.298413087073728,1.05848539667003,0.191185213632694,0.289550598431306
"5",-0.197431169778833,1.02917919588624,-0.0995746761822638,-0.222024100286967
"6",0.171884832925975,1.05049011884035,0.271029335467806,0.173414500827069
"7",0.124996489136439,1.01204571139205,0.105226113513298,0.11473441934276
"8",0.489973853391033,1.12464299908665,0.403626703207247,0.319229321730734
"9",0.290114124105849,1.09457012854192,0.365715408807895,0.253645433739226
"10",0.552527655053168,1.22203365956737,0.413255110481026,0.56796696979397
"11",-0.393930093887444,1.12624619039923,-0.304820551846833,-0.418944999445706
"12",-0.153624730665758,1.01745178286546,-0.166210225625413,-0.0870763535849042
"13",0.448190213634962,1.17607023442429,0.438094141827904,0.437281052865175
"14",-0.575553531807792,1.15649190107365,-0.467358924494088,-0.345035002492044
"15",-0.0270401402900626,1.00600253780174,0.0372245498963341,0.103225185631012
"16",-0.535692380091927,1.11941609981276,-0.312410122564117,-0.39432514482274
"17",0.387752723528172,1.07202175890949,0.292241392591765,0.252637329053773
"18",0.134836604324819,1.0275510043254,0.235741541104038,0.0169408467327081
"19",-0.31573785052456,1.04428980794226,-0.194214223453188,-0.22983045572889
"20",-0.160867201734391,1.0355333513194,-0.178610858905108,-0.201065866760063
"21",-0.27660170952577,1.04658564533229,-0.17654214331288,-0.253326636282295
"22",0.557140919950719,1.21851388517847,0.526669780187942,0.455406445946393
"23",-0.176204682266878,1.03716588210156,-0.226797796504489,-0.155807016838796
"24",0.121407658889074,1.00455165980932,0.0449574291427608,0.0842785072870369
"25",0.228578621687501,1.01534881348063,0.094412011760087,0.148389976318923
"26",0.139556117737392,1.0010529532957,0.010236664545969,0.0447462400769161
"27",0.0788552318653173,1.01733724899773,0.182448449461518,0.0410809139059772
"28",0.132362547508765,1.01263314408928,0.137849830746695,0.0801455467961407
"29",-0.0129185247146636,1.00275922892321,-0.0738995910211086,0.00805739645167111
"30",-0.334696332600276,1.06990676848228,-0.204176937010265,-0.320955248652053
"31",0.172154540363061,1.02618994943721,0.217799051489217,0.0750292309460103
"32",-0.0516159581705709,1.0068675411577,-0.117151150516475,0.00760614025779869
"33",0.479572703398138,1.07799055778358,0.347327836481164,0.203536278525174
"34",-0.0660848302989966,1.01022733115319,0.0477463089036935,-0.135201888281807
"35",0.277816876750281,1.04539020220641,0.271620121223988,0.138069491979283
"36",-0.221710811967043,1.02809221326546,-0.0681143127466817,-0.228766342314866
"37",-0.152962764704662,1.03489285618208,-0.0911355650355422,-0.25039475346411
"38",0.235446375359057,1.01513883604232,0.130124787892335,0.116509210010736
"39",0.0336195280660618,1.01371273722383,-0.16062167422641,0.0425933255161911
"40",0.0502263312169255,1.00875076771213,0.0696882000705109,-0.112790363643147
"41",0.522224056581155,1.21509708378964,0.33250678498949,0.604896818449253
"42",-0.0940323500306646,1.00411888903242,-0.0819740656338253,-0.0391790234074616
"43",0.112430565544003,1.01381177575388,0.140138695115297,0.0904182657907841
"44",0.0184296583392817,1.00391376462313,-0.0668476414661498,-0.0580882056031899
"45",-0.198835126082242,1.0051024644254,-0.0339995984214795,-0.0952627487593864
"46",-0.282798273931754,1.03123795196207,-0.205009737726034,-0.146365026575443
"47",0.185769896787833,1.03134314907227,0.114083891252012,0.225063450820231
"48",-0.554250945431001,1.12598970334465,-0.336292686790722,-0.393395527235961
"49",0.248536463541941,1.03579135224399,0.132558271901821,0.235142573631055
"50",0.0157790301202284,1.004331943483,-0.022833596475248,0.0903398005994417
"51",0.211141451887254,1.05340551318157,0.251457450183932,0.215481613944942
"52",0.0946778320884251,1.00114343751409,-0.00829283430213621,0.0471106291272718
"53",0.42576304826815,1.12785291781509,0.386707062009815,0.350014074596658
"54",-0.0428151201161763,1.01028346869872,0.0208483721225591,-0.142260439004511
"55",0.0409022810938485,1.00230178144659,0.0677878135589165,0.00369775930870811
"56",0.0179739260755386,1.00495246505115,-0.0950936180742143,0.0297768503024082
"57",-0.337041426981017,1.02391196969059,-0.147518969187167,-0.163198882979082
"58",-0.141444735116588,1.00272880715355,-0.0639448441862515,0.0370960590572055
"59",0.548797069963991,1.17943161257684,0.341248193130699,0.524031105403706
"60",-0.129516874126915,1.0179362174348,-0.143011920739057,-0.125466064304242
"61",-0.324671920863698,1.06158582016224,-0.245427627364935,-0.258320988879252
"62",0.106450303169314,1.00359354740241,0.0763370922236378,0.0370493824319309
"63",-0.0147442719642375,1.001093182517,0.0464360084130297,0.00559081431223618
"64",-0.204649361570711,1.03518779434156,-0.22681164459288,-0.142021996292191
"65",-0.00690227293969662,1.00477168741313,-0.0943012184611395,0.0259504147128579
"66",0.134153963175808,1.00145070132402,0.0455659403409896,0.0287619933802511
"67",0.376895079131219,1.07167773898519,0.288887569114027,0.255023819765503
"68",0.147957753187467,1.01826999945706,0.103343805818779,0.161845140777163
"69",-0.0734117967535973,1.00232937629196,-0.0379207731147359,-0.0567995910568014
"70",0.321911243027221,1.04597365537778,0.270714131739496,0.144134474088914
"71",-0.153589231352136,1.0130958633027,0.0404738195530747,-0.157242164103127
"72",-0.172313091737746,1.04045262085575,-0.166279073306721,-0.234292394297933
"73",-0.290275907134006,1.03478978070465,-0.180921869580375,-0.195082462969702
"74",0.0329376483516666,1.0002517832403,-0.0223088650333061,-0.00243811737445574
"75",-0.0975621029274148,1.00262428568072,-0.0308828597596937,-0.0655874013042027
"76",0.198511195228607,1.01061337561896,0.0386154484679339,0.140883789413715
"77",0.0455940870726631,1.01362858955087,0.145639359473641,0.078943616125683
"78",0.123303719375591,1.01999390459571,0.0285423411975587,0.198929384886596
"79",-0.147856220612636,1.01703599281191,-0.182563920818459,-0.0321344906648819
"80",0.0576459148010472,1.00001341312029,-0.00516558559522621,0.000378346333289368
"81",-0.729516637784843,1.23487932686155,-0.483869216772306,-0.539256463076891
"82",-0.149887128230131,1.03734680530246,-0.10623619752393,-0.254562889689129
"83",-0.218809996226922,1.01751157705199,-0.185190477822937,-0.0321604782075523
"84",-0.249331363213389,1.04065597911393,-0.142316750659585,-0.250421263768211
"85",-0.0410776161755829,1.00647694263941,-0.0597654776730617,-0.0970768960323932
"86",0.102107836110198,1.00307883378663,0.0308902664672032,0.07220068024836
"87",0.11876808387807,1.00304547740324,0.00499424322395016,0.0779441291805447
"88",0.0878684743666895,1.00601633731886,0.0904748599614619,0.0623150918109684
"89",0.283240389676412,1.03384836941693,0.20912164505069,0.158463208718425
"90",-0.266829012251177,1.04939657541587,-0.164393065936063,-0.272411623038899
"91",-0.092544601151068,1.00249226462033,0.050204698314163,-0.0497013972718594
"92",0.0424627655914863,1.00099506569965,-0.0320483593961817,-0.031048739347255
"93",0.070635100183819,1.00306281332824,0.0778846940437284,0.00830553524284417
"94",-0.106596374124016,1.00573202853099,-0.0397150211220352,-0.09959734087989
"95",-0.501266768392705,1.14102355171558,-0.393397280268991,-0.383631757609554
"96",0.298691915607512,1.04919751121667,0.144814452749843,0.282567145680479
"97",0.552966986323905,1.12874367466562,0.410641577107517,0.324708759118541
"98",-0.125185294344865,1.00866567983871,-0.0342543938519623,-0.127409144830074
"99",-0.0743567758384036,1.01331472334265,-0.135158249208772,-0.0924065810091676
"100",-0.0293878216645851,1.00280431740608,-0.0348831568077343,-0.0663299659233621
"101",0.386812356494116,1.12128192926991,0.346666460698739,0.370264135359966
"102",-0.128262312511883,1.0054923766145,-0.0496373339444052,-0.0924719119991356
"103",-0.0194689659815266,1.00297532851042,0.00745716223722088,0.0768368422825252
"104",-0.507842682245366,1.12618191974305,-0.406149036433048,-0.321447782012339
"105",0.0835616497503343,1.00015728992637,0.00812532338828953,-0.0157665377521716
"106",0.352947739857063,1.09835508050704,0.359757952914243,0.27741322641609
"107",0.230194856618094,1.02024645000387,0.145384874590572,0.140591809810489
"108",-0.0979764718821478,1.00123373300251,-0.0373624301718949,-0.0327572421579548
"109",-0.00718595559314969,1.00300395457731,-0.0671657628135629,-0.0388032627931682
"110",-0.206578855274049,1.01453961400441,-0.145244037096698,-0.090525123982637
"111",0.0690454165712608,1.01041587603853,0.111995428010536,0.0916366010687771
"112",-0.185421417892613,1.00954670588168,-0.0611960020400315,-0.12425618974873
"113",-0.028695162123757,1.00387832215025,0.0677232131251798,0.0564380375916365
"114",0.336113849959472,1.05060121941387,0.174987999605839,0.270448002817268
"115",-0.111904622180506,1.00668048647514,-0.0839534037828854,-0.079733480063817
"116",-0.203922439400209,1.02529338100994,-0.201567389403979,-0.102942239492132
"117",0.0422168498365424,1.00073425459949,-0.0338092067181315,0.0180550787836325
"118",0.412537311794909,1.04464773602497,0.0809544921863343,0.291093219737164
"119",-0.198149683119428,1.01936561021776,-0.130669638861952,-0.148430767613412
"120",0.118972845737833,1.00427421035366,0.0488237666931793,-0.0786316055245398
"121",0.0081241519086471,1.01002228068455,0.132833693385082,-0.0500021737617784
"122",0.00239354076079206,1.0031701758771,0.0255891032541147,-0.0754691961261817
"123",0.105140882097513,1.0028388567513,0.0637927335948767,0.0402027331252579
"124",0.556384113409999,1.0847531774566,0.319935168004038,0.27263701926997
"125",-0.177817574341339,1.01704528161305,-0.158496483490086,-0.0962287356908025
"126",-0.199910472390155,1.06983223217909,-0.324260506537951,-0.198484581036009
"127",0.123423910371751,1.01724977648474,0.185299991609567,0.021471396501875
"128",-0.259717531816465,1.03799753416543,-0.217150404693751,-0.174024661111134
"129",-0.0229728077931037,1.00099214262754,-0.0432929801329757,0.0105350592441072
"130",0.33012900785995,1.07552448996559,0.356393888454753,0.172442236090373
"131",-0.057462594201549,1.00376823706993,-0.015520346467264,-0.0854973250809942
"132",0.667837434116298,1.26260322971177,0.580642844291783,0.506972191595696
"133",0.0417404076181045,1.00960666007674,0.0831717337781868,0.111301710551237
"134",-0.315710795493455,1.03176403831315,-0.224017508311034,-0.11980478590765
"135",-0.161424463323464,1.03205833376222,-0.247953297043891,-0.0605274051410349
"136",-0.612225566185038,1.2075334390826,-0.573529860543467,-0.359444718374928
"137",-0.096976735424493,1.00937603928532,0.0351526048110071,-0.132681133015655
"138",0.244440840204876,1.02151598898356,0.158516066508333,0.135527017261465
"139",0.0979637535310868,1.00399944298741,-0.00903717116237553,0.089068575021821
"140",-0.386305175861112,1.12197875231237,-0.358623433669546,-0.360867778366946
"141",0.149647574836456,1.02533633747588,0.172065893384118,0.147336123480886
"142",-0.322378794178692,1.09628748429984,-0.254090564317223,-0.370518870447149
"143",-0.261347246114079,1.03970737975987,-0.18879903088096,-0.212946851269368
"144",0.305058596238946,1.07262457344678,0.312090436114971,0.230484349246242
"145",0.00343386606415268,1.00395026680624,-0.0258463278118427,0.0851358065620215
"146",-0.406303819488795,1.05436302553443,-0.270932518067462,-0.19564498528648
"147",0.245309647643683,1.04237958800754,0.217676928162211,0.197919075484457
"148",0.304406669708737,1.05986343945844,0.269278797218509,0.225387310355387
"149",0.0388712045204773,1.00137543578257,-0.0341237368814705,0.0398539078381944
"150",0.0733934109691947,1.01689240444613,0.181775998484062,0.0320569586106191
"151",-0.0470277758787983,1.00703626952833,-0.0391069916092703,-0.112217161578862
"152",-0.0672932275063153,1.01589822088743,-0.0830868045665678,-0.158574203794805
"153",-0.2470956550891,1.03204067016467,-0.0697878149681049,-0.245433505772776
"154",-0.0762492827515856,1.00644847071361,-0.113731081934377,-0.00194041330421439
"155",0.3232575386486,1.01638057524156,0.103622412221793,0.149304619532383
"156",-0.050793412328349,1.01000878153774,-0.139618719412005,0.0249870361008198
"157",-0.484020253572648,1.13058921557976,-0.352665370951982,-0.392248786507438
"158",0.105390133253386,1.00101983121146,-0.000226921229116946,0.0451735651170399
"159",0.0960389078344648,1.0077124248839,0.124410462059388,-0.00252352839517243
"160",-0.162070442223451,1.0085061632606,-0.0272242896769907,-0.127841774808513
"161",0.0787951343692606,1.00499124333998,0.0838470243520237,0.0545625851418043
"162",-0.18688386414819,1.02598070041746,-0.143230645367618,-0.179224384101808
"163",0.218384813638183,1.04500820719459,0.176463074906554,0.246785202754508
"164",0.425489517608548,1.10298131299142,0.343208980422497,0.314285495315383
"165",0.197259402112112,1.02756591875064,0.210753576023906,0.107119781417771
"166",-0.319014433602433,1.05977374942432,-0.209162908084474,-0.281729085915046
"167",0.386243395773075,1.12049386249716,0.321675196424812,0.389912251537259
"168",0.0622509625113454,1.00454996241701,0.0440773415742766,0.0847219862359357
"169",0.0277203428307969,1.0002012816509,0.0199810506978269,0.00183342005860648
"170",0.0462986566713998,1.00792631287078,0.126024807104758,-0.00576195899845295
"171",-0.0617589890755833,1.00097830421686,-0.0212539100382217,-0.0388051133351852
"172",-0.0524758857734382,1.01327608713149,-0.0697702616379683,-0.147853100554142
"173",-0.0450200231762064,1.00176683061258,-0.0589487810633442,0.00786283197876274
"174",0.46401305003852,1.09902990477211,0.34803721732711,0.294511166067783
"175",-0.176582999717771,1.04037343652737,-0.267961042084693,-0.102828825514367
"176",-0.111634124027294,1.00455525390573,-0.0910857066412004,-0.0288903477873451
"177",-0.159293550233503,1.004398390776,-0.0919924774956404,0.0188019009048265
"178",-0.20852544792386,1.05847944435489,-0.216471422762663,-0.271143610009446
"179",0.257888467830096,1.08181188155354,0.32999939063879,0.247825239328901
"180",-0.394163216683843,1.11277859271326,-0.387311042635711,-0.297096537599063
"181",-0.0914370771490135,1.00712657530194,-0.0344805453421512,-0.114520874395588
"182",-0.0555497451046044,1.00176348697807,-0.0591128667347566,-0.00597936692848492
"183",-0.175286620179134,1.01235121268253,-0.0959398690569642,-0.125102035735283
"184",0.135489162676763,1.02471376766891,0.119618168235975,0.189023277609076
"185",-0.0927595318084803,1.0065020015609,-0.0987311095453204,-0.0574321090857796
"186",0.267456170462839,1.02001180380247,0.0985220255833353,0.17526405898338
"187",0.361648827969013,1.05237977960912,0.155302590572339,0.288763408159086
"188",-0.0655321676837257,1.00212360864365,-0.0616403013110411,0.0212650007113985
"189",-0.284794081539494,1.07965813677243,-0.148755029596419,-0.378858329021135
"190",0.0347242956801903,1.00065153179152,0.003251523413085,0.0359571365962234
"191",0.372515591893965,1.06832874452793,0.181441430967117,0.329249621887767
"192",0.0680741581627981,1.00076989809308,0.039068564336771,0.00374649301239778
"193",0.222369900378782,1.02815197332399,0.21367232532327,0.106960822925808
"194",0.0473835644323697,1.00835616869142,-0.00625495622510203,0.129394893487611
"195",0.0157428741319319,1.0154561442524,0.0880842489209881,-0.152945565453758
"196",-0.161361791391335,1.02451815626431,-0.141998335903835,-0.171679716669624
"197",0.333706424598643,1.04758917949493,0.146444086029455,0.275675930508745
"198",0.436239904758593,1.08421799947532,0.327786024396786,0.260931011181928
"199",-0.121351802462444,1.00767774951122,-0.100367321519713,-0.0730811031044339
"200",0.0552486756135273,1.00807332579836,0.12722761167023,-0.00499650026087638
"201",0.19012700221048,1.01651132583317,0.156844209860969,0.0932478920951703
"202",-0.111487868293603,1.01207332506335,-0.15286172187073,-0.030425471097436
"203",0.334747725306647,1.10822686161803,0.318293555890864,0.356168484133707
"204",-0.0123129824846757,1.00487286499738,-0.0976497014344758,0.0152974055905655
"205",0.0865064085807504,1.00065621458397,0.00183215524200075,0.0361870555958496
"206",0.153328876256549,1.00208824337394,0.0559462411073194,-0.0324170574578715
"207",0.216424416185333,1.05306570655176,0.194749672719336,0.266495679685545
"208",-0.11024123032273,1.00206286742879,-0.0247277420441258,-0.0593171901981163
"209",0.0759504368617785,1.00244083629289,0.0698014380434717,0.00392294719077046
"210",-0.0222113185765527,1.0001117378419,0.0122065871447189,-0.00863060828846274
"211",-0.135711972032124,1.02845266191282,-0.140003771076448,-0.195227615566924
"212",-0.248989532094907,1.03959028056385,-0.175081298811514,-0.223817984642209
"213",-0.294003606152646,1.0331630836476,-0.144269021173604,-0.215899066560799
"214",-0.137637593697798,1.0199452888977,-0.0413761634413773,-0.196408771299746
"215",0.251870851793191,1.02916925003508,0.104451455268483,0.219725371111435
"216",0.280614250084107,1.03301938310648,0.161223988187629,0.202819800578186
"217",0.710283951467191,1.25579960217158,0.584523416832056,0.485144324906796
"218",-0.388187398243301,1.09913468292844,-0.331066430227344,-0.31383446272313
"219",-0.519544307002027,1.11821653691954,-0.40640410780165,-0.29196562229529
"220",0.0296690903955342,1.0023284664186,0.0597635491024701,-0.0330253356037846
"221",0.0817496685925355,1.00362788925747,0.0848103001869082,-0.00872657307359034
"222",-0.0332054936379649,1.00793548163868,-0.105406311386402,-0.069451023506562
"223",0.236814650186159,1.00778147380693,0.0945461721922681,0.0817589155521131
"224",0.0465046544352606,1.01092800040205,-0.118472143129868,-0.0891054055549229
"225",0.0164219329594532,1.02005719152549,0.192981339759593,-0.0572265365671334
"226",0.230891013097317,1.01141324540396,0.119897145087237,0.0926359950478571
"227",-0.0586929899738933,1.02885325255888,-0.15595678078039,-0.184977019733796
"228",0.234921562341659,1.0368383458695,0.150095618190704,0.229139828195276
"229",-0.253086095949405,1.02544094015609,-0.16281386581663,-0.158179539909723
"230",-0.154159177713294,1.0089017837847,-0.126813712999573,-0.0424392685988257
"231",-0.333015327320182,1.08118312182625,-0.214494162086484,-0.350641123305265
"232",0.159398519809562,1.01204265285304,0.0274091693552828,0.153228811354356
"233",-0.0401279385063152,1.00402756120019,-0.0466585326906101,-0.0767745073364561
"234",-0.0247549279837803,1.00170075432732,-0.0231960740201122,-0.0535382421263405
"235",0.22782088852765,1.04035569213793,0.212255269289945,0.193100147132089
"236",0.043388734346518,1.00078225216825,0.0376641986265808,-0.0121047262165471
"237",-0.18588805985462,1.02879286809325,-0.0846995832060343,-0.226364188961626
"238",0.287259996019296,1.07045303570251,0.290754742080459,0.247651734503195
"239",-0.10582383508278,1.00426385624709,-0.0644973846085029,-0.0662267343520609
"240",0.112238161395129,1.0287524930361,0.121079475112588,0.208977158164366
"241",0.0352212821540596,1.00171031007663,0.0429443058834435,-0.0397408090760269
"242",0.0146726883037553,1.00257632101536,-0.0356112070029304,-0.0623788537606644
"243",-0.288733432992378,1.06970320477743,-0.276328897216541,-0.260590266269084
"244",0.0169356046111694,1.00057066679235,-0.0151555827062929,-0.0301988006073325
"245",-0.247636376598366,1.04195214632471,-0.230189174671725,-0.180768412878536
"246",0.0669561444805553,1.00026235616717,-0.0157454311168872,0.0166391876014578
"247",0.00576591265440141,1.01239514847175,0.0428174988736893,-0.152021703843054
"248",-0.251695717870766,1.01744412022087,-0.187595826820104,0.000586115774810764
"249",-0.137581635624504,1.01224875780443,-0.0562919287477817,-0.146556359242661
"250",0.40124564586241,1.14993799759228,0.353175732400346,0.444549547688478
"251",-0.327143422214479,1.07747541500197,-0.256037732163903,-0.308865585072255
"252",-0.0126521178042658,1.00653799639278,0.0980352965843148,-0.0592268419385316
"253",0.0998421419800873,1.02816099912972,0.186119686484422,0.149914984022171
"254",0.0885732425781873,1.01219105407356,0.151264222589648,0.0406185291571931
"255",0.384025258392699,1.07155424066478,0.115351086386412,0.367318142154935
"256",-0.106969279701693,1.01411659887215,-0.112083307287799,-0.125975427506478
"257",0.305189677591791,1.06009646817052,0.206481320606445,0.284903467982098
"258",-0.236708768478941,1.03881976036118,-0.18133843945674,-0.215088039863337
"259",-0.305390455128527,1.08956316653328,-0.33966286001003,-0.267912365141712
"260",-0.153514145038206,1.0008527195822,-0.001259216693405,-0.0412865676511113
"261",0.483591827512192,1.00769208474762,0.0779892729237329,0.0967523176560951
"262",-0.301405901633002,1.05875735108574,-0.232466636808697,-0.258701355328785
"263",-0.129449232579913,1.00856395482236,-0.00452074571194682,-0.131075603470364
"264",-0.280055776904969,1.04098369431162,-0.226309708886159,-0.18008600025137
"265",0.235303722718585,1.03856589603751,0.108181928863438,0.258680866473683
"266",0.0840900617116774,1.0091596805785,0.0344845308802538,0.13120243151428
"267",0.522178122018632,1.20238361869712,0.361409165953344,0.561346400430328
"268",0.154152360650106,1.00666498473774,0.0633097944906442,0.0967794472942857
"269",-0.16346709334653,1.02317124082534,-0.121261407654222,-0.179374075790758
"270",0.0676143185196027,1.01980847267627,0.163046917154659,0.11586640474563
"271",0.347517519030135,1.04341668921549,0.259037821650255,0.147029909501814
"272",-0.286282555495407,1.00961079694825,-0.0876167674659985,-0.107876148305736
"273",-0.128943714522246,1.00909254637082,-0.107075348236321,0.0824780997672351
"274",0.114947125585388,1.01972701486747,0.112936717119738,0.164585791539681
"275",0.0843791877011198,1.00267077713556,-0.0585258312710413,0.0438567485759252
"276",-0.124541877547043,1.00410732398464,-0.0642016956076699,-0.0641066327356387
"277",-0.136312616656046,1.00680901324129,-0.101829936633531,-0.0574025535069314
"278",0.17945228963644,1.02324444894042,0.19290576294965,0.0990785996479477
"279",0.251074538148822,1.02624134770171,0.132397662899407,0.18879132022261
"280",0.142623725624172,1.02326877046756,0.18935357315279,0.105944329477601
"281",0.0915137544264511,1.01123459890464,0.138473999245633,0.0584838914124487
"282",-0.266514786799907,1.05583209781649,-0.20327658279392,-0.271035144708587
"283",-0.272221958605161,1.04495337056512,-0.254809490733395,-0.164315763356995
"284",-0.0341942961019679,1.00367198433852,0.0295836453135687,-0.0805124839760044
"285",0.0404484527008453,1.00006979307932,0.00858803634599308,0.0081139793830812
"286",-0.349052950619373,1.04055470431137,-0.202973989812521,-0.203852034878497
"287",0.0844567592426016,1.00202210183137,-0.00638157306835332,0.063305355884965
"288",-0.0919601162518403,1.00027236905514,-0.015707247640629,0.0172654182321759
"289",0.0866194798616054,1.00390503227007,0.0483276742029452,0.0740928452908696
"290",-0.136730654528495,1.01470404877056,-0.0711676850956442,-0.156714604263597
"291",-0.197307092555773,1.00472299060813,-0.0461003986306592,-0.0856915462729235
"292",-0.143294789002924,1.02184671251234,-0.0949963270575898,-0.187473736074799
"293",0.210764438960604,1.04180049986417,0.246955859491204,0.156080379869488
"294",-0.235162126545257,1.03570146820785,-0.262565799615537,-0.0611288157921401
"295",0.00885584327374518,1.00389879159633,-0.0819101259847499,-0.0332191967050843
"296",-0.0695858575319113,1.02284629807252,-0.0628870493938666,-0.20557180861974
"297",0.125813052909836,1.02070437306196,0.14947102094278,0.139627472533631
"298",0.229794327842446,1.01052685099157,0.135364918122317,0.0532996765156471
"299",-0.307581182543229,1.04401378471064,-0.190897364632253,-0.231350337891011
"300",-0.273230801517748,1.02063147160905,-0.188089406436838,-0.0794416517016625
"301",-0.167991615724022,1.01103934503811,-0.105997036136627,-0.104714781885595
"302",0.0812323618396096,1.00747451985071,0.107831101158059,0.0581150735305578
"303",-0.0497919323900245,1.00705010113637,-0.117680519368354,0.017355159462612
"304",0.0898683457578787,1.00291432951474,0.0688961290953009,0.0330223521524625
"305",0.329799607749699,1.06510842401048,0.183686687191581,0.317356512217191
"306",0.121901520958968,1.00471947785537,-0.0303592942879524,0.0924096446931252
"307",-0.0508798500363755,1.02056518062546,-0.201508603179932,0.030782637144111
"308",0.0089406094708115,1.00544075387414,-0.0330802926667281,0.0990797849618426
"309",-0.0824701056427316,1.00578408866501,-0.107133155651529,0.0111409143187178
"310",-0.272143912540657,1.06037825750221,-0.334742027367423,-0.111129762428337
"311",0.610162671178483,1.17300209049938,0.480048787082335,0.381427668551574
"312",0.121023957024155,1.03917993774718,0.175966872349626,0.221202628491882
"313",0.260003101079167,1.07899104515091,0.244710384057,0.323014710888738
"314",-0.241176480129442,1.03370290986236,-0.079998360065441,-0.249282908047753
"315",0.0417515181553208,1.0007119305611,0.0373741277378992,0.00524809900418664
"316",-0.1911206635329,1.01560347390765,-0.155603920723054,-0.0850754727809447
"317",0.027605105950668,1.00125059132187,0.0404277842334,0.0294676243422318
"318",0.184928119455126,1.01714995402824,0.0728347907159824,0.171140650463342
"319",-0.0569920142463917,1.00868524488503,0.132034678411914,-0.00357308626283659
"320",0.104021265400927,1.01456020044606,0.169857838002715,0.0219252183155947
"321",-0.225328490948613,1.06778447988223,-0.343357143408036,-0.149229915057417
"322",0.144219392720366,1.00346740952311,0.0404131628996119,0.0728945693414734
"323",0.228886412031085,1.02391647025237,0.153531610667597,0.157584842481403
"324",0.149106186079812,1.01707161941444,0.159795659059039,0.0943399510504335
"325",-0.071323156991847,1.02329714940029,-0.079441115646283,-0.202054856698941
"326",-0.103803172892915,1.01643953504922,-0.0100635103089493,-0.181791237883824
"327",0.136197515819431,1.00970081401808,0.0689231462184872,0.12143036582391
"328",0.418199313606843,1.06828583565536,0.261106518904313,0.270292457252393
"329",-0.0933443963382133,1.01115253194064,-0.0179710681272834,-0.148682492447277
"330",0.259162854804817,1.05150054252774,0.225026869505582,0.234555534866808
"331",0.127770908790695,1.00789191668036,0.00925163722891166,0.125540921289424
"332",-0.175223774596256,1.00651273622221,0.00039022941506164,-0.114314198149334
"333",0.167046698882669,1.05275592985764,0.288903432291722,0.157574917612184
"334",-0.360928307986916,1.07999938648643,-0.36736708480408,-0.177313563535365
"335",0.0948240943566596,1.01286675167723,0.16074804737047,0.00768907795280918
"336",-0.278336940970696,1.07907369411091,-0.233049925550553,-0.331794770186395
"337",0.200491714212632,1.01147891199913,0.151128381417807,0.0158051178094271
"338",-0.0547648572961262,1.00876251358766,0.124393393135513,-0.0461312536566653
"339",-0.106388335512928,1.00425271653177,-0.0596473267849764,0.0704678300279289
"340",-0.302438537961016,1.02125748789682,-0.0881071822640042,-0.187627239543797
"341",0.210416727472846,1.04458524534828,0.261034274030768,0.151721595630125
"342",-0.167004325128726,1.00919688309025,-0.122040569736509,-0.0598702612108874
"343",-0.49748185540101,1.1837190819575,-0.435007795951534,-0.460390141566582
"344",0.188752962589667,1.02485143492284,0.147021399632076,0.16942600660357
"345",-0.41862983597526,1.09069588024088,-0.305154428077759,-0.310641719990994
"346",0.187315361777973,1.00000713420677,-0.00316821531023785,-0.00205690937840702
"347",-0.0913863188790462,1.01664667932218,-0.149155739444587,-0.106409755039473
"348",0.125915281642968,1.02336766486611,0.115257483174447,0.184382998310076
"349",-0.484814748147118,1.07838694289362,-0.283120513490099,-0.28768241768408
"350",-0.0802246287681546,1.00891625351018,-0.0862122931276295,-0.102369170704385
"351",-0.0642691990040638,1.01810948219435,-0.0853752362837189,-0.171049661687916
"352",-0.361883355924619,1.09603288075692,-0.327864815817008,-0.30625600116504
"353",-0.124161934579123,1.0088512125423,-0.0934178882077557,-0.0951518113904362
"354",0.0228987185178507,1.01493695888008,0.117549453517694,0.127589797705169
"355",-0.0171944241621628,1.00124369824331,0.0370431673009544,-0.0334177651593281
"356",-0.0827365863455948,1.00079373996414,0.0078939892972016,0.0390614245054336
"357",-0.00683119907213118,1.0033975353782,0.0819799457021164,0.00926836046576486
"358",-0.403336015872485,1.06255917894918,-0.21046240441085,-0.291097209019175
"359",-0.0300751442767899,1.01309293331345,-0.0287718203669485,-0.159779453880746
"360",0.00542749713932567,1.00779228848169,0.103307527114261,0.070518448399686
"361",-0.118134965717975,1.01119856709707,-0.146370181751903,-0.0331407904716433
"362",-0.14493436844473,1.01441147822911,-0.0436791715637823,-0.164689942420485
"363",0.275440789131606,1.06958370892765,0.235417117272444,0.297637516618037
"364",-0.180997681764753,1.0209315352291,-0.195201649781299,-0.0647882361845646
"365",0.0413499039711911,1.00839613038583,0.0543746394353418,0.117924358651617
"366",-0.19529347074429,1.01033345680604,-0.0850327034341242,-0.116374968478346
"367",0.0591501867194418,1.01010270167436,0.130160206119126,-0.0580154175446068
"368",-0.21157806988569,1.01109402669098,-0.134639308232869,-0.0646791116880005
"369",-0.340770865238496,1.04480157784958,-0.246844485560285,-0.175151754274533
"370",-0.277302853957515,1.02365581531106,-0.208990450458854,-0.0647627967057941
"371",0.35674746284146,1.05277448661775,0.2541544946928,0.209140174286804
"372",0.0295151723592373,1.00008697578307,0.00807089341608846,0.0104316734221847
"373",-0.522280792883425,1.10928572735534,-0.215941596489013,-0.428817037697955
"374",0.0455580903514478,1.00091382197628,0.0317934301598049,0.0285946991912813
"375",-0.269167691842512,1.05520218699375,-0.268139546225088,-0.203845135302744
"376",0.16724178458597,1.01895985193278,0.00890346956983675,0.195447967706239
"377",-0.299801897760491,1.08091289480572,-0.310168198688701,-0.268641721777327
"378",-0.0977022039316438,1.01281433188792,-0.156599629650617,-0.0356290172591698
"379",-0.132143439591174,1.02199611618132,-0.143080273825151,-0.154932555429199
"380",-0.00492338940851349,1.00896499476549,0.100257763272142,-0.0892117792995502
"381",0.186976313572126,1.00360289745752,0.0476067295187311,0.0703731134003299
"382",-0.0265404528418293,1.00539031563175,0.0980622458104909,-0.0345468191404454
"383",-0.0649511210840092,1.01034750466856,-0.0548174943564862,-0.133405856327466
"384",-0.298539430155538,1.01912516009855,-0.160719105133312,-0.11307281366906
"385",-0.266737412121997,1.01117685554704,-0.0442716982182506,-0.143243324210514
"386",0.155922081251973,1.02449804663251,0.0944374027750696,0.201687442620846
"387",0.0844160868046605,1.0082155927229,0.0953648411516584,0.0860478267110822
"388",-0.12386390255048,1.03045228435765,-0.216089182327329,-0.123034042520747
"389",0.0733765828616897,1.00371749446123,-0.0319125312634697,0.0801897688978288
"390",0.149913929100762,1.0030551593679,0.075087345201188,0.0219440954519482
"391",0.229925209327318,1.01700561590425,0.154923530661451,0.101484592072752
"392",-0.0221028325148043,1.00031171645613,-0.0130040151476808,-0.0213172622407174
"393",-0.167690605676264,1.01103774329967,-0.116203093936299,-0.0932424760295533
"394",0.0878083934524481,1.00155740305379,0.0204107607348232,0.0519676097013475
"395",0.00514544088827952,1.0083313955576,-0.0910278481983857,0.0919028515309316
"396",-0.728130145814424,1.31355724510063,-0.687477627146782,-0.502799312180308
"397",-0.144366952371148,1.00933653453689,-0.0231482988384414,-0.134997763729001
"398",0.397782500544487,1.06669559133978,0.154075292742806,0.337787342495143
"399",-0.504790372683799,1.11759796298338,-0.339837320286681,-0.365425508968596
"400",-0.00162070090585513,1.00256892294944,-0.0685697792450241,-0.02103878889762
"401",0.137127926815418,1.00225511108613,0.0456951610061911,0.0492672300711253
"402",0.0611619194222114,1.00879590380977,0.073577638776133,0.110704591664071
"403",0.0309340056366879,1.00216719091243,-0.0653871152621009,-0.00797519272584321
"404",-0.250137366912573,1.04930410218274,-0.258140038166276,-0.185479970759777
"405",-0.28918689873878,1.0798161890503,-0.258560148618073,-0.314880376780965
"406",-0.312096922026199,1.05052585350268,-0.241137113722338,-0.213207554423348
"407",0.273016986311697,1.04746443636963,0.158242535212371,0.268590851498527
"408",-0.00564821908900078,1.00746490642685,-0.0889525374137361,-0.0841010331049124
"409",0.140621927413372,1.04621334520634,0.185547093153307,0.245223652835916
"410",-0.264691516412146,1.06091121097119,-0.245247267188298,-0.255707597659967
"411",0.165391114951925,1.01310895270321,-0.00613778010854514,0.162333230432725
"412",-0.305070041868333,1.07201936711428,-0.259640483775805,-0.286028569644309
"413",-0.266919901371072,1.05842163773363,-0.184260490162462,-0.293776164771454
"414",0.162505529412918,1.02366018694735,0.0966674341241224,0.19630482806326
"415",-0.258675891488962,1.07067634527975,-0.31570374014186,-0.216053199009039
"416",-0.0200108518766217,1.0063545434228,0.0333698260298764,-0.107869929908411
"417",0.121107364735769,1.01989311300093,0.146429666011393,0.136895269671797
"418",-0.160682176804454,1.02124779494325,-0.188505903927777,-0.0860963579998087
"419",-0.0287158514065874,1.00530145419307,-0.0688013419055224,-0.076794460442829
"420",-0.0847293555176798,1.01127441356471,-0.0152350083904119,-0.149812663183035
"421",0.339757595451206,1.063125195774,0.158451044151953,0.324235174675221
"422",0.488058911042167,1.10126403358052,0.261352015115346,0.380102086094223
"423",-0.0810917395910963,1.0205300692881,0.0758666733460031,-0.189012883678806
"424",0.502586697796037,1.09528955451991,0.329369822800349,0.301951532648679
"425",-0.124542465311533,1.00916519055331,-0.117415669070176,-0.0680289826566248
"426",0.0423252044149484,1.00447697907948,0.071078149455949,-0.0626250602439669
"427",0.000721122093610092,1.00743591550792,-0.121634017361065,-0.0115017249097076
"428",0.0301689193447196,1.00436056245722,-0.0792561804444852,0.0495842442791149
"429",0.317170288013073,1.0535373996493,0.259598387200693,0.206275858554998
"430",0.298400084047172,1.05516108171238,0.296472648154345,0.159589715385387
"431",-0.210572795446064,1.03979964335759,-0.0306359627186206,-0.28327501851534
"432",0.00143419209489382,1.00296515912314,0.0095527782890577,0.0764712680806542
"433",0.0395178857506771,1.02020354466428,-0.0336862156520705,-0.19919967726028
"434",-0.215236992741494,1.04080022107954,-0.255041283569952,-0.134977938472239
"435",-0.295512077136457,1.0363873267173,-0.184583221868751,-0.200069300955408
"436",0.437617700162129,1.10213777420192,0.410102060032804,0.215694167004142
"437",-0.0950508430681973,1.00531956296875,-0.0473142083562404,-0.091808438475465
"438",0.42630440550095,1.08860888439363,0.278264867380523,0.328082256092056
"439",0.0143520024036476,1.00245060814573,-0.0633002763979037,-0.0300049459204308
"440",0.325485033915902,1.07963072844744,0.259260442675376,0.313666275955374
"441",0.503597153310853,1.13852607451629,0.303517211581271,0.451795224219341
"442",-0.131296850520033,1.01043367260491,-0.126789785601948,-0.0700039784645442
"443",-0.034833059014932,1.00265487810802,-0.0111577954990622,-0.0720576726894002
"444",0.577847866278581,1.18508114340791,0.449001372948415,0.450349956757446
"445",0.0433425021612272,1.01388803823859,0.0555647377134529,0.157738752391847
"446",-0.00736790276486407,1.00055687550611,-0.0277047263740463,0.0186147591736438
"447",-0.228984071036338,1.03914447231599,-0.173955300502597,-0.222622523056238
"448",0.169684716334672,1.00399174430625,0.0885339986516491,0.0126946334270625
"449",-0.234513223913821,1.01584454024523,-0.0753108436328405,-0.162075312053854
"450",-0.130080890642471,1.00813886679431,0.0449693702554056,-0.119673432641261
"451",-0.199172137815312,1.02047013095335,-0.203006369483812,-0.0121532759762115
"452",-0.100790479625086,1.00826949619784,-0.0883662300333554,-0.0938018462118038
"453",-0.106404153138096,1.0005061030678,-0.0217672898603385,-0.0232087778233223
"454",0.00346567525180022,1.00394078615113,-0.0864166567658905,-0.0207186759026064
"455",0.284454271086531,1.04759447255504,0.176541658758991,0.257463049097354
"456",-0.0579319653864372,1.00050472106861,0.0317718970508857,0.00049339473283579
"457",0.377588190284428,1.039288688219,0.0862637866896339,0.269591425245574
"458",0.346320715761958,1.07047130259963,0.338389906784519,0.177203500743363
"459",-0.0405855379524101,1.00238382872332,0.066421389128726,-0.0190141829228617
"460",0.00526371887926076,1.00059100181368,-0.00508898596760576,0.0340066924638925
"461",-0.148301289173339,1.02985249120959,-0.146460967845102,-0.197851809565839
"462",-0.136367882710932,1.01401277762014,0.00818172481238048,-0.167794435414318
"463",-0.173900098816685,1.01962506567106,-0.165745657544513,-0.110288945728255
"464",-0.126642968458773,1.01260051488859,-0.0754456435753996,-0.140241782711606
"465",0.229378446481147,1.00505524257107,0.093072341388986,0.0383872360031485
"466",-0.449296670024439,1.08040286979742,-0.295535159687823,-0.2827177575866
"467",-0.252163172029119,1.03939669905925,-0.211834291100811,-0.188339404079643
"468",-0.16223428993944,1.0118794654741,-0.0833914575991795,-0.13017648577082
"469",0.0585359167505041,1.01102735807247,0.0913574428041516,0.117601600394232
"470",-0.213387023543156,1.03230681325831,-0.251818213430249,-0.047380840899403
"471",-0.0559387165916628,1.00362429908828,-0.0780485891445449,-0.0342074765657172
"472",-0.150255672195713,1.01345292025098,-0.0996798007968008,-0.130960905916018
"473",0.130117501046969,1.01105457800005,0.148490955197137,0.0134831717153648
"474",0.119875939364874,1.00192459509632,-0.0175269724874473,0.0595457764610787
"475",-0.212420403543257,1.03334328212767,-0.0812682822484316,-0.247373816356475
"476",0.301883704659471,1.10961601676718,0.40151148254207,0.264643598171446
"477",0.0727370873770814,1.00043813084699,-0.0228528329456878,0.0188202465176035
"478",0.14678434477575,1.03158094649992,0.251781810690002,0.0276616880783193
"479",0.349921140604973,1.10033448635009,0.344429103584923,0.303487354687147
"480",0.0803003240598636,1.03156074501309,-0.0755235377526742,0.241689399637787
"481",-0.484554414680856,1.12600098611719,-0.405358343598891,-0.321811799055985
"482",-0.134873179689726,1.02684746753811,-0.0507556031535573,-0.227683091901772
"483",-0.0193280962518201,1.01132688706599,0.1442186676249,-0.0445314317204624
"484",-0.422119769675436,1.14369826778675,-0.478010303578347,-0.282049423703266
"485",0.316815752524213,1.02750020576671,0.218586141715297,0.0893127734462314
"486",0.16172032242433,1.00192485659154,0.0608529138330119,0.0122613675421325
"487",-0.113405533150911,1.00040444071389,-0.0179039559829834,0.0221018858974868
"488",0.262434577825397,1.02248514705614,0.107618033240783,0.184103869790413
"489",0.0419628032770524,1.00441301581315,0.0681228903784166,0.0648442606663475
"490",-0.357950382838329,1.07688034941762,-0.215806003152424,-0.3363020308669
"491",0.0757982650860362,1.00124000430783,0.0432695298887993,0.0246838815738515
"492",0.490586409781683,1.14258047757524,0.331393347248542,0.442344432694119
"493",-0.284281451042814,1.01374665218067,-0.14968937261044,-0.0726317185188358
"494",-0.552716166059054,1.19504245229139,-0.551382794825708,-0.352283233136072
"495",0.694796073027199,1.28375566951847,0.439889595016895,0.674185258824822
"496",-0.104253157175998,1.0060604742362,-0.100024022489935,-0.0463990597459003
"497",0.0474422035323284,1.00689063961901,0.0812184461701926,0.0850430723461457
"498",0.279618498749851,1.03703427449422,0.221412187202212,0.162532242444631
"499",0.0873358852501343,1.00557678055874,0.102192757009871,0.027226861985986
"500",0.222631483958731,1.03213026188959,0.244047337687465,0.0757216909209758
"501",0.176244129724802,1.01843136163359,0.0954938245010982,0.167580929228268
"502",0.171738291054438,1.03232403261637,0.17242329591685,0.189639435093296
"503",0.213896146960811,1.04443418729111,0.102756668860655,0.283344028677324
"504",-0.175960935049956,1.00329726913562,-0.0804910188917556,-0.0112519390667863
"505",0.0377566520001382,1.00370850981308,-0.0852608336362213,0.0127028704966738
"506",0.0709712335455897,1.00458064537269,0.0954033022095219,-0.00897123095973042
"507",0.218048135363362,1.06116158451343,0.2191959568193,0.279315307423556
"508",0.0553741520247726,1.01880196356596,0.0616856284105258,0.184803474570837
"509",0.401882426892399,1.06302987770398,0.261733643505491,0.24804842420116
"510",-0.0235861104378353,1.00133947768222,-0.00248714544295487,0.0517161838542983
"511",-0.210042387518332,1.00846713619883,-0.124049148948853,-0.0402215543972789
"512",0.211408473284755,1.01623191488976,0.126889326538232,0.128943412593224
"513",-0.173535457842523,1.01874575580327,-0.179315621207075,-0.075424286263086
"514",-0.621895387099911,1.26125834735812,-0.540528429388141,-0.546444540464751
"515",0.256580035705234,1.02375611225709,0.165051372815298,0.144342030315259
"516",-0.03741112524983,1.00852405624528,0.00211653527467764,-0.13082924865591
"517",-0.202163084699969,1.01145292015719,-0.103049251689248,-0.111435458543483
"518",-0.2169277776733,1.00792037008403,-0.0622103410451326,-0.109696608413252
"519",-0.0797492459117426,1.00318161786966,-0.0643008450806037,0.0473155339555691
"520",-0.223640177920242,1.03708033402967,-0.251795876025347,-0.110156507060262
"521",0.15816412261836,1.00370774435864,-0.0198012374882959,-0.0838877051744675
"522",0.0662476952177721,1.00198203775231,0.00601577242841186,0.0627041821599871
"523",-0.284395027830797,1.04122003369373,-0.186664387384188,-0.222026045876745
"524",-0.449579604426494,1.08844250387177,-0.27882825301574,-0.327050285972713
"525",0.114796237309128,1.0051795145476,0.0480265196961574,0.0898849813485661
"526",-0.0499760217589276,1.00073036385702,0.0343145453587605,0.0168455668421679
"527",0.122298288907976,1.01387143089449,0.0900869979823384,0.14078214083674
"528",-0.516369068648484,1.13745590146415,-0.463333025343304,-0.281297769990872
"529",0.325058214294644,1.1094196279908,0.303146023171405,0.372712220897853
"530",-0.643796833073166,1.20365531093304,-0.545194703487388,-0.389292746948377
"531",-0.199526384517138,1.03219696116124,-0.138404888631809,-0.215115442107992
"532",0.036848470335936,1.00063623180723,0.0191758852749165,0.0300857745336126
"533",0.0856591592821158,1.00194841390179,0.0391170766407885,0.0486875593492457
"534",-0.117999890474839,1.01849273537503,-0.0917567479355545,-0.170023972486256
"535",0.181561655733232,1.04356231923512,0.27825682959034,0.107682175468872
"536",-0.0792261815056527,1.01494715777747,-0.0549564539928134,-0.164613247477558
"537",-0.0462704736155349,1.00845612332606,-0.0263182937322726,-0.127636593846941
"538",-0.0879260727005508,1.0264906634721,-0.218584007905005,-0.0768382306119201
"539",0.0549135742215108,1.00406021568537,0.0649915838920207,0.0625540625807197
"540",-0.207802919731524,1.00779778998281,-0.0993911914717476,-0.0760116869439407
"541",0.0121735076492499,1.00269046988328,0.0721040184663398,0.0137545961685849
"542",-0.0250050123243867,1.00457550662223,0.0788198305643253,-0.054400209697467
"543",-0.0531791421056662,1.00162529386562,0.0559039529967045,0.0113127074888024
"544",0.0552637085155262,1.00139602901852,0.0462531149004215,-0.0255862520911065
"545",-0.227056361608984,1.02230337406918,-0.0576374679449127,-0.204406729150792
"546",-0.0230666121744834,1.0057707223502,-0.102265491890638,-0.0334142949231815
"547",-0.0256684596498325,1.00479428911088,-0.0573349585796723,0.0795252535645089
"548",-0.0404456413009523,1.00030909317343,0.0124296399856744,-0.0215356898025491
"549",-0.144392511905917,1.02593195923137,-0.202302852265883,-0.107749435902932
"550",0.142095480093806,1.0254228728262,0.188450436758476,0.12640609558352
"551",0.316380346877191,1.04422937431963,0.131268978350698,0.270524382477307
"552",0.320647813830851,1.08323367122671,0.291595857063888,0.297265945951569
"553",0.153946936168601,1.0412871314074,0.248715425606537,0.149731516722496
"554",0.122530236851109,1.02352928700088,0.0892243487236288,0.199126133250693
"555",-0.140620834853086,1.02501087783988,-0.0952524942711947,-0.203897675379588
"556",0.262352735543972,1.03596810070011,0.113982351112552,0.245434164905862
"557",0.121280821622743,1.00538836281634,0.0933230853126388,0.0457882281187127
"558",-0.331455686961563,1.0897165159901,-0.325423884721863,-0.285624544593292
"559",-0.0733405251799683,1.00709869158321,-0.0496772450544531,0.108535459239911
"560",-0.0620811013526999,1.00582999451108,0.0280467300505289,0.104438301363188
"561",0.184414799638009,1.0155707489158,0.11825920808011,0.131904153678555
"562",0.339192592516771,1.03277487568009,0.184797917053558,0.18020453293048
"563",0.0423515794443979,1.00472655479455,0.0852251866333341,0.0470331529097845
"564",-0.0574677292881375,1.00084815985352,-0.0179473194356676,-0.0370800863975369
"565",-0.00165181023396495,1.00045487751629,-0.0301092423383785,-0.00184268064008507
"566",-0.791886944710735,1.3391954496885,-0.575398425039698,-0.679971400081085
"567",0.0784584230122071,1.00405769154327,-0.0246801307509523,0.086733725236002
"568",-0.183201281008228,1.00428093092113,-0.090941628851668,0.017601373628452
"569",-0.0104527727496032,1.00023000434032,-0.0102170250505122,0.0188593208191745
"570",-0.194315714571281,1.00813474576446,-0.0889656141402859,-0.0917648359570372
"571",0.427100119868927,1.10182716221244,0.319345176178324,0.334726386531975
"572",0.16020504705589,1.0226066692953,0.212678057887776,-0.0221910743385858
"573",-0.0172344454042733,1.0119628119895,0.136942767160929,0.0729068677972996
"574",0.00741813897833128,1.00267522716334,0.0178009047965684,0.0709981616344423
"575",-0.160150463506019,1.02661344920124,-0.181679648737888,-0.144664022187068
"576",-0.417484809411886,1.08504082444183,-0.332912906757284,-0.257842175021511
"577",0.0901568618870464,1.02356595459873,0.123444572407891,0.18013522963773
"578",0.0070752402278414,1.00298568519182,0.0545387489413378,0.0548252639174169
"579",-0.136107954805482,1.02666124728523,-0.227815768746774,-0.0461875761171374
"580",-0.160604048961398,1.01401830228909,0.0238358958945529,-0.166327891359681
"581",0.0480558842745461,1.00218165187031,0.0660912992447613,-5.9242261799525e-05
"582",-0.157128583369927,1.02723608270126,-0.22176217924783,-0.0776885156164102
"583",-0.196250129361568,1.03262842216463,-0.122930147267019,-0.22629546428315
"584",-0.0985208478463749,1.00455857370895,-0.0855318744533331,0.0426875446080365
"585",0.0305337319915409,1.00293040976401,0.0764649244915026,0.00474575093199919
"586",-0.291175733995385,1.06823985278918,-0.300641515181668,-0.225279964569236
"587",-0.102393547505899,1.03723632466064,-0.27316603774549,-0.0352066615564196
"588",-0.0269088663428411,1.00536344970357,-0.0431754914079937,-0.0942949783473933
"589",0.00300432785826525,1.00115554094721,-0.0169915978617752,-0.0449855840398419
"590",0.335438009640206,1.12089369617338,0.350878855273126,0.365084520410618
"591",0.141749008908528,1.04038155583422,0.234007971174666,0.16623492757765
"592",0.156383949226587,1.00952410068459,0.0923579451643367,0.102999610815003
"593",0.253111671296862,1.00787011939906,0.113430646935052,0.0541817858081834
"594",-0.0443639521622797,1.00728180753191,0.120667125460239,-0.00748896641228863
"595",0.125878748016786,1.02018963462287,0.0665342036348191,0.190683219866409
"596",0.27879669615202,1.01632456575247,0.0552868964008553,0.172797517454125
"597",-0.326036886468555,1.06063159063,-0.323836420860776,-0.141666310626063
"598",0.183618564421676,1.03820102777561,0.223832578971076,0.166614377127207
"599",-0.155287605843078,1.0207913669718,-0.190779663557043,-0.074954218408364
"600",-0.216528297894735,1.02147193313629,-0.156835986427455,-0.137140014388638
"601",-0.190104941520264,1.04293378992572,-0.251650414392424,-0.156150437415193
"602",-0.016746764905068,1.00323577490041,0.0256279499864119,-0.0763231827135693
"603",0.155153062499088,1.00876405606522,0.0186790207688804,0.13136215205408
"604",-0.0606861252346113,1.00419750427029,-0.0725304575377884,0.0561423219330574
"605",0.349261795772371,1.06918598417872,0.340094124203888,0.165815124298765
"606",0.175749385194087,1.02455035931405,0.186701720060978,0.121843779064917
"607",0.129198654418491,1.03538621829291,-0.0338710253531547,0.266228050123234
"608",-0.0749546152211106,1.00076723861259,0.0107820040084085,0.0376671510714177
"609",-0.110831273163877,1.01239407162867,-0.144410028945759,-0.0639335577670423
"610",0.182370109185277,1.01057945397494,0.0484479237930414,0.137563190848534
"611",-0.3661681877955,1.10370156628544,-0.392724178471412,-0.252833674705093
"612",0.0653855805067275,1.00059411950843,-0.0342114892501101,-0.00426215885973474
"613",0.0318488101092628,1.00928012982865,0.130114264611602,-0.0414325791076766
"614",-0.162884102337604,1.0385075113198,-0.248590822140163,-0.129230237233094
"615",-0.158172149585719,1.0250224482714,-0.145427504132095,-0.171819266970266
"616",0.170347628948789,1.03448425047374,0.246502504588953,0.0969235766446616
"617",-0.386669866355313,1.0924710176953,-0.213933247724466,-0.384350738287646
"618",-0.0195446340566353,1.02065073956943,0.176314739000317,-0.103155440936831
"619",-0.0540252085756449,1.0062174209328,-0.109017063839235,-0.024264747691581
"620",-0.198307565559584,1.00021204034979,-0.0172569437008394,0.0112393751963538
"621",-0.0556814565903192,1.00226754536821,0.0381561429602497,-0.0555368459026416
"622",0.362450951184074,1.02873404079426,0.146046981601454,0.192260255523565
"623",0.0730476452497113,1.0004995120387,-0.00465719101443772,-0.0312663423114605
"624",0.0642034285144881,1.00452819257863,0.029582245433742,0.0905636816852505
"625",0.316890153889585,1.04474784662947,0.200530586193148,0.226463125117401
"626",-0.113549035703574,1.00264977493258,-0.0610924375536362,-0.0396772635914122
"627",0.270690882522083,1.02285288541819,0.112146811819763,0.183442410055543
"628",-0.109445629252873,1.00000001949843,-2.54819705019117e-05,-0.000195825241024127
"629",-0.0490061945559785,1.01156232965395,-0.0800944416084887,-0.129781459378248
"630",-0.497208858743575,1.10349025448272,-0.299649904169678,-0.357632040887613
"631",-0.0647079798095061,1.01340296543093,-0.129835202620254,0.100639905130883
"632",-0.700753081912317,1.23770573311004,-0.516949683363841,-0.514469150332143
"633",0.0850383717647703,1.00148815803265,0.0537753175521061,-0.00931374799933434
"634",0.294878535830364,1.0496048115853,0.246935518575768,0.201725333482754
"635",-0.122123181660716,1.00341089707471,0.0486289708781849,-0.0668479734891786
"636",0.0347282263899208,1.0050197523496,0.0450318661442877,0.0896483889671485
"637",0.264669145317177,1.05551096212174,0.21696871894849,0.258897597820073
"638",0.441224738071938,1.07706511817634,0.25653159953536,0.307019229417384
"639",-0.224527573706965,1.03883858124421,-0.250284326039794,-0.128620970375359
"640",-0.0617696632952459,1.00623395882725,-0.10340671477834,-0.0425890976180061
"641",0.292887340903359,1.05610016695713,0.123318564514664,0.316449197017336
"642",0.272599519195117,1.06393312174414,0.310985173104906,0.18772828676877
"643",0.276109385164128,1.05382904723767,0.290304155002801,0.162108477230435
"644",0.3291664738807,1.07459507242451,0.188066519184865,0.345522146961268
"645",0.326704865291032,1.03937464240723,0.228047896677754,0.168207622003308
"646",0.00781723412291195,1.002246848677,-0.0606233774879909,0.0286975919709586
"647",0.164675524602629,1.03987857435912,0.0970055228807694,0.268211442600379
"648",-0.165531441787565,1.00419396761819,-0.0740761870529771,-0.0540207655671342
"649",-0.552629019272621,1.16627930062298,-0.511269903615135,-0.314341363359975
"650",-0.515808644081179,1.10718338750566,-0.315215425208076,-0.355660356631728
"651",-0.22908969788165,1.03518090992804,-0.229039098091881,-0.13834958556028
"652",-0.254480664598671,1.03956774707094,-0.260807074191179,-0.112608928606864
"653",-0.0851116118356228,1.00528117872035,-0.0811494986439016,0.0632851258923637
"654",-0.174519857426322,1.0147063513163,-0.0604838295182543,-0.161154229756617
"655",0.16466649126831,1.02896040824341,0.089287100670282,0.225360456572021
"656",-0.0226109958193942,1.00467074755144,-0.0834298857408927,0.0490180084339024
"657",0.286746637814964,1.05597485975919,0.316801813802372,0.121324009227218
"658",-0.256432668091201,1.02818339924173,-0.238784232076659,-0.0119663272492347
"659",-0.0284889840650438,1.02027605121287,0.12078262436168,-0.162403135224786
"660",-0.0609937798509386,1.00987367868889,0.0920654927010781,-0.106624537337004
"661",0.269464824089491,1.03546729450811,0.161932748511053,0.214406863126176
"662",0.217232392373759,1.0320054065364,0.13036448874449,0.219180882366019
"663",-0.145486833686014,1.03993944303491,-0.260275553897393,-0.117177989499561
"664",-0.305886520094844,1.06261929144161,-0.217416624471083,-0.286163886518661
"665",0.0186614169038804,1.01176581053984,0.151746575727738,-0.0253580782444432
"666",0.353486594757358,1.04174143910237,0.271524746822975,0.107235897934399
"667",-0.112933215184653,1.00710943825263,-0.110936667890409,0.0442998457659991
"668",-0.331277618404226,1.03504009530803,-0.2054894521175,-0.170534700174802
"669",0.352260311815838,1.06238113544393,0.175550323546144,0.312787085491025
"670",0.413521896029085,1.11710716281691,0.381954403155761,0.319435826304383
"671",0.0280879579138214,1.00376240760238,-0.0862921401102031,0.00962483615021082
"672",-0.186648394921764,1.01895031416176,-0.135284103155069,-0.141272623547105
"673",0.146535086708638,1.00333523018791,0.0783176878588632,-0.023407774449216
"674",0.0872742944213401,1.00397457314023,0.0597538826519334,0.0662903991549804
"675",-0.62197665698906,1.23519190581469,-0.523444290068266,-0.501702221825914
"676",-0.183004989548705,1.02138971363255,-0.164365773833835,-0.127361059615525
"677",0.063049164197396,1.00281968103652,-0.0390958372213251,0.0641780974020921
"678",-0.19036075515935,1.02126576846115,-0.13399266830009,-0.158207884355903
"679",0.00587562474919047,1.00620132212154,-0.0954259996468874,-0.0577492790476168
"680",-0.164638926816717,1.00825031479752,-0.0601455824632752,-0.113803366380098
"681",-0.30058813036728,1.05176621026104,-0.174207121778311,-0.275434274861684
"682",0.135451920220283,1.01172768823277,0.0873766990092534,0.12632587861193
"683",0.266135090714821,1.0245312431216,0.108558093517763,0.19462633034634
"684",-0.0440337240797943,1.00037637778032,0.0211478769228942,0.0174832640695571
"685",0.260616332004359,1.06751394692902,0.308605539387723,0.210591186774725
"686",0.198767043925204,1.00297844484977,0.0240313001410495,0.0734047508461889
"687",-0.381982565779659,1.12030520206529,-0.434647500592907,-0.257226157306911
"688",0.134285714871911,1.01438795102055,0.170177925425299,-0.00473168824037364
"689",0.250110281143639,1.0366120272682,0.260654302625493,0.0813869129523035
"690",0.0979995007324808,1.00652334482652,0.101514889868042,0.0527633472766725
"691",-0.541314404927476,1.11076616070904,-0.350264390948091,-0.333341146890183
"692",-0.0357878740627176,1.00595843955729,-0.107889141805485,-0.0176724417389595
"693",0.0693395141905231,1.00505154007495,0.0425686213889404,0.091194904901938
"694",-0.127501250714976,1.02802190133072,-0.0643569073953634,-0.229536964531078
"695",0.0275857764063587,1.00308644571309,-0.0749016445215036,-0.023919891749134
"696",-0.395631193651347,1.05758391904943,-0.288946999072855,-0.187065169282639
"697",-0.389432969948284,1.11532437339539,-0.23416941971779,-0.434871407152575
"698",0.369116084099955,1.0739240873898,0.374975911073468,0.11272094566072
"699",-0.04635985667468,1.00341543234942,-0.0805703868007879,-0.0187334633139975
"700",0.03541096734238,1.00086556644341,0.000367075488024422,0.0416142685586628
"701",-0.258096199536758,1.05448795377816,-0.236331529339094,-0.236838030948353
"702",-0.0196331997132947,1.00181580493152,-0.0440670278389645,-0.0411461306567886
"703",-0.201073174181288,1.01963656323502,-0.110125193588109,-0.16592517236062
"704",0.0732960938461294,1.01991200885448,-0.112302819290428,0.16615830579602
"705",-0.114555254906107,1.00972001315565,-0.0919246501609071,-0.10528230459024
"706",0.223427533293152,1.04047651179677,0.247983497868467,0.145243094106711
"707",0.24318472351561,1.04068454355265,0.167458686525243,0.234482211471635
"708",0.00746288888983716,1.00322513374914,-0.0669820667742913,-0.044430526855168
"709",0.115833603022331,1.00820744648139,0.0971033615280668,0.0839832859590543
"710",-0.0445179709212343,1.00529271796569,-0.0682114915136523,-0.0772051890764371
"711",0.258389389921365,1.01339089714949,0.0600881175336376,0.152808797379963
"712",0.149510780670423,1.01404524896467,0.0218409222386383,0.166765527203887
"713",0.184187372753685,1.02602367613245,0.155536420972378,0.16891715642717
"714",0.39141037106243,1.0848798653122,0.264990050337706,0.326717914081621
"715",0.190355345613114,1.01332887448645,0.104797240868686,0.12590848332934
"716",0.379382724465964,1.07390351983491,0.198880214472865,0.33721718551259
"717",0.128077238838705,1.00453924055662,0.0889585242166215,0.0344306082908957
"718",0.320567930070113,1.05636794539777,0.317736812184228,0.122296991978186
"719",-0.315444351227458,1.05992387765606,-0.315329226604234,-0.154939037284463
"720",0.142746068829151,1.00183482183195,0.0178461860570894,0.0579182516851907
"721",-0.0491213185585277,1.00098622953151,0.0293388903632794,0.0333565769220685
"722",0.152270084548816,1.00787894879771,0.0786383320405939,0.0981630692442656
"723",-0.271021810244421,1.04045015334756,-0.240073846450689,-0.157800728297821
"724",0.0615556121291219,1.00043480361104,-0.0272651258792696,0.01124318402588
"725",0.188615001764742,1.03634445278152,0.20877619671135,0.174419965880551
"726",0.139447388832609,1.0113199121545,-0.0814328027749747,0.127030167095824
"727",0.328758221288092,1.08272597732686,0.334701680931454,0.245500156334074
"728",-0.42995397129863,1.09673416772311,-0.357331756630323,-0.27411649048313
"729",0.067986725999156,1.00356556260547,-0.0118909846625409,0.083680600687284
"730",-0.27953559618461,1.06141636537951,-0.282485181900176,-0.216348844929387
"731",-0.0841201666040286,1.00283633219405,0.0666379710249743,-0.035214911416663
"732",-0.058634996609835,1.00730546489317,0.0897889109288199,-0.0812542372917633
"733",0.35376077524761,1.04096533475023,0.144640200014276,0.2503757989333
"734",-0.0440884123251317,1.00078633857399,-0.0126435462772473,-0.0375956940869122
"735",-0.147906583124186,1.01079945610832,-0.138808999127144,-0.0494732476211771
"736",-0.0421122688025853,1.00258693203804,-0.0335908380261438,-0.0636569862162916
"737",0.182201718169013,1.03898871653135,0.275890168341247,0.0581564105847398
"738",-0.0809780730790305,1.00262548652295,0.0592108682184983,0.0418561740988937
"739",-0.240808017775335,1.01648200769119,-0.120621755665405,-0.136696978825816
"740",-0.170805587518357,1.04116736388706,-0.280736283963526,-0.0722261620874664
"741",0.252643978366775,1.02318816465545,0.159085833987596,0.146988835342891
"742",0.0585533888246928,1.00362454121649,0.00953100975598483,0.0846839984001737
"743",-0.453347889648029,1.05193293108771,-0.292312887268197,-0.145313686360605
"744",-0.458396472198964,1.0792606167335,-0.311460788833455,-0.260375989390775
"745",0.228530431501084,1.02005063004515,0.167294605757508,0.11187404855438
"746",0.0121202718892837,1.0037375298865,-0.0819533575189441,-0.0277970518946197
"747",0.142900162860138,1.01559582864751,0.0889818322475216,0.15335292855404
"748",0.396997383837555,1.06244799639535,0.256259565354751,0.25125043325076
"749",0.313966147145303,1.05054512417803,0.156751302495244,0.281201150602687
"750",0.0663601550631881,1.00850350101635,0.113393509863164,0.0649709433758804
"751",-0.191621407081591,1.01909444613639,-0.0674516349163721,-0.184401103828438
"752",-0.238693280151247,1.03350445286532,-0.0606033679567881,-0.253887151870134
"753",-0.257808242544719,1.02126762029012,-0.112504334188473,-0.174156042220351
"754",-0.0955431258609681,1.001339706866,-0.00742079753141827,-0.0512458809123328
"755",0.218917739491566,1.02318716280347,0.0694323355106927,0.205161207130767
"756",-0.0557265836570236,1.00094188991089,-0.0109203565557436,-0.0420168155751969
"757",-0.261299418772177,1.03538247622235,-0.192094189971612,-0.187394488306042
"758",0.548027051890483,1.17110283308489,0.484459841916915,0.369838488031318
"759",-0.537602861835145,1.2319974588185,-0.486109213378523,-0.530580409743664
"760",0.0708044042113636,1.0285597674881,0.234036015697559,0.0562346748153041
"761",-0.227963512005993,1.04199470226843,-0.139702096799497,-0.257364107259139
"762",0.0764714926900022,1.00355846899596,0.0740273799930054,0.0406146242735854
"763",-0.0138690258632131,1.00176446511572,-0.0156337971341862,-0.0573378405222448
"764",0.0777567814197589,1.00086240093118,-0.0124095599719103,0.0396427599825696
"765",-0.212115095574296,1.03951181021793,-0.205284677889775,-0.196068877199458
"766",-0.258899873361608,1.06073871998752,-0.30889219528824,-0.172488387350483
"767",0.0107244369963493,1.00288495702123,0.0751728157524911,0.0112820561656175
"768",0.076774057500243,1.00781298899781,0.10344416902593,0.0706139128446254
"769",-0.162447453497176,1.00674520375729,-0.0575281606716418,-0.101125743597015
"770",-0.15352710406827,1.01260243315186,-0.128479003081021,-0.094110750673704
"771",0.0494838341423509,1.00951324948825,0.138219113432391,0.0035323610079272
"772",0.0695812711629639,1.01008699866392,0.054571322214239,0.131520780341609
"773",-0.267838829635121,1.03813251430172,-0.174163319020259,-0.217683843126371
"774",-0.44290169710086,1.05158343168813,-0.184463950985934,-0.267956646843563
"775",-0.0605562517617061,1.00220822195561,-0.0435883009039995,-0.0502133466294425
"776",0.131669028014834,1.02140982296033,0.152627962022653,0.14136029021144
"777",-0.129186131704288,1.01062658090321,-0.0904392231570611,-0.114833936372774
"778",0.31659471623059,1.0437945937399,0.261306098067267,0.145692405545014
"779",0.48767596751674,1.18579643649602,0.439816995048843,0.461166130231679
"780",0.0408696361812876,1.00132729777932,-0.0497359014388028,-0.0135165596996261
"781",0.0355404321990233,1.00157847779877,-0.00223478389960504,0.0561645166508782
"782",-0.201780648508859,1.04511337865498,-0.195126297471198,-0.232782521420338
"783",-0.147160513116991,1.01488991552361,-0.16638242634445,-0.0481500657865703
"784",-0.268919612312805,1.02907736460343,-0.213650370721342,-0.11555838969875
"785",0.10163750416828,1.00789137927942,0.0722439974190061,0.103081701881027
"786",-0.0346964807393791,1.00298883038567,0.0645675765750393,-0.0426335775374677
"787",-0.0662975244598204,1.00099394261904,0.0412929026331242,-0.0168454549401567
"788",0.4440036692573,1.12025203961239,0.416762034831565,0.285086019612997
"789",0.107210756472559,1.00389392329702,0.0374871509705592,0.079985765888598
"790",0.351552413867933,1.09378037998352,0.310499304327946,0.316141901127888
"791",-0.00341927823961472,1.00783157303365,0.112049445176047,0.056297437234948
"792",0.119654282827588,1.00274167709333,0.0705726782914294,0.0225913270685737
"793",0.305274080092767,1.04286383364474,0.222119863252768,0.195519159861038
"794",-0.00433594978767706,1.00955667497261,-0.137498853380667,0.0172842500779334
"795",-0.032660172069551,1.00730592772286,-0.0787106357898475,-0.0920318849049955
"796",0.103670788338119,1.00501418790886,0.0940466441351582,0.0347670335953638
"797",0.34963584704855,1.06859390136234,0.26152446322958,0.271104926479154
"798",0.623868583693779,1.21561978150276,0.475089266387043,0.502017571549678
"799",-0.0312760389577363,1.00063121063873,0.0337064905340038,-0.0112557629775579
"800",-0.440543471009813,1.13438514435382,-0.360219933082573,-0.396322161303942
"801",-0.0895914683634743,1.01901405907621,-0.1785990507859,-0.0805731447403983
"802",-0.0418310680647266,1.00425832136854,-0.0338757817675979,-0.0859488653072223
"803",-0.130123476540585,1.00432051032794,-0.0694552645480634,-0.0619326544880392
"804",-0.110856616182019,1.01989195478194,-0.154617825477546,-0.127565385091424
"805",-0.291115097731952,1.03280517731657,-0.217482199985898,-0.139240895505618
"806",-0.406386555153306,1.05662577410095,-0.0935848289635783,-0.328176638843005
"807",-0.300154593633707,1.11289406206387,-0.319191927847367,-0.369661610901248
"808",0.477920281049992,1.14634990916352,0.413848704718437,0.377951536366873
"809",-0.142634738504171,1.00379530697006,-0.0843606593607344,-0.0220974534132037
"810",0.0278802496007323,1.00002186880336,-0.00647897824225406,-0.00132699882879563
"811",-0.165556883115555,1.01422517946805,-0.130430480271104,-0.107891633054836
"812",0.0612980291233042,1.00380339082846,-0.0179073170871632,0.0854434048564034
"813",-0.0299286011060847,1.00406895899788,-0.0452744993023801,-0.0781325421063853
"814",-0.117455150261123,1.01932583869098,-0.167129815566648,-0.105322315639791
"815",-0.349367455998463,1.1284800803887,-0.349103447466006,-0.389350837679139
"816",0.161920187304312,1.01446909085431,0.170719228267628,0.0015752455301155
"817",0.0775394203281526,1.01421995852281,-0.165292930889608,0.03633691324158
"818",0.0368724901533758,1.0021799749632,0.0660546721325117,-0.00121758232136698
"819",0.168584037326847,1.01491023435001,0.0367371128028906,0.169390579228326
"820",-0.0263493122566371,1.00449203508996,-0.0542083054426109,-0.0778826564789288
"821",0.16065651578575,1.00286518386808,0.037749425553206,0.0656776817888963
"822",-0.390420183923607,1.12287135805118,-0.291875266355893,-0.41910489811188
"823",0.0349410758891627,1.0003194864291,-0.00248894994459643,-0.0251571075035504
"824",-0.0877519758247732,1.00925707086836,-0.114790254862325,-0.0736412417495787
"825",-0.225021878352445,1.0161021588506,-0.057307078497711,-0.170820069005076
"826",-0.0799147115747201,1.00827515645761,0.0557150253005509,-0.11625242829881
"827",-0.146220358336732,1.00178459074941,-0.032093573947165,-0.0504219076816868
"828",0.141088960143226,1.00257115959961,-0.00228563007257501,0.0717196343833467
"829",0.239287114273491,1.04687019321037,0.183703631955534,0.249379584245899
"830",-0.11604457467172,1.01069272668815,-0.145299709899417,-0.0196921833089797
"831",0.00119194104190013,1.00127562932243,0.0499006449213315,0.00792537137694941
"832",0.344470636442564,1.03372371322543,0.1729358070896,0.196667033106293
"833",-0.366771407049974,1.04818484174273,-0.238300074957052,-0.204705976304278
"834",-0.0178001899611873,1.00021703671063,0.00418336872855769,-0.0204112702268477
"835",-0.35998975143409,1.13808240590147,-0.461132293362211,-0.287382272663061
"836",-0.515300343013616,1.19158206170504,-0.41557661328899,-0.497155798783924
"837",-0.192641273570849,1.00875169371874,-0.11311412148428,-0.0691749600741607
"838",0.222907646478074,1.02289560346835,0.102226561527352,0.1893809539346
"839",0.0407710425033232,1.00054359786719,0.0245391817545644,-0.0220299748487904
"840",0.0145488005790755,1.00236009246312,-0.0447861183592737,0.0521532219999263
"841",-0.30068124078425,1.02416986745322,-0.0980083441953229,-0.198288380565384
"842",0.245902554205133,1.04464735776501,0.254924309485853,0.162177984074814
"843",0.047195662174013,1.01076428678165,0.120486789918321,-0.0844237933784164
"844",-0.398857431437007,1.07361233847209,-0.29479454368515,-0.256397407032459
"845",-0.0678247019603178,1.00042406686123,0.00796178877753975,-0.0280164857650305
"846",0.171103506445944,1.01534582419245,-0.00152735857363341,0.175854513393432
"847",-0.136058750101061,1.01945872905169,-0.150430801359537,-0.129099474212802
"848",-0.199849853384164,1.00694673900829,0.000826114368134679,-0.118072235239602
"849",-0.21819293899495,1.06004786982204,-0.300196554250311,-0.183258056113442
"850",-0.145733420606195,1.01835612065806,-0.0473211584916759,-0.186574104421659
"851",0.234463298198065,1.02908657115169,0.210916227293386,0.120555033030812
"852",-0.212442152860403,1.04487756501686,-0.199503528389541,-0.227963742809418
"853",-0.271515468769122,1.04067728235122,-0.163045611853187,-0.237540174407074
"854",0.271184448120115,1.07048141854192,0.259313411995858,0.280512070689628
"855",0.139618304224748,1.01943226068038,0.198094571348104,0.000821534129403974
"856",-0.0730063631496975,1.00437357028795,-0.0893921602182103,-0.0278443959259381
"857",-0.0615021283612912,1.00690556991327,-0.101445545317928,0.0597296246221828
"858",0.0523361330041248,1.00247257444974,0.038257100478534,0.0590563865036341
"859",-0.0916761565289387,1.00638188485546,-0.113153411638973,0.000896437216676294
"860",-0.0662181342095134,1.00548353206688,-0.0887096634851573,-0.0559261017954798
"861",0.335105563657998,1.07702520126235,0.344031916476809,0.204022853130461
"862",0.10821891427916,1.01558318723143,-0.00266489601977428,0.177206400889885
"863",0.225964953693366,1.02639940929943,0.188651970902732,0.13381398015432
"864",0.444806809367906,1.16383572813198,0.367496719754376,0.468465327475012
"865",-0.366912693458653,1.05821113329083,-0.259638935884874,-0.228907023905426
"866",-0.526546060625221,1.10320348051006,-0.278463834690571,-0.373518155086114
"867",-0.505148367597929,1.09817715236011,-0.297594760837607,-0.342681216712804
"868",-0.112834020702984,1.00063353115832,0.0325940965368714,0.0143209130055955
"869",-0.123329256969478,1.03491183672012,-0.252739641013231,-0.0846474077802912
"870",-0.30276314821753,1.03628621555545,-0.148335656656627,-0.227784225780656
"871",-0.182379218425137,1.00905160729907,-0.045242481485895,-0.127036467448659
"872",0.246620983522484,1.04988196625243,0.245192579869681,0.20526261675939
"873",0.565133012439657,1.21816343990894,0.503759611431559,0.479737866153069
"874",-0.461320155048585,1.03278939959994,-0.181244368305286,-0.183859791372727
"875",0.00353304648529959,1.00680894688639,0.116368488393694,-0.0110738628967696
"876",-0.0803659333478082,1.00386636714215,-0.0392191062045116,-0.0788006648937741
"877",0.227542032932296,1.0149275496687,0.0115610194885361,0.173044138603112
"878",0.145122281407799,1.00456438940527,0.0323425793251902,0.0900198312805652
"879",-0.272485015926655,1.06132951949005,-0.16513383585992,-0.314882780086755
"880",0.291371126977804,1.03406887272844,0.209017489689139,0.160031629842079
"881",0.0051831072410731,1.0051776528283,-0.0268153563225117,0.0983008159209064
"882",0.207921312210346,1.03104449338218,0.17711679690802,0.177995470691676
"883",-0.271340525238477,1.01960639669606,-0.144278659491945,-0.137043323802129
"884",-0.360679725259814,1.04840639390311,-0.150175082420772,-0.276773212932228
"885",0.20194828324028,1.01167219166448,0.111474873873828,0.105137889849604
"886",-0.053464793350606,1.00532952164272,0.0815283003661137,0.0635655828715415
"887",0.406197810283365,1.06318358231859,0.275734240988231,0.233087876257937
"888",-0.462200792243996,1.10136605204816,-0.351354284814179,-0.299261335870271
"889",-0.139665256842968,1.04688097029976,-0.00740425884806944,-0.309685232012554
"890",-0.0720817108410773,1.01023822724333,-0.0528109771654707,-0.133387692365451
"891",-0.229164259490003,1.05198784267806,-0.278992106449479,-0.169828812871465
"892",0.136885431895123,1.00501102648622,-0.0199512145542397,0.0982298956362374
"893",-0.323892683843323,1.03211844449483,-0.173806317583707,-0.187242750018286
"894",-0.649779184465247,1.31864378639954,-0.61376032226094,-0.601763825955212
"895",-0.245165379381418,1.01220727605995,-0.0601186615875395,-0.144738786224138
"896",-0.423724105791853,1.07477472239519,-0.341064425538488,-0.197017160500721
"897",-0.120721133201371,1.02625325223789,-0.23045787189708,-0.00921449996039743
"898",0.589879259016002,1.22909696602427,0.42729755659443,0.572796778987543
"899",0.0158723494795878,1.00060696531792,-0.0338613644209105,0.00822842890751627
"900",-0.282209495500069,1.05527163502897,-0.205238648533069,-0.267348687756349
"901",-0.0391420363887724,1.00267521851693,0.0202093391094482,-0.070350383372997
"902",0.285622287144431,1.01858614620368,0.023163891861138,0.192304891648393
"903",0.541415940259371,1.11230941631607,0.359324789044264,0.328812915810333
"904",0.0245937456619845,1.00440032610041,0.0545962984818667,0.0764150460490565
"905",0.122915638945115,1.0091154238599,-0.023587132959838,0.1332575920189
"906",-0.0764833374486106,1.0003512243297,-0.0263349939385652,-0.00300667793050223
"907",0.0735754020352743,1.00876042498681,-0.0708857046047584,0.112128550789973
"908",-0.138711730857774,1.01404876522309,-0.0683372607203371,-0.153703991645349
"909",0.066287454358759,1.0040506087793,0.0497526755111325,0.0751152199595763
"910",-0.158757038461549,1.01701753817446,-0.18525886348017,-0.00195613304233726
"911",0.00525820926310702,1.00648656309009,0.00340300540738,0.114033421570641
"912",0.0482883235428765,1.00671856330715,0.110375501495734,-0.0360487777433132
"913",0.184236885276138,1.01313199682833,0.088297534337649,0.136528342944767
"914",0.0661111151252593,1.00069559281535,0.0250728056647179,0.0276228871801337
"915",0.122395834226948,1.01795355441422,0.0881777118535204,0.168683520466026
"916",-0.0469230346163779,1.00279719585685,-0.0688326330410786,-0.0293987184584542
"917",0.15371573879028,1.01764505116888,0.16324350351345,0.0946203399336347
"918",0.366489936643834,1.05024029323751,0.158233058786778,0.279225666167325
"919",0.178697973049473,1.02017576039767,0.170732290057681,0.107745381500217
"920",-0.0802415227774495,1.00738893609621,-0.0154534604522492,-0.12080421817593
"921",-0.237180115533377,1.03253863180336,-0.157967758665212,-0.20293401239971
"922",0.266543984728917,1.0408944136389,0.194745629359801,0.213390065818256
"923",-0.0169071651300353,1.00772385850138,-0.114175997182146,-0.049711333319114
"924",0.355697822205085,1.08585915040119,0.168645793637914,0.388134887375807
"925",-0.23848511850579,1.04180109833832,-0.272008982444897,-0.106586312292955
"926",0.00622117736510932,1.00698932732771,0.0709841908927773,0.0948090185331491
"927",0.212783330668229,1.04745514082589,0.29747075112436,0.093131220694784
"928",-0.147118890707743,1.02093371550939,-0.184362909574294,-0.091191935153904
"929",0.0114197689342019,1.00381615712346,-0.0751920042838125,-0.0446434742586938
"930",-0.119450423766108,1.00316634590026,-0.0656691247293478,-0.0450586684686537
"931",-0.2394762216061,1.02215024488358,-0.180064022469596,-0.111211829081363
"932",-0.0970841788194788,1.00568797585333,-0.103984942802525,-0.0244015664726828
"933",-0.25162669310524,1.03278979415234,-0.174559761841626,-0.190220000134121
"934",0.311295437264248,1.0576373254981,0.187015900661857,0.289174281682174
"935",0.0791496543939375,1.00749249699489,0.113569433072747,0.0462937941039563
"936",0.600043460410992,1.25711618165316,0.531559562757172,0.545697283679902
"937",-0.0126911017307658,1.00615464337875,0.106986710941201,-0.0300168298559686
"938",-0.349562561209774,1.06414505406827,-0.262615267957136,-0.251868849073799
"939",0.0325806783714446,1.02195496601849,0.0240106072215468,0.209321387609366
"940",0.064137289277733,1.00040065422049,-0.0270776984985611,-0.00826239727912984
"941",-0.418919601126515,1.07711951372702,-0.218564303593498,-0.335285090700782
"942",-0.0664074899249463,1.00430278658448,-0.0676092359757936,0.0636637915311325
"943",0.448795718985865,1.07738934818557,0.220381291617176,0.334962526096375
"944",0.0500054462140316,1.0095922211094,0.09547662732497,0.100800131742241
"945",0.0659499125707998,1.0031004974306,-0.0249761132297281,0.0747449109534821
"946",-0.167283174855143,1.00927718328636,-0.0966016656145948,-0.0964808317902243
"947",0.485227310654131,1.13832048045232,0.494992483451724,0.225290828804653
"948",-0.0123562466666212,1.0088723800006,0.074399727151722,-0.110851972142249
"949",-0.157511910572338,1.0268027070679,-0.193532868946097,-0.129880051891972
"950",0.291142839701409,1.05726403286136,0.22345446470054,0.260528956908195
"951",0.184404350235856,1.01737691124693,0.179563280625281,0.0530359103762612
"952",0.317854501717467,1.05559305033012,0.175587677151861,0.288869616847586
"953",0.179623414803349,1.01973846479483,0.0528609410147196,0.192541573425483
"954",-0.11287757726,1.00316815827704,-0.0591916143064305,-0.0533170383343246
"955",-0.19322984904156,1.03896274786167,-0.256144227550253,-0.117616861618347
"956",-0.366269360510673,1.06992293072806,-0.197451949609652,-0.325188876336621
"957",-0.0818774365221361,1.01380108570859,-0.162458946043348,-0.0374129955284192
"958",-0.432686812016011,1.08386139701069,-0.304769155371311,-0.286131595361671
"959",-0.0645601837456205,1.00582142911852,-0.104990729104226,-0.0255674417215346
"960",0.515970483102291,1.12952009330559,0.339393554742955,0.400783802292469
"961",-0.317978851290188,1.02782347655579,-0.189251512161305,-0.143544293177741
"962",0.173754874587367,1.01354092650013,0.0893384951968798,0.13886627728392
"963",-0.446239044620504,1.11173000243598,-0.295632222341255,-0.385415603511163
"964",0.317372256787947,1.05607386877006,0.268006663753031,0.208481280893325
"965",-0.163528314605517,1.01583761716181,-0.164196259379564,-0.07046738853358
"966",0.0414462378218903,1.00640671089541,0.0685543853229912,-0.0903037318625539
"967",0.112410336645024,1.02650729695596,0.222665903877511,0.064320494045433
"968",0.16027890347628,1.02357583078285,0.151828812162085,0.157020677492655
"969",0.0579738256717513,1.00432500834056,0.092860097496099,0.00676200201731502
"970",0.0445638514766458,1.00458687446576,0.0429414473280885,0.0857369258269775
"971",-0.0377262678911078,1.01464785457041,0.139171901000665,-0.100704770275272
"972",0.407891251101916,1.07721447553806,0.305506642547739,0.258953118668133
"973",-0.125637361356717,1.02112363984794,-0.195032196818405,0.068234375944118
"974",0.0767098042093152,1.00278758509271,0.0353070313722151,-0.06585100114462
"975",-0.101063156723204,1.01691158361319,0.0975687366908979,-0.156810428566544
"976",0.211243524060196,1.01601770805673,0.0562037610396775,0.170684270891742
"977",-0.180206917995145,1.03186941211516,-0.17681027508276,-0.183009863898222
"978",0.285155999759474,1.04708675878309,0.250662584590521,0.183191018080248
"979",-0.410710059308086,1.11433771225326,-0.368493454850799,-0.325516682647689
"980",0.0813646879089408,1.0042509280236,0.0365335171188687,0.084765727527026
"981",-0.0338253582605888,1.00215947276585,-0.0143801279271159,-0.0641624561181845
"982",0.298933251010364,1.02736585517596,0.150301155242518,0.181356453191464
"983",-0.279047574094464,1.07828729174822,-0.340113697595,-0.216855150397584
"984",-0.228784718384149,1.01895201810094,-0.189481480929845,-0.0485796621706011
"985",-0.22970261445211,1.02732417740633,-0.132002937930749,-0.194859410502171
"986",0.192212088445908,1.00311265471308,0.0515247872234271,0.0598347252614191
"987",-0.143814958408557,1.02482222982882,-0.210239754271649,-0.0778450285831425
"988",-0.00739378627558924,1.00489988234491,-0.0513681777401362,-0.0847648739305876
"989",-0.259626164948357,1.05466936448143,-0.288354588728498,-0.170818908598762
"990",0.104786390772183,1.00370303104158,0.0378233879082265,0.0773897011829904
"991",0.199808160856484,1.01531936875503,0.121279757341132,0.127140241577527
"992",0.158921361965572,1.04796109726086,0.267647083331469,0.16305673907063
"993",-0.0594608775940588,1.01232832405373,-0.104727672262504,-0.117646718372898
"994",0.147842834677819,1.02655955589898,0.133614413743117,0.189662094915134
"995",0.136531560490558,1.02442720793205,0.217560166891625,0.0460291009420661
"996",-0.158250968318164,1.01579397985437,-0.130137610790803,-0.12207215802974
"997",-0.184779287134251,1.03323270537697,-0.079933577954984,-0.247346814363809
"998",-0.118992503439825,1.0119634184987,-0.0887282125013938,-0.127268474831314
"999",-0.364691926357845,1.07097783471798,-0.26782882076604,-0.274337830465074
"1000",-0.518816340735958,1.12434350213747,-0.287846221559933,-0.425784996838112
