"","t","","",""
"1",0.403679700601,1.16133596759614,0.393965167065508,0.439878024879076
"2",0.15709192259817,1.05247774998837,0.175184653586861,0.277524325723406
"3",0.179240225622359,1.0192614549571,0.110781266126309,0.163160732520756
"4",0.292228288937469,1.02241042301574,-0.200500830402659,0.0715715732611469
"5",0.121943737984202,1.00682519180868,0.113667520309411,-0.0278686506186056
"6",0.058644619018921,1.01538441550974,0.17133682951801,0.0406103694981973
"7",0.176872201336289,1.02056840724848,-0.00870984483387847,0.203676244261964
"8",-0.0433192962382357,1.02546178944845,-0.17695009397254,-0.14233954426623
"9",-0.205188185231419,1.01511464650702,-0.0620608410557928,-0.163114063037257
"10",0.106997287997077,1.04316073797714,-0.113187443895737,-0.274541304363057
"11",0.24044860978721,1.05892356330483,0.256087350265602,0.236089775204567
"12",0.0430170662122821,1.01982523863168,-0.185624962060729,0.0747455069560723
"13",-0.108968199750825,1.00163876816728,0.0312879997857115,0.0479716892038395
"14",0.393309553448092,1.0399230618259,0.124732957381238,0.256674236845608
"15",-0.0563911403223477,1.0269643358307,-0.0953594718098255,-0.2134533162177
"16",-0.000154037111489057,1.02496357797226,0.0739250358587911,0.212333288117945
"17",-0.271561971433581,1.02064486159239,-0.204244787943308,-9.64072104703457e-06
"18",-0.490680513083615,1.02561444574406,-0.186863194462962,-0.130257966643084
"19",0.291644626587242,1.02374980868667,0.217555574609809,0.0270784553139206
"20",-0.246651846438324,1.05878845360343,-0.329531199423911,-0.111544511699014
"21",-0.231967885231191,1.01040579500592,-0.0672865038386581,-0.128032796512096
"22",-0.298209670744732,1.0082012283758,-0.0398480010594597,-0.121991203412555
"23",0.279618401207693,1.07925367447767,0.219650862099138,0.341382472679351
"24",-0.0153664907654618,1.00220249508615,0.0426755034487006,0.0508787044086143
"25",0.568349673720633,1.15025980338829,0.397328501399659,0.406482074963178
"26",-0.0876093059019933,1.05623445894833,-0.17869016306298,-0.289311351132987
"27",0.288888168550086,1.04777953005326,0.110971830810656,0.292450331449913
"28",0.0384877082730658,1.02185090615343,0.210157903630414,-0.00359582372539741
"29",-0.0593375129750622,1.02925232948684,-0.195683981738745,-0.145148672212168
"30",0.317660118327025,1.14739007608629,0.348833659593509,0.441383126813776
"31",-0.0983432756403271,1.01120565742459,0.0300640515308509,0.147081726985513
"32",0.368273086031118,1.03791608901876,0.228777922591119,0.157893856685056
"33",-0.208757453746475,1.04763329793103,-0.309411250836267,-0.0424288202731943
"34",0.00708713458159054,1.01199090425447,-0.01097303479768,0.15493606036397
"35",0.0285252250577271,1.04002092912108,0.258237072313211,-0.122299417386105
"36",0.374163122373229,1.11376764557047,0.465203975290707,0.155124561863369
"37",-0.272528778026111,1.13613855323004,-0.481026556883123,-0.243770924658388
"38",-0.143246939461495,1.01171591104136,-0.146681848420932,0.0453157808943267
"39",-0.15044323735659,1.00223318698168,-0.0591813994682773,0.0311275287234336
"40",-0.0734448146186063,1.0126876333459,-0.113558358073017,-0.112431054622268
"41",-0.164068988520898,1.04657106146919,0.271719835541809,-0.146558239883916
"42",0.0927670017592022,1.01568822869624,0.141374031335584,0.107870112524408
"43",-0.0851780897831219,1.02016711359302,-0.0557866236133705,-0.193981422519089
"44",0.0356266865642192,1.00998238449325,-0.141615920876901,-0.00305744024531863
"45",-0.311187856476504,1.05000249704338,-0.231624307286679,-0.221032631236428
"46",-0.468125779698772,1.09868357386306,-0.425891855419739,-0.160379933170101
"47",0.398923669599713,1.13438978253756,0.29999242667575,0.443671863726801
"48",0.171327161049311,1.04890735410337,-0.0754245804322619,0.307437424785526
"49",0.211141831627463,1.02028040096555,0.197855289915656,-0.0427244759687746
"50",-0.0463800055010623,1.03672734898113,-0.270988087137075,-0.0370007129015292
"51",-0.172318368705463,1.05052493975892,-0.313157422197654,-0.0743981046667158
"52",0.257952300881418,1.07479676615095,0.355742976024546,0.169218862830769
"53",0.0776584705246473,1.02092385519271,0.193983602591389,0.0682340093150445
"54",-0.0758334964849777,1.03200902210761,0.233408360426173,0.102777229942535
"55",0.00667159099484123,1.00431993292033,0.0176224804010245,-0.0913672580611913
"56",-0.116646108757711,1.01423041875207,-0.123703108919248,-0.115589286552476
"57",-0.40562279742599,1.15369683783784,-0.241951619604325,-0.521992152630559
"58",0.26558642881878,1.00741817964832,0.119874726517869,0.0228350307245478
"59",0.00258307455020647,1.02463893505637,0.174261779676951,0.139706046316086
"60",-0.157226712608759,1.00308213866025,-0.0635286791482383,-0.0462372558107308
"61",0.227671349636968,1.01895686819618,-0.0959834246551988,0.17047076416687
"62",-0.201966759159273,1.11301898795258,-0.351116309818165,-0.339894990434789
"63",-0.147227544334293,1.01371615116857,-0.159670968135597,-0.0461044149151169
"64",-0.348586947378887,1.04679421612924,-0.259730846344891,-0.168279583962538
"65",0.168881146182615,1.0091752489254,-0.0765927019068987,0.11210816677764
"66",0.570231590150177,1.17398759923132,0.264486289642798,0.555242186563583
"67",0.271342645520158,1.07515359733828,0.176079644896451,0.35348439360542
"68",0.197015016316472,1.03266345088012,0.252656328446816,0.050582432517824
"69",-0.238967199477303,1.0734088370726,-0.304240039266223,-0.244222296305725
"70",-0.186591644995367,1.02800616706005,0.0521211823857837,-0.232551202663432
"71",0.0522007388179463,1.00485695701702,0.0350907754873722,-0.092228745742338
"72",-0.200973910669329,1.03433735829238,-0.219017863393086,-0.147935615299313
"73",0.0669188674687693,1.0388512700664,0.19150229128531,-0.206249445456358
"74",-0.0491847705878815,1.00409370520199,0.0559623087932485,0.0712207050007226
"75",0.243757329337284,1.02418200298825,0.0182835549413963,0.220486931276496
"76",0.127683108638038,1.06705164739074,0.334182386050773,-0.164077271590845
"77",-0.31055498174665,1.10886405001856,-0.465122429337251,-0.115067837170015
"78",0.00485727267894063,1.00896850352772,0.0751171637810498,0.11124231576366
"79",-0.409154549281877,1.06263244923471,-0.262849740797645,-0.245148395730364
"80",-0.381926548682904,1.17301796162799,-0.39314089953734,-0.470543697665654
"81",0.192502210438395,1.03266837991796,0.197518442442667,0.165500597513755
"82",-0.0455306118077549,1.02647054366344,0.182084178129123,-0.143133256386369
"83",-0.383886880824166,1.08373721491885,-0.345241023761687,-0.235148860324772
"84",-0.288414297088995,1.03974401045323,-0.243713847247882,-0.147211303686215
"85",0.178968375251716,1.01502404813168,0.172856720525974,-0.0198588130217681
"86",-0.0813263509058249,1.05222547265395,-0.19794639090453,-0.26075979680485
"87",-0.560693928326403,1.13592573673431,-0.394641541777413,-0.366858736953241
"88",-0.153364949288752,1.01025683393954,0.100046209157553,-0.103003041482977
"89",0.440260268577421,1.11060424732959,0.32932563786785,0.353534182830263
"90",0.336508151421934,1.16557453504555,0.494882951248118,0.337127366599934
"91",-0.154355787735003,1.04617390663002,-0.29829761226905,-0.0741510446865034
"92",-0.0894710262916975,1.0184936100806,-0.144970319231904,-0.127721730010233
"93",-0.255270146886155,1.01324814137609,-0.146716717296239,-0.0717356317873175
"94",-0.01340515040104,1.00149590959458,-0.0500343266299681,0.0221500133939534
"95",0.177661366399371,1.00435936130044,0.0870694839568867,-0.034009286897921
"96",0.0340387705349255,1.02101466014073,0.189049733829161,0.0820434906705475
"97",-0.0515720634720106,1.00095056054685,-0.0301303940230946,0.0315306837075214
"98",-0.327152319710837,1.00499252847896,-0.0875996562242988,-0.0483351065782182
"99",-0.652372232194157,1.12333510626687,-0.269865124436041,-0.434804065740788
"100",-0.0690105248105962,1.01266863969617,0.0198760837230998,0.158438363788319
"101",0.0355588153727181,1.00898798504559,0.120390164101628,0.0596905549810254
"102",0.0699763467441945,1.03093411431735,0.112653763578951,0.22390685030788
"103",0.182931325880536,1.0644158146023,0.241597616108642,0.273151273594123
"104",0.161594545082084,1.00845231045928,0.068542417335119,-0.110806134742229
"105",-0.0900873992060698,1.05793034294716,-0.342587815545784,0.0430139415523341
"106",-0.0403129065398209,1.01763661390263,0.055904979087342,-0.180163568094271
"107",-0.162697153933996,1.00859195601628,-0.122229947451622,-0.0481411849327343
"108",0.293376030306395,1.06971105903346,0.0681440943324992,0.373681859642797
"109",0.260900602910236,1.07310888703066,0.349950075212325,0.170580269325249
"110",0.193794550957074,1.00055317094595,0.0289180440978111,0.0164436801097162
"111",-0.258497264640238,1.04318099235629,-0.234982932301123,0.181685454400213
"112",-0.243335920330961,1.08651164146702,-0.104953461088927,-0.411694447435005
"113",0.0619141007473792,1.05231452052749,0.317390233249874,0.0814204516726805
"114",-0.207763786448561,1.00390663039031,-0.0536836315693582,0.0703320001361587
"115",-0.343081922451548,1.03817108998432,-0.226852005700462,-0.162287952691857
"116",0.435854760049566,1.16603906633444,0.502028650861155,0.328046243588643
"117",0.184442313355962,1.01857842661498,0.0203851618933139,-0.192578442043826
"118",0.241231581870482,1.03160116725303,0.212369702794351,0.138203030404016
"119",-0.425021391178586,1.03165806272527,0.0301030452689579,-0.251817721877522
"120",0.50474939338611,1.12735158614199,0.263055120758839,0.449136507333153
"121",0.120667715093776,1.03293089129869,-0.205038504118133,0.15781456849134
"122",-0.338622998259022,1.05685841750416,-0.31238058714548,-0.139169261778767
"123",0.081490303976893,1.01408890529685,0.168452133291418,0.000432013582502181
"124",0.0394537781261528,1.00388728065737,0.0467581793271728,0.0748554936638003
"125",0.0895483137950089,1.02932425232514,0.243813343604541,-0.00796680017880354
"126",-0.298407647161012,1.05647210994378,-0.154477680417617,-0.303759716456707
"127",0.295828549702694,1.04535614625018,0.0633477697278817,0.297920346021418
"128",-0.146734286458751,1.01966799773195,-0.199300511886193,0.00145998650200052
"129",0.218030219311871,1.07059317052141,0.288292991792942,0.251111305301359
"130",-0.0703112628883115,1.04127517573764,0.0198297390478892,0.289587246018801
"131",0.00918555946219282,1.02069676395796,0.105363721909037,0.175272274075892
"132",-0.057831701652138,1.02989634356158,-0.218581756575323,-0.113615554278291
"133",0.044244005241279,1.02117911686625,0.175351722312982,-0.109811484852893
"134",0.466821893887945,1.09924236048882,0.303646449411067,0.340782336474608
"135",-0.222018598762782,1.01401766917021,-0.0651875780074489,-0.154862561850526
"136",0.0151872524298398,1.01460055393118,0.0343264121024875,-0.168035655352123
"137",0.234528337158699,1.02378455611866,0.0150095452786163,0.218882459090735
"138",-0.014240337122218,1.00448715571654,-0.0111324568347207,-0.0941834083282567
"139",0.0728875862794698,1.00320516965542,0.0305332109502474,0.0740833007663331
"140",-0.104244155337253,1.02592342651571,-0.137047739298646,0.183675785630162
"141",0.035281711378552,1.00110364790844,-0.0469945058876913,0.000173988376035924
"142",-0.0863640495877824,1.0116511872241,-0.14295855476215,-0.0547811667661205
"143",0.0109617379791263,1.01934174187719,0.111269067778015,-0.163330282829083
"144",-0.440746586150064,1.09942134446103,-0.355615086872932,-0.286819111366135
"145",0.729532469519035,1.21803215643921,0.422407344411991,0.552425895036405
"146",-0.159220056004541,1.00085033834674,-0.0175573538008717,-0.0373247785832086
"147",0.406027883772743,1.05243102156129,0.264607824690025,0.193891088648662
"148",0.230563191827695,1.08071278822209,0.195582650741007,0.360121586906258
"149",-0.249352703889213,1.08589335396216,-0.253997112115269,-0.33859982754912
"150",-0.37974545704888,1.1080029420518,-0.177218461007217,-0.443017083952385
"151",-0.169960650854838,1.045366430524,-0.0875177051584648,-0.291773243033493
"152",0.215838903172039,1.05695103987211,0.240419759757469,0.243605910857896
"153",0.306074554238371,1.01465918379886,0.149203317976254,0.0852738481144694
"154",-0.363983485726852,1.15279062637123,-0.313117949518652,-0.480503254867864
"155",-0.0355851516114042,1.01651350053737,-0.182410920406457,-0.00509439802169267
"156",-0.111417903047473,1.0154567167391,-0.136814205122703,-0.111508819593786
"157",0.0665901988658881,1.03658159747035,0.271598928812015,0.0271188141764839
"158",0.566105552372947,1.14764726454488,0.418496851686912,0.376768667680155
"159",-0.423543832800857,1.16901736452729,-0.537702175531703,-0.278348646475615
"160",-0.27407372951689,1.16891734407063,0.0379307810838952,-0.604093546659378
"161",0.0175957420160483,1.04882039353108,-0.22355345701323,-0.223714259143492
"162",-0.121565439556199,1.08231451455764,-0.0762364065764113,-0.40693085252221
"163",0.0428238656584665,1.00056884881194,0.027361808683174,-0.0197320206372015
"164",0.170041599933385,1.00983020696418,0.113951143246075,0.0822932794961084
"165",-0.0372422786598444,1.0235619338959,-0.218296323512026,0.00507421539241149
"166",0.132616355450991,1.00203541427242,0.0631805381712798,-0.00912091291917047
"167",-0.57991075237056,1.26367427305002,-0.449844206001145,-0.628102586124022
"168",-0.354041075402905,1.20044723844188,-0.616767792001166,-0.246314967130979
"169",0.112339366480557,1.01817427035773,0.169216194927191,0.0896923864821528
"170",-0.00520200274023177,1.01520410726832,-0.137512294560935,-0.108303962342317
"171",-0.124143988788215,1.00676656498628,-0.0420051246285571,-0.10869446112484
"172",0.248354914727623,1.02814659838798,0.202870289577276,-0.126210432942797
"173",-0.185568227983389,1.0374387493016,0.264501003829078,-0.0794882225607776
"174",0.266103114990181,1.06344679614697,0.353297291712189,0.0781032131483285
"175",-0.425997569809004,1.02513925264227,-0.182050407773001,-0.133297173029451
"176",0.626645840349883,1.10468575750563,0.320319032562908,0.343112722314023
"177",-0.298345519645237,1.03949861848023,-0.205992445221084,-0.195254936772801
"178",0.288718008397008,1.02421270864837,0.219302226650904,-0.0303019131868697
"179",-0.166903599451086,1.00406337454479,-0.0640629755995456,-0.0635546635551763
"180",0.331638482893079,1.06171052526256,0.166170062914578,0.31562121228503
"181",-0.104299793741174,1.00148793986049,0.0380010220546873,-0.039166516424142
"182",-0.294118217641578,1.0995542718195,-0.446159682608175,-0.0998054822716939
"183",0.0541805188302236,1.00311124961093,0.0789154603812281,0.00212819379202354
"184",0.0823014980353422,1.03625727216739,0.167559326195798,0.213899523899907
"185",-0.275376404692412,1.1506864233091,-0.203070496282434,-0.531828561030241
"186",0.116597312397567,1.01120207334682,0.0750718305565756,-0.129976357072344
"187",0.364898788645497,1.03651279964687,0.126852005932515,0.241386313660678
"188",0.0679934888955294,1.0212327482633,-0.00952255644067215,0.206943584206542
"189",-0.0253242651551022,1.01502896663502,-0.0442251475650788,-0.168309059265973
"190",0.238853045951195,1.06130106070691,0.15847266953745,0.318192323080366
"191",-0.079312343652464,1.00451907330413,-0.0675160603826367,0.067083159005837
"192",-0.187493243206616,1.00624140077562,-0.109895606475233,-0.0210882031555833
"193",-0.322375181524531,1.02136107187796,-0.0775940809415405,-0.192763061167172
"194",0.0543474420771587,1.00748001775348,-0.107553944726807,-0.058720823787247
"195",0.0522842782138623,1.00149197320028,0.00305861905680034,-0.0545602165872651
"196",0.0200415521956558,1.00314475558267,0.0603548148605428,0.0515431564436001
"197",-0.104099345432212,1.01300956860445,-0.151950167671428,-0.055673446352832
"198",-0.452227630835719,1.11613462967154,-0.309079707892501,-0.387590306536571
"199",-0.159616814727905,1.00857433621976,-0.0975319241455181,0.0878049853573197
"200",0.236367569638119,1.05453176309598,-0.137369662470655,0.305232395415394
"201",-0.0106927944907218,1.00652670442004,0.050469223974716,-0.102707663502037
"202",-0.243984283138437,1.04215336404647,-0.198227847016172,-0.216308471541715
"203",-0.448612338860991,1.02132908543287,-0.051869116721666,-0.20105396161641
"204",0.275527989011201,1.09432423948294,0.349293672959824,0.274844449007342
"205",0.0721659305174081,1.00301606244492,-0.0553486086798306,0.0545687918111106
"206",-0.150483936084306,1.04348416199041,-0.259836559665721,-0.146096401687082
"207",0.313552376166548,1.08453368234155,0.203682334570695,0.367051515072694
"208",0.0774047804570683,1.02136462741003,0.0451990612306543,0.202836749600021
"209",0.278848327726994,1.03050633458144,0.246984628625486,0.0306903703987529
"210",-0.53119994507058,1.09199705176187,-0.274578313944226,-0.342146621447826
"211",-0.0206706601143563,1.00484781301968,-0.0891351639613788,-0.0421194714593724
"212",-0.361584514955661,1.01074138389121,0.119908081376955,0.0849717431315169
"213",0.11353877094469,1.0081355149864,-0.0784622214886696,0.10090042802665
"214",-0.213006086573641,1.10987321872888,-0.46978600319975,-0.105449859408151
"215",-0.265558162125732,1.03107782002616,-0.101155814180127,-0.229976025288407
"216",-0.107314239328404,1.05110369621635,-0.0953499030149662,-0.30939841013604
"217",-0.187792504540581,1.02857222495976,-0.216592678275679,-0.105111529700783
"218",-0.0861134942095512,1.00812107296551,-0.0655264454933799,0.109610139577158
"219",-0.0753591795070896,1.04822772463362,-0.0403527643188252,-0.311693787397841
"220",0.23369447418849,1.11359834467853,0.35411440778956,0.338680172827721
"221",-0.371193406214133,1.09056310276423,-0.0323258902067499,-0.433915795901792
"222",-0.0605817444177163,1.03071276270558,-0.128961734942135,-0.213863671821277
"223",-0.602659911059828,1.06432682251457,-0.166793594944493,-0.323993027408698
"224",-0.131666821383251,1.00700563618862,0.0593024428816616,-0.102681895112606
"225",-0.423840159164269,1.12545873760002,-0.476891213280201,-0.198071049717925
"226",0.111399827948247,1.00636849526223,-0.0875574829692916,-0.0714929047699773
"227",0.0266296660826596,1.00469425018407,-0.0821858923859202,-0.0515365447586235
"228",-0.0409061088003419,1.0037127394945,0.0100177393304335,-0.0856674285960408
"229",-0.0164173820533023,1.01819033023423,0.0594874258216764,-0.182134002184092
"230",0.279840442349885,1.05378049928374,0.224882486367855,0.24470637097489
"231",0.00323573129347169,1.01852860694585,0.0660621454453651,0.181758950553207
"232",0.109720963680896,1.03439192107804,0.264299682486839,-0.0105983125486495
"233",0.177277070080962,1.10534242812007,0.372626994997329,0.287977440091455
"234",-0.04217706628955,1.00622833863288,-0.0839859761198894,0.0737687283547617
"235",-0.0953813272041264,1.02348319265116,-0.212722281979622,0.047613825605478
"236",-0.0757813084555655,1.00459401587727,-0.0457652261542482,-0.0843485673350593
"237",-0.184989473385444,1.01038315744121,0.0549433724358601,0.133623915023605
"238",0.0455177137400124,1.01149958131368,0.146145019296548,0.042107437971893
"239",-0.242190087276705,1.00556955064986,-0.0663971985086101,-0.082228542637977
"240",-0.274333716870815,1.06065280703473,-0.286916096754421,-0.206551520192587
"241",0.100170026915264,1.00568495458144,0.0156440537009372,-0.105629027522122
"242",0.384153031258402,1.03970148000746,0.207244147834947,0.195010334900174
"243",0.336553103355791,1.14365879312043,0.36347049866555,0.419338326034593
"244",-0.00807282464545723,1.00142265709797,-0.0507105086215489,0.0166066993863766
"245",0.099404682358662,1.01858894588087,0.0748802152671405,0.178651599579334
"246",-0.15815347808466,1.03077799762867,0.00101700769599035,-0.25000449214106
"247",0.0081554193809601,1.00210994098015,0.0441755454753974,0.0476744689869233
"248",0.362479649506699,1.06703919104651,0.330872824687519,0.17057493694119
"249",-0.071350321017622,1.00010995353974,0.0142929955069499,0.00395340975492284
"250",0.0529113108258316,1.02982232503396,-0.018652858343083,-0.245328538930915
"251",0.091457122611551,1.01091845028689,-0.106012967142902,0.103524702018452
"252",0.106812470933085,1.0424444141498,-0.108080196212819,0.2738777606501
"253",-0.00348845291434379,1.00320697379557,0.0475403937668478,0.0645301730398383
"254",0.0490142306963684,1.01808884618716,0.157422796895239,0.108272626957967
"255",0.164917787867442,1.02282391295875,0.174574925288772,0.125269119820756
"256",0.0176025282861023,1.03683455043085,0.266357737370067,0.0638704995303114
"257",0.39102227526453,1.08134485358977,0.26334454884768,0.316158727504529
"258",0.00860463113545114,1.0826694997088,0.414834507404191,0.00925078734090339
"259",-0.0977195060884778,1.02579964363375,-0.193727207330453,0.121386482027706
"260",0.424995809408625,1.07838628463701,0.161926861732728,0.369725128091953
"261",-0.294601679195473,1.06956963468645,-0.324827593608502,-0.196128115969704
"262",-0.235233498550796,1.01641937372613,-0.131131478349521,-0.126146259047494
"263",-0.103004477328019,1.01120182602903,-0.0233261960481751,-0.14827346877428
"264",-0.0572546065986554,1.00051894551972,-0.0245735813077546,0.0208398523414071
"265",-0.0277996423433725,1.00094705945753,0.0194096925201761,0.0389651084041687
"266",0.0408952751483812,1.00207058066527,-0.0608142996299911,-0.0211440203214265
"267",-0.0974585288632285,1.07118701236694,-0.255954473740879,0.286232288247921
"268",0.100581118014115,1.01953244803111,0.191893592815285,0.0512177862148747
"269",-0.394341957466326,1.14565195942809,-0.198931801092414,-0.522440954228846
"270",0.280558434357709,1.00368686432881,0.0566268848250198,0.0646584684415265
"271",0.0414779420325158,1.00898692476527,-0.0250148804152907,0.132018446078902
"272",0.0125890617581062,1.03174500693249,0.215525202276358,-0.134337807462638
"273",-0.330911382257182,1.14465482766322,-0.378612039141031,-0.408518785749414
"274",0.567232881318789,1.12940518175339,0.369893622005044,0.372471170658075
"275",-0.0775891662250798,1.01224791748075,-0.0232583366991224,-0.155257515818402
"276",-0.392019308004028,1.14475185051695,-0.170420586824479,-0.530484328560597
"277",0.224238532108045,1.00979731605448,0.0388325215559774,0.134843074647698
"278",-0.0364084974545151,1.00065797683099,-0.018403181576854,0.031268346667755
"279",0.029022285453932,1.00027904566368,0.0108457154206224,-0.020989036444471
"280",-0.133770206422234,1.05234011440309,-0.304590664242514,-0.121013402721399
"281",-0.348754346640921,1.18490918613606,-0.481912175657193,-0.414451968680281
"282",-0.110213888513388,1.02208967936198,-0.0205675748436377,-0.210343261178781
"283",0.0138870039711858,1.00131883158284,-0.0151386617692998,-0.0490940261362376
"284",-0.147487850417594,1.01010038003212,-0.109360217596552,-0.0913406839709066
"285",0.0972991260370453,1.02555424656462,-0.19222489681982,0.121700869714762
"286",-0.0797835893371182,1.01922179230918,-0.102985806668199,0.167949354100713
"287",0.484083625293627,1.09650775545483,0.371835179852745,0.253116291053077
"288",-0.430740167838167,1.1265796948196,-0.308344265365093,-0.41725965872138
"289",-0.066851651392531,1.01999682520578,-0.0254102171284178,-0.199368614118058
"290",0.218463407974434,1.10332570817747,0.0952354493359225,0.456352744612209
"291",0.123542138118607,1.03144128165266,0.0437626809117178,0.248909512186047
"292",-0.197968815279953,1.00943292905369,-0.0812459351960586,-0.111148262568663
"293",0.397617564111661,1.12355386814654,0.39169094595939,0.330078017263337
"294",0.42834921995174,1.07944263299894,0.318368126667604,0.252662094224386
"295",0.224459549409768,1.04921013181728,0.234979102269996,0.213604124970528
"296",0.128349795399886,1.03352707323525,0.07768572356186,0.24928525721529
"297",-0.188508236735164,1.01101946666784,-0.141542885019312,-0.0461082821382328
"298",-0.226600366565677,1.03177428056141,-0.00400837687712236,-0.254051370676909
"299",-0.119220276235334,1.01274910369822,-0.159116757976305,0.0185095751613995
"300",-0.245224046989374,1.01689554034285,-0.138650723990127,-0.12187090180264
"301",0.0180557465473867,1.04019722959816,0.0846060843725828,-0.273591094428934
"302",0.292248407870498,1.0472646443976,0.212410373330955,0.227255514139134
"303",0.129059320923602,1.09031263448354,0.424865151804211,0.0909463781402563
"304",0.157553478227959,1.09419628947925,0.327744117092099,0.299748750825868
"305",0.145831915945487,1.04881887095824,-0.0224051196118143,0.315466376486156
"306",-0.133397301997936,1.03164572906272,-0.126640644421362,0.219670338174949
"307",0.119709662343877,1.0378191682855,0.276271926269438,-0.0272479139785146
"308",0.165733991707654,1.02685730508878,0.166288746407181,0.163658112638878
"309",-0.109701688388659,1.00583293998041,-0.0520945078926654,-0.0947948595497613
"310",-0.30142257697591,1.04665909038694,-0.120903624426954,-0.284389811860489
"311",-0.330515314561297,1.07199327462292,-0.175513235277408,-0.344041690902765
"312",0.168081519403122,1.01241663853512,0.157951797562101,-0.00621929494866619
"313",0.203314866827768,1.11687060210882,0.379880885988485,0.321077022403526
"314",0.542740996870051,1.15002964083185,0.537078299992176,0.184702665030449
"315",-0.174066797213859,1.00859083527186,-0.131353511851266,0.00131450322593965
"316",-0.0570774768797445,1.00462901722074,-0.0210815227039815,-0.0939948490205743
"317",-0.12411430761435,1.01974577197156,-0.192543213011358,0.0529957599919665
"318",0.166943001915015,1.0444264986945,0.17006188879931,0.248808490918762
"319",-0.350005875883163,1.02103281854908,-0.0433153333310147,-0.201573307887477
"320",0.391291895005973,1.06331577223385,0.331964297150329,0.142969006776879
"321",-0.276822261157762,1.00334767302989,0.0630561429803812,-0.0522539549405018
"322",-0.049185840212514,1.00964578317062,-0.118964108052797,-0.0723335915700458
"323",0.413716933320396,1.08588817012281,0.238017335060578,0.350001237459707
"324",0.166266855616057,1.02351651053064,0.183257623769014,0.118332965226706
"325",-0.0125083220444091,1.00664420611079,-0.113733087955402,0.0199334492888414
"326",-0.613202423391161,1.11664763366893,-0.257627610708307,-0.424888164084552
"327",0.453405585481539,1.07826864327589,0.27245080388395,0.297378254980102
"328",-0.0101406417093786,1.0640332353484,0.361229871969432,0.0409842106538632
"329",-0.2110702704429,1.16483680614318,-0.152436493518378,-0.57758800229028
"330",-0.210998201888833,1.05051537534645,-0.115189234160474,-0.300522867969846
"331",-0.163504476041758,1.00936895103775,-0.0731812900974964,0.116061096404917
"332",-0.449828175672629,1.0587224684288,-0.322966376314816,-0.128786586747424
"333",-0.164434621552285,1.02472880555454,-0.187394363913757,-0.122280322646787
"334",-0.29577537638509,1.18641751495081,-0.516394062532733,-0.3753980446979
"335",-0.0152531837682207,1.02976000457452,0.0939207994333216,-0.227122324871687
"336",-0.261368424094205,1.00021578809822,0.0142423473446492,0.0151254191034233
"337",0.229258992102273,1.05939131443214,-0.00227645543879752,0.349720995716418
"338",-0.0104841283659598,1.01312525036795,-0.16224296097367,0.00999972737719912
"339",0.0491144296466719,1.0184959188236,-0.022351377126352,0.191922777702102
"340",0.0330372780854069,1.01237264830234,-0.156501207336147,0.0201432652028271
"341",0.251423931266908,1.01245930083658,0.156967396528556,-0.020858386264312
"342",0.183511245929953,1.04163728979952,0.262437616912757,0.127022599288619
"343",0.173590790051848,1.00402504019836,0.0858007174853144,0.0265427621832796
"344",-0.308867695473681,1.13533162885429,-0.461434755735723,-0.275782293985782
"345",-0.550910264165013,1.2287525148606,-0.582261654558044,-0.413284536859982
"346",0.00866794132465352,1.02105905042679,-0.153860482044404,-0.137435572263983
"347",0.621031872498161,1.19474045100166,0.40877644972638,0.510202469034346
"348",0.324098313796808,1.12380621329427,0.467666532945616,0.210305537258118
"349",-0.0101863821608871,1.00775068801063,-0.123019094424122,-0.0206821563906673
"350",-0.122901875365995,1.00954103704171,-0.115668401614105,-0.0761178450778471
"351",-0.0403556323592584,1.03505432397888,0.0643534454105739,-0.259222081719845
"352",0.116333261156384,1.02016363399119,-0.0381565464215454,0.198186573922866
"353",-0.106286445440504,1.01730570383576,-0.103507539263969,-0.155554120396393
"354",-0.231999074097427,1.07274717273844,-0.127601252136362,-0.366748438403683
"355",0.338396138139646,1.07887652023919,0.168343754477988,0.368286473077254
"356",-0.303416629653661,1.12534884664464,-0.368574028962844,-0.361335317701593
"357",-0.364859434307456,1.06032113583693,-0.287023398813062,-0.204691181139576
"358",-0.1476975707263,1.00009093134168,-0.00869408914098974,-0.010309401819621
"359",0.294374922188614,1.04888283944249,0.109259327125514,0.297014495122745
"360",-0.133065023407535,1.06965411408492,-0.0797624243506087,-0.371211367606792
"361",-0.226726073083636,1.01146004724676,-0.0811811727258406,-0.12830060160141
"362",-0.12296079443956,1.01265593523587,-0.0874116188675187,-0.13353371130691
"363",0.0397295934517844,1.02427678010711,-0.037169325739175,0.218543733588252
"364",-0.0688860825953981,1.00363801951413,0.0324437408526146,-0.0789726401593209
"365",0.0790769801302018,1.00364910292285,-0.00841910526945403,-0.085091952993866
"366",0.190003266980519,1.05654566777376,0.296326056533577,-0.168759048085594
"367",0.0888178152498573,1.01060612530309,-0.0333588103780707,0.142168668384708
"368",-0.00702001191172595,1.06442548415381,-0.333395985215582,0.147813153535831
"369",-0.0344232184891619,1.00516234289276,0.0333228142227578,0.0961297332875774
"370",-0.415922974629561,1.0992702647647,-0.382888480990068,-0.248579013838582
"371",-0.156871001503762,1.05712336961268,-0.288331119098552,-0.185404919947225
"372",0.481198245182334,1.13443671561537,0.368734994499773,0.388562949298359
"373",-0.363502174360366,1.24205534366305,-0.528252968457999,-0.513468867641708
"374",-0.0727425513459342,1.05039210007934,-0.316849954057371,-0.0541264309088953
"375",-0.0499308657252761,1.03482748969594,0.253460924211243,-0.081397133416253
"376",-0.320401176510891,1.08993350926202,-0.364391411204173,-0.234891366492776
"377",0.168200134588145,1.02137653707191,0.188087339445973,0.0885052722787571
"378",-0.0987842769642061,1.02641083402637,0.0265695653013746,-0.229811353954489
"379",-0.0362811852679755,1.0085827312652,-0.0996667702329136,0.0854731578784695
"380",-0.0707248684628349,1.01533962694119,-0.147237802350143,-0.0961019645801539
"381",-0.275414348607851,1.01742263979641,-0.0380734730255354,-0.183573523750218
"382",-0.282499927648701,1.03303934042261,0.0514964417752262,-0.254004715202821
"383",-0.0193278922796804,1.00892500461778,0.0872688403725579,-0.101556951721798
"384",0.114735456108868,1.07302640283351,0.303726048861731,0.243179251624525
"385",0.218435410769525,1.00148743397795,0.0197736535473514,0.0508535450202717
"386",0.370766658472246,1.18403567407769,0.403087782771709,0.4893472354768
"387",0.12186370259935,1.10592174524188,0.450819612618986,0.140799799278635
"388",-0.124052891915452,1.00666595293447,-0.0778046804094315,0.085573199682168
"389",-0.244074637963929,1.03268572237169,-0.22391424892584,-0.127680109329178
"390",0.0947650507869672,1.00616250535083,-0.105198566627398,-0.0360034547425091
"391",-0.0102558846909929,1.02653235715787,-0.188165417000902,0.135508140482276
"392",0.0225672517691041,1.00037844829708,0.000119873033106643,-0.0275140954371108
"393",0.0266929537558225,1.02530384649955,0.0919994145228151,0.206843141956004
"394",0.265773780260961,1.02487610529163,-0.0600194904762041,0.216260703690538
"395",0.0300707482855663,1.03840607581301,-0.128523768083162,0.248533336442162
"396",0.0489856654841665,1.0407956616475,0.0223580080332311,0.287672954552649
"397",0.279237303024381,1.01246979448036,0.116479877428001,0.107366302392563
"398",-0.285236882805708,1.12342074837032,-0.311424414776191,-0.406311471349557
"399",-0.485034726592977,1.10657561213908,-0.363021956791104,-0.304507215462189
"400",-0.373164167703365,1.13932047426283,-0.530790314276331,-0.127721514808246
"401",-0.118131130806542,1.01183609732981,-0.0594522365443125,-0.142399857547318
"402",-0.0669335857753576,1.01615173696542,0.0263581841420553,-0.178520583313439
"403",-0.371365273690834,1.05963437584219,-0.103587873820213,-0.334805261105434
"404",0.195309354210052,1.03991197573595,0.0768026194416642,0.274805885901187
"405",-0.244122199589789,1.13188558443594,-0.437185139216807,-0.300056878444507
"406",-0.17096832935751,1.08244096199242,-0.169075074608452,-0.378275105373356
"407",-0.205082159180372,1.00881198927499,-0.0275141220817586,-0.130171436156458
"408",0.104786794283127,1.03608268205552,-0.181007830184627,-0.20175105815639
"409",-0.0225263228698038,1.04636999376442,-0.0697286621598629,0.300046792224058
"410",0.34475612816015,1.13697889421434,0.374270678614802,0.390694848978188
"411",-0.0438971193839224,1.01652618317329,-0.132101046527627,-0.125995216509055
"412",-0.00285959147875308,1.01337118229312,-0.123297223640447,0.10825408881294
"413",-0.0953991611061191,1.00731103597356,-0.118868945480282,-0.0233601582726479
"414",-0.425055361187423,1.0714097638085,-0.177624731103411,-0.341128035911181
"415",0.6184870655091,1.34725330314544,0.578153260894011,0.693419259722372
"416",0.0594219757196605,1.00228630009409,0.0671299726333577,0.00844950475087048
"417",-0.48104479873341,1.09865802430707,-0.433445857859584,-0.138470728598837
"418",0.1684708901507,1.09112911266446,-0.141449743432887,0.412982700105827
"419",-0.39576966507969,1.17040096494902,-0.300805912529656,-0.528539706872424
"420",0.020095014679768,1.01705454363387,0.0542473017751549,-0.177361706623548
"421",0.429157706877752,1.16243440975822,0.385293252201787,0.45033639293057
"422",0.111782264310443,1.01375554696228,-0.0647562008293224,0.153319742534814
"423",-0.18092108957621,1.04353551048167,-0.212515046693472,-0.209293374393735
"424",0.134798471319316,1.0348791838254,0.200328167331458,0.175623319888772
"425",-0.0810392049952615,1.01515152111372,0.00531221260041972,-0.174655063530364
"426",-0.210547491161583,1.02392197295777,0.0817388054107062,-0.204291395794744
"427",0.173301059504284,1.01197560064183,-0.0516218357246625,0.146389215350068
"428",-0.226233306007486,1.10769781559512,-0.253936707325763,-0.403126034072164
"429",0.216812440241323,1.046547361674,0.303707197115538,-0.0549847128485879
"430",0.201742163454986,1.0255125609272,0.224915287801831,-0.0330019080126874
"431",-0.08491140507926,1.00355233991098,-0.0487817798700936,0.0688304939216605
"432",-0.189157297201549,1.01919154128899,0.0133899081061766,-0.196397831444066
"433",-0.111965748901508,1.00535065576245,-0.0706659888227493,0.075738095207726
"434",-0.271603467078558,1.04429228861608,-0.271424597471394,-0.129904087504984
"435",0.224726436976981,1.04792272005851,0.312349967574377,0.024073324886807
"436",-0.420802929077314,1.0535529521998,-0.25476987731499,-0.212287853401481
"437",-0.264408327000635,1.00710106477128,-0.0601823586450256,-0.103104987131376
"438",-0.22684336555381,1.00645543616335,-0.0365879040365473,-0.107767667975916
"439",-0.0346261530343972,1.00027214009025,0.00708510578196615,-0.0222296090109742
"440",-0.315752103721041,1.10622898901336,-0.348368734743715,-0.319971562465461
"441",0.12087301371876,1.06968345169825,-0.173812545609995,0.337656461252644
"442",-0.254227520884733,1.00857551406004,0.057520006150315,-0.117966166564562
"443",-0.295924335919909,1.08900228080259,-0.367300854976137,-0.225867327267672
"444",0.0521425148526873,1.0015845747883,-0.0143100960113851,0.0544690885366495
"445",0.506865894815116,1.13144721929759,0.409124911343459,0.335841654614869
"446",0.22201861904361,1.06443522376256,0.0239688144771645,0.363933842228231
"447",-0.569871736444681,1.1685500940977,-0.477179861791341,-0.371225944562792
"448",0.0174046888751577,1.04257077415115,0.249822272783459,-0.156660943235494
"449",0.211606697931686,1.05300729157143,-0.00915748400851699,0.329758239607793
"450",0.114823429929918,1.01346167048225,0.147641337756535,0.0728463651950507
"451",-0.178754617080411,1.05354750230826,-0.25979813274706,-0.206075883696058
"452",-0.337626092093511,1.07397008163824,-0.278043149730446,-0.275869068838873
"453",0.201949712525634,1.1397883850111,0.258376401288311,0.482036510923718
"454",-0.456547222321259,1.29630039622538,-0.561408691923627,-0.604330206002217
"455",0.241680496268038,1.08047568894952,0.300214286450937,0.278027150871441
"456",-0.0849638266237642,1.02830541667007,-0.0228784139596613,0.238513329035704
"457",-0.0504064057518512,1.01649695562582,0.0117888469302014,0.18200847201328
"458",0.288959078894464,1.02443658501894,0.0900049734772489,0.203394742986702
"459",0.0915131658379915,1.04425821342428,0.0565640682487089,0.295424647731405
"460",-0.309223623102019,1.14852063748323,-0.0824370195219856,-0.558841473530025
"461",-0.465941617742219,1.15429399929693,-0.437904629542552,-0.375012229451387
"462",-0.342504058541082,1.01211068784752,-0.152603243228515,-0.032867835513106
"463",-0.240959848808185,1.07602808193323,-0.00421422986218653,-0.397263984493414
"464",0.0783984548129722,1.00488106490202,0.0826134681187559,-0.0544147910408025
"465",0.0915259856066628,1.00734838008152,0.0902080057430276,-0.0813220422316921
"466",0.11357025149063,1.00797708541751,-0.123210011889662,-0.0289326406835432
"467",-0.157953194996294,1.02044107365122,-0.0505030691504314,0.196848735837545
"468",-0.0148701157126083,1.00491562718135,-0.035049703785666,0.092881300689743
"469",-0.329360415757482,1.05152364243023,-0.3205427982225,-0.0543533356606321
"470",0.22094396616789,1.02493578772658,0.220229419822181,-0.0446359900471359
"471",-0.0798514024968313,1.02553336645392,-0.0526559942081241,0.221237501306331
"472",-0.400786414128115,1.01898084796172,-0.162121953423735,-0.109719828339582
"473",0.255971860430409,1.01668277901559,0.143562839506022,0.114164724235807
"474",-0.142879168146473,1.01094831921599,0.0608187893242879,-0.13534245080814
"475",-0.10341842073164,1.00249403025279,0.0335621443649854,-0.0621921470775385
"476",0.044430150371147,1.005735677207,0.0672667980673327,-0.0835429846533507
"477",-0.0878374734012682,1.02163656849381,-0.0383890202545202,-0.205590761484313
"478",-0.208734492201602,1.03165105474416,-0.231421794363632,-0.103671846941464
"479",0.428147656207662,1.0908299961135,0.298450660232468,0.317548868408926
"480",0.108941501307292,1.02844971212707,0.0831519651383981,0.22537648738916
"481",-0.193683591324455,1.02451085218888,-0.220920832978832,-0.0285739708254117
"482",-0.325183847341538,1.07851998999643,-0.162651493692546,-0.369797053018919
"483",-0.0371123648679484,1.03303839379841,-0.104317768015518,-0.237246973295487
"484",0.274474224540391,1.0329656884117,0.221375341515248,0.134205333742242
"485",-0.349037536083719,1.11617217247295,-0.284833125245814,-0.405845302258981
"486",0.0136741672849506,1.01877373690593,0.156069386000468,-0.116371275505202
"487",0.186136694078041,1.02745838815782,0.178909480530444,0.153825021281301
"488",-0.0057228970299828,1.00935870034904,0.0691662169786639,-0.118410389743275
"489",-0.651585489840687,1.20578705159513,-0.540958143997809,-0.401605154644361
"490",0.0614005941613137,1.03153552326389,0.0648975783524558,0.244650444674225
"491",-0.802816298619047,1.45527780951013,-0.592024401064112,-0.875979800792957
"492",-0.420407502517034,1.05875241558547,-0.220804594126297,-0.268704314667244
"493",-0.115957445339805,1.00060901089984,0.0340290149789459,-0.00777295526296528
"494",0.545912665279272,1.38037878888553,0.612022593760474,0.728610969950217
"495",0.214119340168109,1.00635653082034,0.112591922345694,0.00874792245349273
"496",-0.166154642731426,1.02437586486455,0.124902968046695,-0.183698560392082
"497",0.443881192814097,1.16245476379005,0.380544912782092,0.454408018430419
"498",-0.233776205287804,1.01994415500513,-0.0207881820542738,-0.19963449305168
"499",0.121907856354347,1.01606874357671,-0.113015377782327,0.140082889955443
"500",-0.266877836143067,1.02082237045522,-0.117439416101106,0.168185301282999
"501",-0.0944355731517012,1.03607601001271,-0.0509497587383235,-0.266190947645429
"502",-0.000885837598161666,1.00248050821393,0.0526884285635587,0.0468091747882974
"503",-0.308558022491518,1.02505827593001,-0.218313084378479,0.0555325691982885
"504",-0.43041035245072,1.02595257971339,-0.0099483686335956,-0.229084538505089
"505",0.180839532150156,1.02045327562666,0.129094522452052,0.157033410489795
"506",0.141690515947632,1.01065025324368,0.136794980085246,0.051971798169613
"507",-0.107028623725054,1.02360228280646,-0.197197304831094,-0.0942064559037367
"508",0.307710492443808,1.05959758727766,0.101205808282525,0.335416802403393
"509",-0.384670409222471,1.06942996273275,-0.154610439857743,-0.346086776802536
"510",-0.108644781080364,1.00030787300792,-0.00862103359836215,-0.0232705518055286
"511",0.0686484676916947,1.0032332196337,-0.0390609556770041,-0.0703643000264219
"512",0.461088764775927,1.13631291670561,0.164166938356054,0.514058616329696
"513",-0.183050099079307,1.01830420541062,-0.178713355573973,-0.070745963110541
"514",0.106852501880557,1.08957132545475,0.156173794780387,0.403454358108975
"515",0.0888935268483311,1.00209167121285,0.0646582392947178,-0.0026513403149688
"516",-0.220096639178678,1.02829291423639,-0.115883558663385,-0.20966000643966
"517",0.115402972812327,1.04614862146184,-0.104855472380503,0.288846443804273
"518",-0.00536873075105127,1.00565230347192,0.0469635268205906,-0.0955561752423211
"519",-0.131841117976354,1.04815223520426,-0.179891434664314,-0.257414412762948
"520",-0.0960660925857041,1.07620502534215,-0.354142478729062,-0.181108700319281
"521",0.161577528345343,1.07438648756653,0.0542725583241208,0.389051171542394
"522",0.202616717916843,1.1221482275516,0.383936880947726,0.334378701542628
"523",0.345086799010663,1.02880108464294,0.218510243357185,0.103368009125011
"524",-0.28678565559695,1.10746637583657,-0.411294500348366,-0.239413048081727
"525",0.329036970996687,1.16272663022732,0.471236637157201,0.360373762142232
"526",0.410564433273734,1.26442139914361,0.600606138938452,0.487887016102844
"527",-0.197813877487298,1.05963439192853,-0.335171521040689,-0.102396757961473
"528",-0.502783004027769,1.06519900302127,-0.128002756967316,-0.34389563859734
"529",0.0791551729187505,1.01003682252434,-0.101746067255173,0.0991066125603079
"530",-0.0746546667661616,1.00970389062163,-0.00948353532872037,-0.139326986955587
"531",-0.0102013412275757,1.02321274031294,0.194390379572536,-0.0957950534649832
"532",0.193828241361496,1.06557337454645,0.256162151482431,0.264249065637317
"533",0.103898273997248,1.08291661951895,-0.349268004536955,0.225211602359054
"534",0.0481041721913049,1.00923816260656,0.127956385123493,0.0467849587751401
"535",-0.208523399771495,1.08706475021322,-0.383047829742724,-0.187040453607017
"536",-0.0607745956566246,1.00758333677454,-0.01513546299848,-0.122454474420224
"537",-0.276414572410105,1.07332750202563,-0.159710556381973,-0.355702775902497
"538",0.339906099110282,1.02819815464002,0.0379897453976158,0.236110619095719
"539",0.154613826724725,1.09882080324407,0.454797194250857,0.0238048260546349
"540",0.045933507603909,1.03305448040455,-0.153046721963549,-0.209232550957343
"541",-0.0935633993960106,1.01047972542551,0.125578355938694,-0.0727966483826818
"542",-0.428623019935807,1.10585534033469,-0.466804818885573,-0.0707763718479033
"543",-0.07476566642556,1.00590826715316,-0.0769681594218056,-0.0769892483551106
"544",-0.0199202898863586,1.00364042185484,-0.0782231435187058,0.0342817181456536
"545",-0.366454542464897,1.06294740707432,-0.268454120899121,-0.240394623854815
"546",0.381017034122771,1.04718383423435,0.170085139027339,0.260125024101484
"547",-0.0321785450553224,1.03421278225408,-0.261462920989182,-0.035117231176979
"548",0.0547061660592274,1.0117058838042,0.131071929734059,0.079805667466826
"549",0.0966940292593989,1.02033732935661,0.15189240417353,0.134227281999466
"550",0.465148665519178,1.05236729064361,0.189414913858998,0.267579716765599
"551",-0.254999300515342,1.04416349917447,-0.23360865573174,-0.188956103303053
"552",-0.274844015032406,1.12610401944044,-0.29530314035744,-0.425330833463732
"553",-0.0531583487697621,1.0187385844955,-0.0656875042215734,-0.183066805644914
"554",0.108015069145122,1.00767665242968,0.0572322050477811,-0.110166739795919
"555",-0.0187534492361637,1.0161191752215,0.0886057746153138,-0.156994251352199
"556",0.246128332534014,1.0713279299663,0.353782489136898,0.150271367552132
"557",-0.175530398159761,1.12658480304047,-0.254823840894545,-0.451949254400854
"558",-0.294602055213778,1.00719117440337,-0.106773204624565,-0.0550776231353397
"559",0.299486999894737,1.04817368835934,0.23147038080726,0.212342986175093
"560",0.417216238195838,1.2512392037249,0.470040321040601,0.587078905713844
"561",-0.0839343469377848,1.05920446842514,0.123816105351794,-0.326471557700369
"562",0.17682401549683,1.02154978412087,0.0334936456334555,0.206014895431296
"563",0.0774318612690016,1.01430156056739,0.133600216715589,0.104683512851775
"564",0.0515104976664644,1.00146349200788,-0.0423820081228724,-0.0336584493417497
"565",0.284992019676556,1.04213337090511,0.249531794740294,0.154194183313533
"566",-0.109639040735881,1.05248843196774,-0.325276973578238,-0.0438952148381549
"567",0.151438157859522,1.01943992031762,0.188283618607573,0.0617011353317837
"568",-0.366359856103371,1.01806417201447,-0.00534408813497253,-0.190856226153407
"569",0.346963943165229,1.01257653376108,0.041223819678678,0.153661424614955
"570",-0.228165890017125,1.01507872340998,-0.0808483757875471,-0.154429125660104
"571",0.186704029322686,1.03555301742742,0.261524454348673,0.0630476936982852
"572",0.482481504767627,1.28593022661626,0.675626350352712,0.44401079089861
"573",0.00847884860929537,1.0030903161994,-0.0100692460158541,0.0780307166293336
"574",0.463834097020113,1.06986354965952,0.247065711522581,0.289078793895194
"575",0.331265251546522,1.03055741837358,0.248347716993925,-0.0192874059614745
"576",-0.177574187243551,1.00036639325097,-0.00500856108459345,0.026605169832541
"577",-0.241091709088564,1.07422789357347,-0.340224041892886,-0.19548188828982
"578",-0.22444889136144,1.02020052007536,-0.100838198040589,-0.175045019860509
"579",-0.117864640047226,1.03507665835257,-0.189622845533767,-0.188220256927898
"580",-0.338663442763848,1.05166571508956,-0.104272842134749,-0.308428193730698
"581",0.27376431162835,1.05539994420758,0.334353099758696,0.0455746301698467
"582",0.459313494386361,1.2109329960684,0.259053180832607,0.631862461670019
"583",0.0477724591777778,1.01474757458992,-0.0882057510424447,-0.148095866313558
"584",0.409242881452732,1.03831522407543,-0.0523321295499066,0.274517490815412
"585",0.174101427139263,1.06182145171761,0.32658075393768,0.144256044882642
"586",0.0755947877872073,1.01489054249888,0.0468232142982796,-0.16676450418615
"587",-0.288611217392681,1.14975384279235,-0.247501371678705,-0.510565343548644
"588",-0.0817107884851624,1.0273413940312,-0.202307865189812,-0.120423700210186
"589",-0.0449283566622337,1.00984863217759,-0.0336686613210232,-0.136604103729735
"590",-0.0128236276408258,1.03992963734904,0.281695281251354,0.0458412386134633
"591",0.257588996989982,1.00659459147383,-0.0470137015986692,-0.10498753948137
"592",-0.0169203573898567,1.04238615313169,-0.0425142054589705,-0.291138170934141
"593",0.11701951907862,1.01865635567139,-0.0197304191896712,0.193058233464175
"594",0.311085565855552,1.0766968650449,0.0812020933312658,0.390745901112381
"595",-0.0269157968771012,1.00518792805363,0.034398316809555,-0.0960183654590001
"596",-0.188110021317576,1.0070909711335,0.00355561590836708,-0.11924588770322
"597",0.598338461498382,1.20773869142689,0.460102617265272,0.496928896679587
"598",-0.0631912390386838,1.00196090814249,-0.0561502756664202,-0.0277994242442413
"599",0.190078036488372,1.04002287876947,0.250633112792873,0.137224746804945
"600",0.168672882268276,1.08263468691249,-0.140754758306285,0.390238341683956
"601",0.145204922411752,1.04549742729881,0.302137411138848,-0.0421646211739231
"602",0.495167564685629,1.20876970228071,0.393714118466648,0.553275144997343
"603",0.399057064649927,1.02631193393932,0.222738046997528,0.0608600703744616
"604",0.150515541917028,1.00621068728092,0.104367549053484,0.0395899217341314
"605",0.128770826685707,1.01604926298377,0.117306018238714,0.136364962123111
"606",-0.308516581861569,1.04896028956683,-0.0533043293807801,-0.312212007388235
"607",0.0296281591550714,1.01046257219293,-0.00393295167582909,0.144979797537017
"608",0.125882657744876,1.01803476784,0.158705187636658,0.105865253734468
"609",0.0955523307723112,1.00219463315495,-0.0560754819525879,0.0353500077561575
"610",0.0901664310805193,1.01610030804493,0.115463066848101,0.138304433056334
"611",-0.294262726113426,1.0061115326892,-0.0850199427993392,-0.0709367713996056
"612",0.14758441243237,1.00925820040841,-0.0700939156460159,-0.116999820858984
"613",0.170394070364741,1.02357691711654,-0.00221024674243077,0.21841433117616
"614",-0.254782374001386,1.06243247586931,-0.213641877039162,-0.288305244761464
"615",0.393380397002767,1.11286603559737,0.160169164143479,0.461320552375236
"616",-0.185053678965251,1.07887862825208,0.0323922960489513,-0.403645678356351
"617",-0.045616114901843,1.0013981688191,-0.0205432025158279,-0.0487469931856063
"618",0.331405774539877,1.03672810516123,0.180532693768235,0.205458293850565
"619",0.0178457577605632,1.00629685594906,-0.0581578162336682,0.0961822785335318
"620",0.191563011136656,1.01120644492606,0.0339323092162678,-0.146243196940087
"621",0.200728851647723,1.01262055024811,0.0103728673697512,0.159037047279277
"622",-0.0117664354105397,1.0055784735013,-0.0231722812214584,0.103204223519232
"623",-0.333994730941179,1.19984408339862,-0.429211490474284,-0.505374436345475
"624",0.156632065890205,1.03910490522008,-0.0237942064589991,0.281376686652271
"625",-0.491898147408274,1.18518584550136,-0.461103133931601,-0.438234398758493
"626",0.29419206858807,1.03425672030024,0.240798228927272,0.108181220328225
"627",-0.368130837092557,1.11368627841363,-0.226549260520525,-0.434709741418817
"628",0.135626226144753,1.00436788503003,0.0689240368801789,0.0632797409906229
"629",0.266325586529262,1.05263407564844,-0.145468464609823,0.294749763393141
"630",0.497602402104735,1.27265660959268,0.567210103631531,0.545827394217482
"631",0.19958026716261,1.03556921846466,0.220179857738016,0.154675261363863
"632",0.132487378900954,1.04703355288735,0.303660424667842,0.0637934742935995
"633",-0.102249930824957,1.07197993969373,-0.19534137909345,-0.333140716094024
"634",-0.344933074963946,1.16018669335778,-0.0898598342600184,-0.581341873282177
"635",0.145490011416186,1.0617465163368,0.198860565354618,0.296243380517062
"636",-0.0832882990330138,1.00740744815121,-0.0271202053730892,-0.118887598390505
"637",0.114313284377391,1.01931096856806,0.19490952744186,0.0317037340945538
"638",0.417013582184911,1.10473923789128,0.242074783266806,0.402304092749421
"639",-0.0429814899334656,1.03287883264929,-0.201074861915179,-0.16250410099673
"640",-0.106283954718148,1.00341289160872,-0.055032097292129,0.0617162807872089
"641",0.600225317741144,1.16208154903035,0.46628062475275,0.364713456808161
"642",-0.321921384206866,1.10405453744084,-0.215210892785958,-0.415476465362331
"643",0.0851759568045835,1.03532107141503,0.256546420328488,0.0779336585347197
"644",0.0999262475107133,1.03627815192206,0.176250984354303,-0.206900939256319
"645",-0.0923698806603364,1.01907821949031,0.191268852390541,0.0440073124009604
"646",0.1143244456407,1.00394844344144,0.0176736423245675,0.0871786639922933
"647",0.0719871682593665,1.03721011709667,0.269778974432081,0.0549921081797744
"648",-0.190409825735332,1.01371214238521,-0.165244795846885,0.0175061436285567
"649",0.59642158931211,1.18935523923349,0.321805329714885,0.557680208416301
"650",-0.241430172968573,1.03507826331837,-0.253999700183505,-0.0828924815701751
"651",-0.464020406214252,1.15117891746902,-0.401895652311407,-0.404589649741966
"652",0.0348194260355809,1.00121848046934,-0.0320464334778191,0.0375695586170418
"653",-0.35961637174028,1.1188593447502,-0.475116554165289,-0.161587416876868
"654",0.0241103426719606,1.02226764559427,0.210375450793597,0.0278084327540866
"655",0.10541258167961,1.05306847589034,-0.0139244291476319,0.329786787465646
"656",-0.0300865207832045,1.01151211158548,0.146463161661355,0.0412952074734116
"657",-0.237585173474717,1.10944429633975,-0.376852102746605,-0.298075727519481
"658",0.0392702388362666,1.00002002774935,0.00168994970684316,-0.00609917779648693
"659",-0.35273423530586,1.03044693743126,-0.230544012001295,-0.0931147109312415
"660",-0.372713085729207,1.08690145562918,-0.404948767982367,-0.13180011213346
"661",0.252665429876007,1.02447256346225,0.215657365099161,0.0550993118415171
"662",-0.325343046774086,1.1197173218604,-0.333210026193139,-0.377806775109432
"663",0.12426644218561,1.05830311537842,0.219124989203893,0.268309006792665
"664",-0.321214210527652,1.07966211679095,-0.0838337865236036,-0.398299112063564
"665",0.0155679487139839,1.00480580443422,-0.0569854065098691,-0.0799210114401406
"666",0.578352788416455,1.11195766640525,0.340953128617678,0.346699893226447
"667",0.00133443691732516,1.0056486795531,-0.00475005025803566,-0.106332985049065
"668",-0.0335702145943914,1.0521222646104,-0.282156968662903,-0.165374437939703
"669",-0.114445431558436,1.00629595275264,0.0123985082413057,0.111704169661322
"670",-0.215311152802353,1.08728407303197,0.132391259904463,-0.405782219632527
"671",-0.346713461642368,1.21156206464479,-0.30345961113798,-0.613021125977178
"672",-0.148208106974827,1.00275695104127,0.0216482222777626,-0.0710834533052598
"673",0.401515464881964,1.12219030523101,0.254885597164092,0.440845112837571
"674",-0.0703978846707998,1.01673029065809,-0.00651787652375406,-0.183570153421789
"675",-0.33849746565888,1.05465039086837,-0.302333493048815,-0.144505729781595
"676",0.0624820606841553,1.01127936740523,0.0405229800319504,0.145064975196824
"677",-0.000145874026123183,1.00091016637813,0.0377383668306117,-0.0199242773534126
"678",-0.249097909683745,1.05139088662578,-0.320468985921369,-0.0521768678848474
"679",-0.403750296200582,1.08880868985466,-0.357045078085681,-0.240880001905107
"680",0.265928493242497,1.04639859990134,0.26328075702912,0.160103943904128
"681",-0.249864310575095,1.0080481315456,-0.120577567136215,-0.0402751265186551
"682",-0.238238639374798,1.04438424070841,-0.251783917041159,-0.165358100374609
"683",-0.148397857895176,1.01531513631458,-0.150194128759389,0.0911402749375616
"684",0.0236762952321106,1.00775683943032,0.107805816027546,0.062862973595157
"685",-0.151844773761885,1.02121510357656,0.135692072423466,-0.156422342567534
"686",-0.123758160745756,1.00684223914116,-0.0955440779458135,-0.0678426391604959
"687",0.0841568018408729,1.01281440783667,0.0772574155194741,0.140798851091903
"688",-0.107381114546971,1.01810876706141,0.171096140765776,0.0852735139557049
"689",0.0744175090007828,1.00707274603086,0.11050224146333,0.044550762392118
"690",0.344000954709803,1.095458630826,0.370101263602375,0.251106882683653
"691",0.149682049926038,1.03413909072422,0.127372911751723,0.230694170528417
"692",-0.00254175773435016,1.06493780695308,0.357514374913268,-0.0792212371047177
"693",-0.315943746458171,1.02980662884811,-0.197823042536597,-0.146177072966596
"694",-0.0970806562483644,1.00165738301775,0.0429725191628467,0.0383519953948834
"695",0.495875843230505,1.25267771262133,0.725088397937495,0.208442478575379
"696",0.122382599829576,1.04006690889534,0.218228013167641,-0.18470438340225
"697",-0.396378736763345,1.08743377636596,-0.146766128412466,-0.401213062514613
"698",-0.00139955164519621,1.07711310701011,-0.350549203705396,0.193100753687001
"699",0.16368580018037,1.04123296978015,0.0609586165700784,0.283637346664822
"700",0.0185067473797236,1.02392412896491,-0.204932951082883,-0.0801442913563894
"701",0.0325397346910901,1.00700660201724,-0.0606751069082219,-0.101886347996143
"702",0.250478753996773,1.17142351500808,0.555225098026683,0.252899470215213
"703",0.0800030672163537,1.0094655960325,0.104794076401108,-0.0896604211705842
"704",0.025920282669341,1.00904261227264,-0.118032058944407,-0.0650801539898817
"705",-0.0182460838926386,1.05699360319928,0.336887371184522,0.0611749649821712
"706",0.208426044892737,1.01572736829004,-0.132930521768621,-0.118454898909839
"707",-0.0563749229270997,1.00349798801053,0.0828884891784486,-0.0117350033191234
"708",0.0251497125828756,1.00366875887475,-0.0687515540652374,0.0512269592576766
"709",-0.00552410250469356,1.01843334837929,-0.185063677745215,0.0543867655819325
"710",0.410856842074283,1.24059713541221,0.456144016730828,0.575338064440065
"711",0.254259963682783,1.08141464282605,0.410309362727963,0.0332243371095116
"712",0.0709006560080375,1.00378406934487,0.0741286930463317,-0.0456880152532537
"713",0.204033297931371,1.07224647562734,0.0583541049641803,0.38250137637541
"714",-0.120675675902116,1.03058334980582,-0.0664573476153474,-0.240177979517104
"715",-0.140420080470899,1.06332826562809,-0.121738086135703,-0.340362804765252
"716",-0.274464707624063,1.0538987708434,-0.243343282567701,-0.226906734175956
"717",0.100947832960502,1.01428133662339,0.138169748010547,0.098365393087398
"718",0.123988674846323,1.0288628065841,0.167752438560199,0.17440697844187
"719",-0.493736127946988,1.05909032061747,-0.153606089853387,-0.313173237019963
"720",0.194672153346329,1.02527390601357,0.213142906423719,0.0758728132704017
"721",0.239349950869682,1.09063336783433,0.362335411846635,0.241234724605689
"722",0.379324409359373,1.04470588401165,0.288291831608481,0.0910944779687228
"723",0.0267384037112227,1.00287678588053,0.0236178489180369,0.0721390661884399
"724",0.160503638450007,1.01594861783461,0.178962614028891,0.0111344896608169
"725",0.438417366689927,1.05330378423263,0.206038103732164,0.258838099377249
"726",-0.190650972251534,1.04909782139019,-0.280305012129172,-0.148443049756164
"727",0.216720038240772,1.00015932038327,0.0129430517265717,0.0122940457757272
"728",-0.233029072771619,1.09573976138966,-0.131447535307724,-0.428213930356996
"729",0.00308757695296099,1.04057277173447,0.033566879160213,-0.285770813587753
"730",-0.32011068096431,1.01123478708291,0.117690453722399,-0.0935133771672551
"731",0.0327313588777006,1.01180979123086,0.0333546788272542,-0.150487604243538
"732",-0.307515863764395,1.03021461230532,0.0671321252060313,-0.238401814533209
"733",-0.107425001012641,1.04116416728056,-0.141107283429647,-0.253202602261764
"734",-0.531933772877598,1.10451279731201,-0.348812061358642,-0.313494282685888
"735",-0.0375801472663536,1.03295451303104,0.212946452815103,-0.147135428176425
"736",0.0851918256267467,1.00101166983654,0.0236840772473268,0.0382547726940826
"737",-0.52869232454733,1.09519294728849,-0.259189826176726,-0.363686988764968
"738",-0.392999112934487,1.09584290611024,-0.166983757932249,-0.41591838076593
"739",-0.205148371684877,1.03609554497568,-0.220504479874052,-0.157707807904137
"740",0.0688681811984165,1.04350371803043,-0.0126589235542985,0.29789219727577
"741",0.28206755535302,1.03261759494742,0.257422235627516,0.00573498034214415
"742",0.438369890148121,1.14384753135989,0.39432467674167,0.391018189232548
"743",-0.318490281016432,1.11143626818922,-0.222194050191009,-0.43118485862341
"744",-0.194889406448985,1.09415840721796,-0.44380449750662,0.0148387357496759
"745",-0.00177053815058133,1.03310096291475,0.00542700573005213,-0.259361036364747
"746",0.184875495172584,1.04664567842312,0.252939134663027,0.177451318162766
"747",0.216192390166113,1.14323695425558,0.542209785989361,0.114014391867659
"748",-0.254426928755581,1.04259943137254,-0.219016706911265,-0.197598725684397
"749",-0.0619151276719247,1.00061581015123,0.0236878755788424,-0.025901429983056
"750",-0.0541478350705171,1.00332758641779,0.0593349251079402,-0.0560857587037504
"751",0.224107563626264,1.00584726387866,-0.0219070866483424,0.106060349833317
"752",-0.448573596177123,1.11562848161626,-0.325963046415273,-0.371987904863964
"753",0.0131555385018305,1.03881029041546,-0.229706297557576,0.162363285059912
"754",0.282141602253143,1.06656285998594,0.319052957189823,0.189107230982381
"755",0.0354287796960464,1.00692251522884,-0.018412926592257,0.116421285893424
"756",-0.138624430943435,1.0363415683242,-0.108861354873423,-0.24930513763615
"757",0.156023077322371,1.00248102024221,0.0158887563731877,0.0686712703157378
"758",0.0739934301809288,1.04612917018911,0.223523392848181,0.210768910350165
"759",-0.06806981742677,1.01160092235689,0.102798609018402,0.112999434056957
"760",0.0124830592266619,1.02027617876456,0.20158110215793,-0.0181256781172999
"761",-0.249409083648763,1.05037900622082,-0.152798225541135,-0.282752115785057
"762",0.346398807863648,1.03413969036762,0.25581912433044,0.0632572116082527
"763",-0.191337536280372,1.02111846647587,-0.0294589317181362,-0.204487393058976
"764",-0.0656135634891525,1.00369830453572,-0.0748592213953017,-0.0425015705587464
"765",0.0499658077874956,1.00230015295906,-0.0489502012262973,0.0470050467680398
"766",-0.159807782199502,1.00346889808732,-0.0422449277316632,-0.0718692946224586
"767",0.192946017718524,1.02986596334146,0.163423595457113,0.184164684174533
"768",0.220719936985643,1.01953730322713,0.180230179389835,-0.0835068566570868
"769",-0.110164188605064,1.05197682459695,-0.325881370227933,0.021367546126183
"770",0.453956620025099,1.10236279838259,0.229503547749073,0.403152403972088
"771",-0.269489202142271,1.04993136754901,-0.299581499423345,-0.112280014991955
"772",0.0379190899934153,1.02616253596893,0.0135778832161361,0.229837314885018
"773",-0.314745308487128,1.01696765446631,-0.131838402126728,-0.129776137850483
"774",0.0227724174109692,1.00331879795665,0.081441973453543,0.00397684462427463
"775",-0.205461004439805,1.03276493413949,-0.0498898266815247,-0.253208243115887
"776",0.111742346497297,1.0038769797848,0.0843442153401302,0.0255938250464569
"777",0.123755874774599,1.00172586847186,0.039708141113362,0.0433356561622744
"778",0.142891120154294,1.01811243970365,-0.0700386396606403,0.177897523405471
"779",-0.173286976777928,1.09463945107367,-0.424838865585914,0.13321961617771
"780",0.381345300079763,1.14148862633705,0.416884882091908,0.359448576489142
"781",-0.157995337357838,1.05977468048846,-0.333329738201972,0.10960683844827
"782",-0.286788110491749,1.02692723373463,-0.185386666466642,0.142166547690541
"783",0.114390981272368,1.08691311123171,0.119749743004639,0.408705407864544
"784",0.127645614480268,1.02903053173532,0.229610237216406,-0.0786318905337261
"785",-0.0076216839432375,1.0129982868687,-0.0524691362767033,-0.153011499362955
"786",0.280774587859221,1.12470403278219,0.378633296605169,0.348706162920056
"787",0.0975524127719553,1.00656853613179,0.0347926818944993,-0.109406065723416
"788",-0.402246912716534,1.06116220523714,-0.322412126049138,-0.148713304045803
"789",-0.165368739138957,1.00130800981846,-0.0381097673533366,-0.0341376062264468
"790",0.0702079842146574,1.01585227405375,0.0935555488990936,0.152325972737313
"791",-0.14609333179741,1.03422653597682,-0.0994350513268287,0.244411943828947
"792",0.207275981881321,1.05884474141394,0.284125672914286,0.201059166443511
"793",-0.464212801540304,1.08362167854345,-0.272669571071321,-0.316049437938302
"794",-0.391344028684309,1.05164520059456,-0.244485536056504,-0.214905678363176
"795",-0.154911116702412,1.01210427589029,0.130246261237142,-0.0859707898599718
"796",0.0793789058559554,1.08802660718204,0.271295850163151,0.331964545727863
"797",-0.458812210500044,1.2013725711912,-0.321312187031546,-0.583141949507634
"798",0.187864826397406,1.0035131387767,0.0838725676823146,-0.00200301968242023
"799",0.346077651332097,1.16477094867545,0.535826294624474,0.263783139846567
"800",0.378068260574813,1.18097397274933,0.350089389060691,0.521667464941454
"801",0.200671889271998,1.01668123339218,0.182501192040257,0.0182769044351388
"802",0.180983766102463,1.03491054552313,0.266153918920183,0.0142101610973137
"803",0.162984863178334,1.01475020400506,0.0870074569692305,0.148820962770885
"804",-0.0699172336582126,1.04885518838899,-0.301354483399392,0.0963466737650174
"805",0.482941822558511,1.15682070716111,0.317284049718656,0.487406381073184
"806",-0.254063147449012,1.00622825766292,-0.111097641670444,-0.0123539683756716
"807",-0.0238893703929031,1.02349434162618,-0.0981084608934858,-0.194718764483356
"808",0.329377685299461,1.18353996790822,0.457519253483592,0.437541984646066
"809",0.0106946218935135,1.00411527807934,0.0900628996932087,-0.011669009006968
"810",0.328741200437307,1.10666939633266,0.390786470532447,0.268333909948206
"811",0.0941900720574127,1.00100525482394,0.0441973828565833,-0.00762309214020356
"812",0.318639571646072,1.08807353460875,0.403367353585004,0.145598058976826
"813",-0.0688986861437944,1.00599148320876,-0.0476599998369677,-0.0987288645943757
"814",-0.663195938669992,1.11891829743204,-0.256681811405622,-0.431384519914354
"815",-0.00397756008120525,1.00695997191111,-0.0689236713596368,0.0960099607204444
"816",0.114538663017946,1.11264571625711,0.487831493015958,-0.000961419322804033
"817",0.222088330433942,1.08257799159438,0.283083171187578,0.30304954392791
"818",-0.0869146417503642,1.00988689510076,-0.140348009388519,-0.0131900400653379
"819",0.141928987008232,1.00196803588034,-0.0107875447304167,0.0618350532028801
"820",0.268695604109962,1.03255574214035,0.0552776609587403,0.251228463407174
"821",-0.131568000850998,1.00809140258465,0.0422437118984035,-0.120265309919946
"822",0.198101376343884,1.01911277033082,0.191092317844495,0.0455473897405688
"823",-0.212309435943534,1.00026697845959,0.00607750141434641,0.0222955639812615
"824",-0.179091737081546,1.05110070696742,-0.0908036742305944,-0.310752938736919
"825",0.19605235555813,1.07877736299775,0.208409233675052,0.346880657049872
"826",-0.312398230520221,1.07398678673684,-0.257207874266802,-0.295451734637785
"827",0.17451481474048,1.03321090083623,0.228033279575056,0.124601721549322
"828",0.042644255799756,1.03788077499403,-0.112583149399404,0.254010900501364
"829",0.110963906281216,1.00517352224351,0.0164351300663959,0.100517144403951
"830",0.475900792808449,1.04131091358067,0.142682684385711,0.252923052169424
"831",-0.157134968994886,1.01459805675337,-0.0929160121016987,-0.144138237337758
"832",0.0799418488452922,1.0054296225287,-0.047483008899829,-0.0929198026473636
"833",0.194611153776137,1.00790138378058,0.121895582193325,-0.0317280076361366
"834",0.285240727306957,1.17540807707137,0.552023860274816,0.277225188848158
"835",0.245378766505518,1.01361721543484,0.0983523404114744,0.133216652718257
"836",-0.198197996227886,1.03029691766969,-0.222645614436026,-0.109273367899336
"837",-0.398914106678178,1.12216146615646,-0.254166177087318,-0.441186933794769
"838",0.0921600261205631,1.05545959107701,0.175147641401747,-0.28864901196409
"839",0.125319272914753,1.00855575383764,-0.0113001837916101,0.130602505509225
"840",-0.0163260909103846,1.04685182613702,-0.134373609129625,-0.27900265062521
"841",0.0831974931197982,1.00568166579263,-0.106028190549587,0.0123949877057656
"842",-0.0527595267820968,1.04355938180455,-0.219474519880119,0.202106700719423
"843",-0.0340718550814964,1.01391252006134,0.0208122165935803,-0.166088681064083
"844",-0.613709252110618,1.12070188424131,-0.165547439801978,-0.478086559649007
"845",-0.0328536027682565,1.01247105314101,0.0378330530280323,0.153838530762084
"846",-0.108202610902771,1.04991799045709,0.260773801156817,-0.185269563921524
"847",-0.343201580895002,1.01285241636065,-0.160524656622218,-0.010092172408928
"848",0.0497202537826951,1.00037294064911,-0.0195866748464664,0.0190363481633758
"849",-0.461940353096115,1.03635380925129,-0.263060436346488,0.0694868676718752
"850",0.15138883661077,1.03172505260098,0.160399648995503,-0.196795672631808
"851",0.250568934064128,1.01766355010099,-0.186287327604877,0.0305962869966818
"852",-0.238110745985259,1.12668224934191,-0.453410379429647,-0.252649794790344
"853",-0.140418919734356,1.02155023391151,-0.131815575834113,-0.161831808901049
"854",-0.30375336941282,1.04379970032976,-0.212580877690367,-0.210540221451592
"855",-0.0108894315784069,1.0232498094748,0.0496062044989574,-0.211138336323429
"856",0.110355939165881,1.05280669075973,-0.0765284883948582,0.320226979769733
"857",0.0527176679908412,1.00589460806134,-0.0740875196588536,0.0795927255324429
"858",-0.158826539190279,1.011571830061,0.0958087314202726,-0.118736070158106
"859",0.403881894275939,1.11692942968145,0.141339386158211,0.477026759007229
"860",0.243723967892387,1.09948054016493,0.0994671562030509,0.44605352037423
"861",-0.247824557508154,1.0570123796167,-0.329542535572582,-0.0931498143387766
"862",0.0853319812647628,1.0114608937763,0.120906205695435,0.0918413254645738
"863",-0.19080188152995,1.02472455815484,0.0967050006833091,-0.201763631332512
"864",-0.00199227723744582,1.02538037721254,-0.014045939344698,0.226291028457711
"865",-0.0602631902540735,1.02891115846788,0.0903911871600865,0.224694471012325
"866",0.0228468669193834,1.00853666558809,-0.117950714440049,0.0568668163222174
"867",0.102886482650809,1.05679450234287,0.332565025004073,-0.0788360598086983
"868",0.0920277797401677,1.05627055682321,0.181781064969631,0.28751197128141
"869",0.0823191361036499,1.01996656796654,0.170193249891323,-0.106611713525597
"870",0.0966602219305643,1.00740142103514,0.0941897759834786,0.0773686577614338
"871",-0.47165677218716,1.24509214574014,-0.52555836735591,-0.523491025602145
"872",-0.0529851139593452,1.01434729674059,0.121607357803376,-0.118794313555073
"873",0.286412245446664,1.02940957244924,0.157705810856157,0.186582274271536
"874",-0.195217409475253,1.01783391614094,-0.0427752328526781,-0.184813853109567
"875",-0.273425694275034,1.01099499505947,-0.0881334292351824,-0.119763845490005
"876",0.416100803840034,1.13401419437948,0.293340337048095,0.447146105556833
"877",-0.0650399084045062,1.03232649537701,-0.163624722262011,-0.197294052931327
"878",-0.0124118773794972,1.0075109667877,0.116828283085309,0.0378087353507541
"879",-0.34982017265133,1.21060566394761,-0.538177818119691,-0.419440948961781
"880",0.44694922681164,1.04159689750433,0.146841367993623,0.251717519327514
"881",-0.443864372587658,1.06049742125368,-0.322971188246451,-0.142633768962291
"882",0.263195335851944,1.04333364233407,0.171353146725707,0.243275950996566
"883",0.597136882891227,1.05103082798582,0.259980780938391,0.192550759331732
"884",0.297250262398344,1.18373339679003,0.187910144373708,0.604908697505273
"885",-0.0925563734330767,1.0283217878432,-0.20827687735246,0.118602030814604
"886",-0.557222565932355,1.12986290852749,-0.294111532318825,-0.435991512100028
"887",0.353189122947995,1.15590440308555,0.481532408889675,0.322864566438407
"888",-0.60924315664889,1.29167638336659,-0.38818379736047,-0.719542367629453
"889",-0.0760741301875807,1.02578748013836,-0.115753467141531,-0.19708142797667
"890",0.197584020045385,1.07683020314478,0.371972922898723,0.145600243938701
"891",-0.416078886444798,1.04809628114781,-0.185288510990989,-0.253325842050535
"892",-0.388168420622112,1.1465101666478,-0.372599975136663,-0.419111942987702
"893",-0.140180579370716,1.01221726181795,0.156446259186442,0.0104092799366326
"894",0.185583019497643,1.00880975976946,0.0525284858975157,0.12222065936424
"895",-0.463404508887194,1.05158595279712,-0.183441425890499,-0.268667562961138
"896",-0.365067739927337,1.07655281403878,-0.269055148178536,-0.294236790108641
"897",0.00118892619280172,1.00681220362877,-0.0337477090551534,0.111945993717298
"898",-0.0433024228568984,1.00360419635201,0.0503375847696179,0.0684653963322063
"899",0.0291652768035639,1.00493829423579,0.00550645313367798,0.0993511660496288
"900",-0.221133642502817,1.0737755221826,-0.250769808011973,-0.300180571370231
"901",0.443599606556835,1.13166280188694,0.394046694403116,0.354101538833966
"902",-0.35970657820691,1.04075717905735,-0.24971714253827,-0.144280471588971
"903",0.239489693490807,1.0197347839763,0.196778027548123,-0.0337259177110529
"904",-0.0894374757014064,1.03457163923149,-0.217609081123422,-0.151607270652661
"905",0.253850247845196,1.00825627401006,0.0850115683139537,0.096714773087964
"906",-0.00134417985057137,1.01406045975457,-0.0064030931902142,0.16815949701177
"907",0.182912951122218,1.0975542029239,0.452188595574921,0.0122760900902301
"908",0.395027092978642,1.01935754087823,0.0692532697325431,0.185185800688557
"909",-0.18492760421252,1.12241977039784,-0.362878544878596,-0.357973885425644
"910",0.282318704814361,1.01759182967684,-0.0322925867273128,0.18560797576481
"911",0.213369809727185,1.00272769944381,0.0440665333321322,0.0593378451914645
"912",-0.0611099426097846,1.00139774304381,0.0453025628980128,0.0272968417242174
"913",0.11371008528432,1.01063485395385,0.0202539692794381,0.144819144986901
"914",0.154995416382504,1.056849912142,0.322384173787349,0.114018337498817
"915",0.114612893010469,1.00648099829559,-0.10595767068513,0.0421541451468355
"916",-0.222988426247384,1.0323538800122,-0.124805787756576,-0.224004573432543
"917",0.272993483499581,1.07432520635535,0.250634679993172,0.302253049935284
"918",-0.266790519360044,1.03714843988145,-0.134944777155799,-0.239722325758153
"919",0.165647601136518,1.02729799557985,0.161716871310843,-0.170847374155466
"920",0.320350081055895,1.02155508066844,0.164393331671048,0.128645308276673
"921",0.179490448148533,1.06197745939341,0.203245473447913,0.294087405005074
"922",-0.368002343243543,1.04905368146971,-0.232831102897444,-0.215182025570696
"923",-0.00468773903740123,1.02583658630786,-0.198953631268563,0.112952000481652
"924",-0.0108449137597769,1.04107014421766,0.288962449251923,0.018103814617689
"925",0.179298316273866,1.04859703571468,0.309333970395814,0.0621951611362652
"926",-0.462701995673386,1.11160517197211,-0.286298494146744,-0.392044934420078
"927",-0.453533874788976,1.09171389475281,-0.328998269248125,-0.289135550958525
"928",-0.381337649773018,1.07361225404813,-0.308496152831488,-0.23973609601075
"929",0.283785334190686,1.00972168527781,0.0492440360127266,0.130816308759395
"930",-0.07109758725886,1.0241615169694,-0.220560247518813,0.0161242071278498
"931",0.0529237252721589,1.07724117440453,-0.0838672710879751,-0.39168205048574
"932",-0.611990154261748,1.19608437707381,-0.411356903588564,-0.511276182654809
"933",-0.106894750825507,1.00248362257634,0.00308867455897032,-0.0704547629564376
"934",0.334851306853212,1.03404668673892,0.224976435919278,0.136521623330493
"935",0.128942506393207,1.00793927554438,-0.0389424629566768,-0.120104403598711
"936",-0.129965347288311,1.05824688204385,-0.306254562943821,-0.161538249438403
"937",0.551814675114523,1.25203362051418,0.616532464454588,0.432984880996326
"938",0.0336347430610099,1.01877505153694,0.104292013030168,-0.164395199602112
"939",0.291081193060211,1.02868975237092,0.149213145616084,0.189573320402148
"940",-0.475736577408557,1.01864827609966,-0.154258493267453,-0.117680192282572
"941",0.0765238398965106,1.00842031939219,0.127842489507885,-0.0238293608698156
"942",-0.278991263537053,1.1267048882608,-0.507517360063112,-0.109041434626295
"943",0.214122637242416,1.06115910702875,0.170130934918754,0.31163137745375
"944",0.146911159722483,1.05303261592342,0.0718592127248194,0.322046493142052
"945",-0.238586030692392,1.05728352156152,0.076559714906476,-0.33464466979015
"946",-0.123062024974454,1.00078010770008,0.00195609538122956,-0.0394588096505411
"947",0.121145608345326,1.00466619949677,0.0939732544662638,-0.0228735623876904
"948",0.189283859567615,1.00105068084418,0.0445412927888816,-0.0108875550652828
"949",0.0722458904348662,1.04933996770536,0.313147596725332,-0.0552535111014728
"950",0.0268517305416594,1.04542466983791,-0.304649147902624,0.0100815171428886
"951",-0.0267477217273136,1.01930567775137,-0.0756883514582789,-0.182360462133964
"952",-0.0546293308485343,1.03680465905547,0.0309805308213488,-0.27203696026306
"953",0.319774483108266,1.03537007631052,0.250943325379306,0.0949665328778362
"954",0.509678564406815,1.10435586267418,0.450458479652844,0.129186026843763
"955",-0.241062872305448,1.00532302829437,-0.0549834446681544,-0.0874712068705305
"956",0.218598484011609,1.07070794507161,0.292580139646294,0.246601633254982
"957",0.131146356238646,1.01188120392246,0.0899860155896913,0.125722264734084
"958",-0.284065150061634,1.10276902615402,-0.432101746657266,-0.171428135323289
"959",-0.313118098826782,1.09868250973961,-0.411491928655355,-0.194364734093466
"960",-0.0162324597684295,1.00787307564748,0.11097322226359,-0.059102288919739
"961",-0.174345278167711,1.00626217844396,-0.0147296368456599,-0.111115298519937
"962",-0.101582651988669,1.00385235582439,0.0863144326384315,-0.016412526085015
"963",-0.235436452893689,1.04296711946462,-0.282423703513017,-0.0895391756624985
"964",-0.428492750740622,1.04694974589813,-0.309969527571492,-0.00476050556869346
"965",-0.143852566563579,1.00289662368746,-0.0262933788512978,-0.0714863345842546
"966",-0.191595132888391,1.00026950378861,0.0198448601117912,-0.0120524577019802
"967",0.382753021198826,1.13936263566891,0.460235240876642,0.293820929502341
"968",0.655009614398728,1.22310164545093,0.477834229956863,0.517351025693678
"969",0.155958759390168,1.00336567782615,0.0751719505888412,0.0330433243514434
"970",0.198812078753749,1.01034134124092,-0.0820794845605382,0.11854359550299
"971",0.480610656848383,1.12244376025728,0.216537825771971,0.461509875246949
"972",0.0120516078988637,1.0126611101944,0.136997196060828,-0.0819407857639686
"973",-0.326722196713853,1.0735482591297,-0.136812119710514,-0.365770841621816
"974",0.206885253438311,1.02818036591099,0.233118783842012,0.0530141251448076
"975",0.0218664537565592,1.02480926246259,0.179270081786342,-0.134522348349384
"976",0.160321221783764,1.0030414846363,0.0745290307765021,0.0231871402487863
"977",-0.312297115477458,1.01071214658624,-0.0528790633168228,-0.136904521180644
"978",-0.280119590002158,1.05321841566982,-0.187917597600563,-0.271948538547437
"979",-0.0168577640926236,1.00640418236586,-0.112344873558478,0.0150999228018697
"980",-0.61947768325963,1.15891366611309,-0.393244758124983,-0.434096124966479
"981",0.586277941011035,1.13325557031131,0.266078890375136,0.462028366811328
"982",0.167031740536073,1.04816234396176,0.296082729718136,0.10478223352303
"983",-0.120540971985138,1.01177271124575,-0.115331436718826,-0.101895431330131
"984",-0.247240755454807,1.00727498565541,-0.120749966205958,0.00472677356924285
"985",-0.375166162576752,1.0885374804846,-0.326174974862772,-0.28022086323654
"986",-0.0872092888599604,1.0302170511384,0.177184783186425,-0.17306855596406
"987",0.0760033235366457,1.02868954761424,0.163692262170736,0.177220282914288
"988",0.216567617558804,1.08022540451028,0.381120362303189,0.147085668871192
"989",0.124832241743758,1.04675930991213,0.139876328609264,0.275934168928941
"990",-0.00260876563614048,1.0060125341809,0.0206912780216329,0.107856802951496
"991",-0.019627668086526,1.00956522564525,-0.138304736349927,-0.00968218649541677
"992",0.198354355482941,1.03686398994218,0.212981240517696,0.172412078539636
"993",0.596275837064458,1.28464990606918,0.444301218275305,0.672994657187286
"994",0.0565331056816236,1.01344894420024,0.129267962506569,0.101826108488792
"995",0.10359815384259,1.07354067878255,0.170330779084558,0.351392963357743
"996",0.341340896986869,1.04823564018163,0.0728184243322244,0.30577023142347
"997",-0.17210020222962,1.04724986754548,-0.308398602441077,-0.0402813491136551
"998",-0.187706672470066,1.04260046930491,0.119113203951882,-0.269866232120915
"999",0.0775203895132912,1.03088989160629,0.0421931901884788,0.246888038020767
"1000",-0.376417683737942,1.15372842674965,-0.156226207918902,-0.553789359458532
