"","t","","",""
"1",-0.16862243754902,1.02148138938074,-0.179529246895992,-0.10579923610385
"2",-0.16862243754902,1.0260835521196,-0.170363796193941,-0.15434906179424
"3",-0.16862243754902,1.01108299889215,-0.130360696607302,-0.0727661970202799
"4",-0.16862243754902,1.02746530134426,-0.184002894949062,-0.147742614423928
"5",-0.16862243754902,1.01775269128416,-0.109108463475416,-0.154647611731241
"6",-0.16862243754902,1.01959856397043,-0.0278090388121017,-0.196997180210572
"7",-0.16862243754902,1.0188206932029,-0.13242313058162,-0.143037475458041
"8",-0.16862243754902,1.01682390193682,-0.0894020860389083,-0.161053142042978
"9",-0.16862243754902,1.01439802626127,0.000562886054654944,-0.170302785773035
"10",-0.16862243754902,1.00656773330509,-0.0764757538416046,-0.0856157742785393
"11",-0.16862243754902,1.01185675474889,-0.142881418105876,-0.0586429236225896
"12",-0.16862243754902,1.01633966754852,-0.173530075746777,-0.0532318762017263
"13",-0.16862243754902,1.02565523754735,-0.199082112336449,-0.111062949969722
"14",-0.16862243754902,1.00681134867551,-0.11625317962016,0.0124213545958272
"15",-0.16862243754902,1.01784728081307,-0.0444414711487234,-0.184494018062083
"16",-0.16862243754902,1.01881992802419,-0.180136603065636,-0.0744637494032248
"17",-0.16862243754902,1.00136904970704,-0.0492385820404473,-0.0177633259789867
"18",-0.16862243754902,1.01556659822486,-0.165389744287733,-0.0634172524984801
"19",-0.16862243754902,1.00084575772634,-0.0374131801299877,-0.0171021844037404
"20",-0.16862243754902,1.0259190540797,-0.176141126103784,-0.146574926978231
"21",-0.16862243754902,1.02229391859762,-0.144010475314493,-0.156031532074034
"22",-0.16862243754902,1.00564706899132,-0.104187087193197,-0.0217043367334634
"23",-0.16862243754902,1.03042785852686,-0.232600985778149,-0.0876262120787962
"24",-0.16862243754902,1.04158581169741,-0.249599733694473,-0.150336210105852
"25",-0.16862243754902,1.01647433598304,-0.168594418642759,-0.0692531422728557
"26",-0.16862243754902,1.01886295557729,-0.156352938111128,-0.116771062304445
"27",-0.16862243754902,1.05160354226024,-0.261106674995294,-0.194147661245738
"28",-0.16862243754902,1.01538177314564,-0.0526024178724457,-0.168027173011856
"29",-0.16862243754902,1.01459579702796,-0.0905785378507054,-0.145602746634917
"30",-0.16862243754902,1.04056537572057,-0.244225298120134,-0.152086504682768
"31",-0.16862243754902,1.04167553528754,-0.126341600199294,-0.262917707421292
"32",-0.16862243754902,1.01833465235468,-0.12125027698705,-0.149344683591008
"33",-0.16862243754902,1.01162090863662,-0.000632292869354293,-0.152893632949541
"34",-0.16862243754902,1.00784711728124,-0.125228734459331,-0.0085776382420193
"35",-0.16862243754902,1.01022427259416,0.0302643513712991,-0.140132615669883
"36",-0.16862243754902,1.01276585471686,-0.0575399858514711,-0.14961225387178
"37",-0.16862243754902,1.02809445326407,-0.202222211255693,-0.126824217353035
"38",-0.16862243754902,1.03168096152018,-0.209583213310188,-0.142970217394303
"39",-0.16862243754902,1.02124128948382,-0.121107774817899,-0.168126970546779
"40",-0.16862243754902,1.04027787384576,-0.211532111731617,-0.193474082293783
"41",-0.16862243754902,1.0044520324358,-0.0854365227801424,0.0403049133438464
"42",-0.16862243754902,1.03613307119747,-0.220334987160268,-0.158190501175587
"43",-0.16862243754902,1.02158806961731,-0.199332112816999,-0.0625211386999816
"44",-0.16862243754902,1.03383794834594,-0.221700914570195,-0.140248379380571
"45",-0.16862243754902,1.02933383780462,-0.240020837713902,0.0437966564099977
"46",-0.16862243754902,1.04853028303227,-0.216067562579952,-0.229631362920002
"47",-0.16862243754902,1.01542923794841,-0.13664347701891,-0.111467921253896
"48",-0.16862243754902,1.00457078121595,-0.0439927513760637,-0.0850123067513098
"49",-0.16862243754902,1.01072706612353,-0.114739584134569,-0.091673496864183
"50",-0.16862243754902,1.04155838927969,-0.179752821705936,-0.229200352023425
"51",-0.16862243754902,1.02300319746267,-0.157598262551034,-0.147303529013193
"52",-0.16862243754902,1.01929045884233,-0.0566365045120582,-0.189064396023326
"53",-0.16862243754902,1.02972141761388,-0.151087155098763,-0.193646248238658
"54",-0.16862243754902,1.05811236423076,-0.309566181153048,-0.154177024307534
"55",-0.16862243754902,1.02101818394983,-0.162721488258792,-0.126490510375508
"56",-0.16862243754902,1.01434824611363,-0.0227562959985021,-0.168477047060494
"57",-0.16862243754902,1.0073330193901,0.018872271092741,-0.119848443199633
"58",-0.16862243754902,1.02648926367011,-0.172986452765396,-0.154129476705968
"59",-0.16862243754902,1.02019878900982,-0.108320107570393,-0.170506080223091
"60",-0.16862243754902,1.01515350256218,-0.154031017579801,-0.0825292638256252
"61",-0.16862243754902,1.00527127108914,-0.100730909873243,0.0205818432919157
"62",-0.16862243754902,1.03673524282839,-0.264756576878334,-0.0687307698350177
"63",-0.16862243754902,1.02572907365686,-0.166699936256882,-0.155984819123267
"64",-0.16862243754902,1.03069039450677,-0.193464432955324,-0.157778967260541
"65",-0.16862243754902,1.04414490795708,-0.101733098342647,-0.282646361226023
"66",-0.16862243754902,1.01122875188485,-0.0129565433252575,-0.14971879181872
"67",-0.16862243754902,1.04000945749925,-0.0608399436813222,-0.279138268499218
"68",-0.16862243754902,1.0489789598341,-0.261153290352874,-0.179320431386093
"69",-0.16862243754902,1.04428981157411,-0.276328059277218,-0.119096659120106
"70",-0.16862243754902,1.02276684500555,-0.171742386448786,-0.128672343335593
"71",-0.16862243754902,1.0184216230506,-0.188183984426882,-0.0420641213179541
"72",-0.16862243754902,1.01039436000892,-0.00867066772956477,-0.144296854639882
"73",-0.16862243754902,1.02797449331359,-0.166739830355104,-0.170086412968484
"74",-0.16862243754902,1.00136877979177,-0.0345927560734707,-0.0392781665675099
"75",-0.16862243754902,1.02988683058487,-0.228717411687656,-0.0914069439542672
"76",-0.16862243754902,1.00419920289885,-0.0651198156609079,-0.0646177120531256
"77",-0.16862243754902,1.03006829247027,-0.147252938654742,-0.19838664070488
"78",-0.16862243754902,1.01398182474951,-0.0955665029174796,-0.13793543577509
"79",-0.16862243754902,1.02418073263675,-0.202127526493238,-0.0899479635015954
"80",-0.16862243754902,1.02638726325911,-0.141104524056239,-0.183194780142318
"81",-0.16862243754902,1.05923013329411,-0.283496941598061,-0.203955778007868
"82",-0.16862243754902,1.00913309343859,-0.101104886622625,-0.0901521057655257
"83",-0.16862243754902,1.00540088706467,-0.0372256191713393,-0.0971864033069195
"84",-0.16862243754902,1.01656664292169,-0.09310437601186,-0.157287363346571
"85",-0.16862243754902,1.0019778102823,-0.0528796475160646,-0.0341068200906695
"86",-0.16862243754902,1.01854858355185,-0.176411414266104,-0.0794998740383628
"87",-0.16862243754902,1.01867616683248,-0.13971858878415,-0.134832669708369
"88",-0.16862243754902,1.03048479263489,-0.219362770536314,-0.117383485867532
"89",-0.16862243754902,1.01095627673489,-0.130646730079939,-0.0704558399927334
"90",-0.16862243754902,1.03294085542233,-0.170097282644492,-0.195022371120769
"91",-0.16862243754902,1.05906765170542,-0.275007933908046,-0.214464279488353
"92",-0.16862243754902,1.01040842245077,-0.135433910847313,-0.0508216091053319
"93",-0.16862243754902,1.02972242962196,-0.194038218249616,-0.15059034472726
"94",-0.16862243754902,1.0541010868862,-0.282487942717239,-0.177001874549564
"95",-0.16862243754902,1.01475909350795,-0.103719365864348,-0.137761790790415
"96",-0.16862243754902,1.01866970520625,-0.10081671449996,-0.165903461032095
"97",-0.16862243754902,1.00389326434103,-0.0631805930385287,-0.0617243781061093
"98",-0.16862243754902,1.02778023217999,-0.123494145071449,-0.202685475042075
"99",-0.16862243754902,1.00644566383103,-0.089044701551981,-0.070738358546069
"100",-0.16862243754902,1.01456919116844,-0.166886212296558,-0.0387251315489824
"101",-0.16862243754902,1.0098099767481,-0.0370209559502177,-0.13544607030302
"102",-0.16862243754902,1.02304318617659,-0.119078070508091,-0.180104896952886
"103",-0.16862243754902,1.02091332585589,-0.168682985111832,-0.117516251828796
"104",-0.16862243754902,1.01271381564476,-0.140276024617416,-0.0768889414369927
"105",-0.16862243754902,1.00210145616596,-0.002407101290846,-0.0648192433874253
"106",-0.16862243754902,1.03071218007016,-0.0914149997121875,-0.232402443990171
"107",-0.16862243754902,1.05448759432959,-0.134556189185024,-0.306331060369357
"108",-0.16862243754902,1.03534623695825,-0.143623387569466,-0.226526274252401
"109",-0.16862243754902,1.02349707917225,-0.151534893715337,-0.156791093690957
"110",-0.16862243754902,1.00851129651332,-0.0578998453838031,-0.117229019869242
"111",-0.16862243754902,1.01150661606369,-0.10521532033982,-0.109887991638748
"112",-0.16862243754902,1.0162638213336,-0.0742944708228836,-0.1651438347524
"113",-0.16862243754902,1.03841407742033,-0.153361201388535,-0.234060116408962
"114",-0.16862243754902,1.01445235165137,-0.15704469181824,-0.0667123567467897
"115",-0.16862243754902,1.01987795572007,-0.0500213891109095,-0.1940332579615
"116",-0.16862243754902,1.00686789116151,-0.0805739279530827,-0.0853861369675792
"117",-0.16862243754902,1.03845837933172,-0.278478222624473,-0.0290806658827813
"118",-0.16862243754902,1.01705517556496,-0.113354928100617,-0.146805621209704
"119",-0.16862243754902,1.00505488907845,-0.0644198543180918,-0.0773654472625513
"120",-0.16862243754902,1.02811331560986,-0.139399986632218,-0.193867566811031
"121",-0.16862243754902,1.0419117044601,-0.17344003415411,-0.235581311745143
"122",-0.16862243754902,1.0084958860276,0.0313775624168194,-0.126804576854986
"123",-0.16862243754902,1.0449882985861,-0.226259839259998,-0.202007498177473
"124",-0.16862243754902,1.01782285375165,-0.188904698024607,-0.0166846241606088
"125",-0.16862243754902,1.00750560221346,-0.0944669713109691,-0.0783806725082059
"126",-0.16862243754902,1.01352720393318,-0.0694557948664598,-0.149710673206973
"127",-0.16862243754902,1.00715696275503,-0.119476576132846,-0.00951290604930389
"128",-0.16862243754902,1.00797835547565,-0.0189752631388654,-0.125141138304707
"129",-0.16862243754902,1.05215302432322,-0.312459012193204,-0.0969296254595994
"130",-0.16862243754902,1.02230594584848,-0.200956607027047,-0.0687451017115652
"131",-0.16862243754902,1.03544439731865,-0.252271313628136,-0.0922186763021146
"132",-0.16862243754902,1.01659104884697,-0.171352581084122,-0.0639972933145658
"133",-0.16862243754902,1.00184299706582,-0.0505676639192557,-0.0336496974069699
"134",-0.16862243754902,1.01968943576282,-0.150423522356201,-0.13091718499973
"135",-0.16862243754902,1.00348795397654,0.0396193001086002,-0.0736096789486472
"136",-0.16862243754902,1.01509706064256,-0.0103468281637876,-0.174111991752737
"137",-0.16862243754902,1.03126158118131,-0.208090626539574,-0.142122271185563
"138",-0.16862243754902,1.02479752811126,-0.0236017389456303,-0.222829377645084
"139",-0.16862243754902,1.05413448039426,-0.243879869400616,-0.227424959178226
"140",-0.16862243754902,1.02726431022032,-0.186167977488189,-0.143573838878772
"141",-0.16862243754902,1.02204769358191,-0.12754119117618,-0.168269820554556
"142",-0.16862243754902,1.0400850657298,-0.266644601569559,-0.103332475088744
"143",-0.16862243754902,1.01558604243005,-0.0892982061963366,-0.153104016762614
"144",-0.16862243754902,1.030521535128,-0.234370774965357,-0.0839343446075435
"145",-0.16862243754902,1.02827422051957,-0.210707922290561,-0.113798260395821
"146",-0.16862243754902,1.00103940716161,-0.0403218648792036,-0.0213082590355205
"147",-0.16862243754902,1.03929052956249,-0.199689432079686,-0.200621373621981
"148",-0.16862243754902,1.01985156766475,-0.0807922105933454,-0.183220737842873
"149",-0.16862243754902,1.01562065263823,-0.165272044666169,-0.064579108983992
"150",-0.16862243754902,1.04392781377922,-0.273219902269788,-0.123029124135498
"151",-0.16862243754902,1.03097030763659,-0.146224214794925,-0.203760286208803
"152",-0.16862243754902,1.0289146326076,-0.192495023135568,-0.147006759239373
"153",-0.16862243754902,1.00642146320039,-0.0976469426380729,-0.0578725857711753
"154",-0.16862243754902,1.00594519438676,-0.0809727286053883,-0.0732744930519678
"155",-0.16862243754902,1.02401552296754,0.0156641854035092,-0.219914584723541
"156",-0.16862243754902,1.0107200317049,-0.0264271403324902,-0.144418103932299
"157",-0.16862243754902,1.02978794872374,-0.105968930746866,-0.221886919517587
"158",-0.16862243754902,1.00660493537681,-0.0818616158495056,-0.0809454864427898
"159",-0.16862243754902,1.00051825509631,0.0103788780369277,-0.0304804473664095
"160",-0.16862243754902,1.01763052881617,-0.156399580292803,-0.10540903406686
"161",-0.16862243754902,1.02195675724958,-0.125378141352574,-0.16933970402432
"162",-0.16862243754902,1.00200925917096,0.0584226956368074,-0.0246848961689187
"163",-0.16862243754902,1.02664037342926,-0.128446633912345,-0.193628300079195
"164",-0.16862243754902,1.03082248591016,-0.194845121661972,-0.15694067676205
"165",-0.16862243754902,1.01661524710343,-0.143994563841256,-0.11301383201774
"166",-0.16862243754902,1.01044322516461,-0.103139738264077,-0.101772814011734
"167",-0.16862243754902,1.00495961111215,-0.097616029671985,0.0203698482510621
"168",-0.16862243754902,1.01916896973355,-0.15640750261603,-0.119340194373704
"169",-0.16862243754902,1.02454724995136,-0.0599302633451252,-0.214721752317448
"170",-0.16862243754902,1.00330173122141,-0.0525890991324396,-0.0620382988508963
"171",-0.16862243754902,1.0175896865206,-0.165835370818106,-0.0893722546359914
"172",-0.16862243754902,1.03813066338575,-0.262539506616347,-0.0937458357869196
"173",-0.16862243754902,1.01784873629905,-0.158568815323535,-0.104268791076029
"174",-0.16862243754902,1.01167274147747,-0.111233653348014,-0.105398340648196
"175",-0.16862243754902,1.01008126619196,-0.0567932680890138,-0.130532329373688
"176",-0.16862243754902,1.01631628774171,-0.10080171579017,-0.150790619147358
"177",-0.16862243754902,1.00705865119373,-0.0685949787743513,-0.0972720711771414
"178",-0.16862243754902,1.01168697788038,-0.108917800051079,-0.107923371170338
"179",-0.16862243754902,1.03492811802403,-0.196877075655658,-0.179765476546639
"180",-0.16862243754902,1.0217425464103,-0.179233819855605,-0.108779910668145
"181",-0.16862243754902,1.02643041576025,-0.174545289499367,-0.151964931189241
"182",-0.16862243754902,1.03312841480448,-0.114920779639455,-0.232696230918058
"183",-0.16862243754902,1.00309094423307,-0.0255500557792026,-0.0744220199408773
"184",-0.16862243754902,1.00425831170184,-0.0222631659890184,-0.0896610732836182
"185",-0.16862243754902,1.04603673200221,-0.121111834066487,-0.282001362313926
"186",-0.16862243754902,1.03068756815333,-0.212958336483299,-0.130252101971852
"187",-0.16862243754902,1.00566744888654,-0.0640191713524154,-0.0852558704683799
"188",-0.16862243754902,1.01123218817388,-0.0826624488260466,-0.125528713659536
"189",-0.16862243754902,1.0098956817322,-0.10516838955924,-0.0939622148465473
"190",-0.16862243754902,1.0065185386433,-0.0639216780892142,-0.0948345280101632
"191",-0.16862243754902,1.02600027167465,-0.223089752547521,-0.0539214223175148
"192",-0.16862243754902,1.02141495851876,-0.0930131243663419,-0.186110387086501
"193",-0.16862243754902,1.01543459574082,-0.122393322321656,-0.126993278870925
"194",-0.16862243754902,1.00954072235476,-0.133015850417782,-0.0384610664205576
"195",-0.16862243754902,1.02003644804652,-0.132180409678778,-0.151666392587545
"196",-0.16862243754902,1.03161769095228,-0.219673898547176,-0.126405848689089
"197",-0.16862243754902,1.05672423728955,-0.260317012459223,-0.221136081857969
"198",-0.16862243754902,1.00512992517019,-0.0203723626683631,-0.0993535772478146
"199",-0.16862243754902,1.02956351741192,-0.141131652546309,-0.200207125335629
"200",-0.16862243754902,1.00264297471869,-0.071546288627559,0.0131933064986699
"201",-0.16862243754902,1.00197635973714,0.00444927979247328,-0.0627441581457287
"202",-0.16862243754902,1.0029120208146,0.0440006749658182,-0.0624216476630354
"203",-0.16862243754902,1.02499797428402,-0.155613996190895,-0.162496558350754
"204",-0.16862243754902,1.00877382164612,-0.104531559825243,-0.0818399428091821
"205",-0.16862243754902,1.04648309436817,-0.261665784132489,-0.163272423307505
"206",-0.16862243754902,1.022306025491,-0.125925698504249,-0.171033120217776
"207",-0.16862243754902,1.03689219084822,-0.196765385668645,-0.190863297793711
"208",-0.16862243754902,1.00686049580866,-0.095739035492203,-0.0678387433778141
"209",-0.16862243754902,1.00863676314861,-0.0981151714531621,-0.0878722544698842
"210",-0.16862243754902,1.0081244269302,-0.0391718924621553,-0.121574763064891
"211",-0.16862243754902,1.02005143179472,-0.159488777161065,-0.12275281449368
"212",-0.16862243754902,1.04212186795169,-0.226204733440046,-0.186679956697103
"213",-0.16862243754902,1.00757277488629,-0.0532954862102802,-0.111186725114409
"214",-0.16862243754902,1.0081850879766,-0.108952603425976,-0.0675758967760271
"215",-0.16862243754902,1.03970881679173,-0.263360481045354,-0.107868812629158
"216",-0.16862243754902,1.02199354765761,-0.139883903352071,-0.157807810442903
"217",-0.16862243754902,1.01388890432309,-0.164736391575734,0.0288553565233024
"218",-0.16862243754902,1.00953883780134,-0.0709227763082295,-0.118905949514768
"219",-0.16862243754902,1.00499599202016,-0.0676210225881069,-0.0737857796646245
"220",-0.16862243754902,1.00547772064724,-0.0735794336262077,-0.0746425727398601
"221",-0.16862243754902,1.00962843930493,-0.117007366086219,-0.075225406179504
"222",-0.16862243754902,1.00100531387199,-0.0448116007083536,0.00188648930906729
"223",-0.16862243754902,1.00488195117432,-0.0986087463602689,-0.00800318294015007
"224",-0.16862243754902,1.00954750586634,-0.041660959641223,-0.132100458147286
"225",-0.16862243754902,1.01783722524996,-0.0798522487232243,-0.172093682273314
"226",-0.16862243754902,1.02677817616786,-0.181583235339196,-0.14594845562167
"227",-0.16862243754902,1.03265476628019,-0.219150323052688,-0.135458488944369
"228",-0.16862243754902,1.03556849245048,-0.15226097698986,-0.221852873414469
"229",-0.16862243754902,1.0027941628137,-0.0464023533027089,-0.0586766953841837
"230",-0.16862243754902,1.01709587481446,-0.15959315911084,-0.0949423094811302
"231",-0.16862243754902,1.02377873727454,-0.1668075625111,-0.142471540963634
"232",-0.16862243754902,1.0176223162921,-0.141450783021225,-0.124687026584097
"233",-0.16862243754902,1.00371427869391,-0.0796603516846829,-0.0331146738396345
"234",-0.16862243754902,1.00538050598098,-0.0411233294231268,-0.0953878062632888
"235",-0.16862243754902,1.03241169398589,-0.140063566002681,-0.215072321225756
"236",-0.16862243754902,1.01370754610971,-0.116462182094098,-0.118488603593951
"237",-0.16862243754902,1.01204395247269,-0.0662491396561863,-0.140868780186954
"238",-0.16862243754902,1.01047449256274,-0.130929949057254,-0.0625783393818897
"239",-0.16862243754902,1.03468934357429,-0.260874728497996,-0.050263443348879
"240",-0.16862243754902,1.00954172517711,-0.105245076668731,-0.089988714351148
"241",-0.16862243754902,1.01205647789885,0.0296554443748278,-0.152901501222035
"242",-0.16862243754902,1.04186021647322,-0.0894137565834343,-0.278348506019454
"243",-0.16862243754902,1.04500050755036,-0.043771130611103,-0.30018352537329
"244",-0.16862243754902,1.00780940155609,0.0875568774327188,-0.0895186186168871
"245",-0.16862243754902,1.02496843909353,-0.145293238669395,-0.171610535617069
"246",-0.16862243754902,1.01074772823352,-0.122124913733833,-0.0818319960328613
"247",-0.16862243754902,1.00131500235342,0.043027395833571,-0.0279352312647726
"248",-0.16862243754902,1.01529845870878,-0.152904982148186,-0.0863193297626875
"249",-0.16862243754902,1.02961271157606,-0.198589365215129,-0.143751869074652
"250",-0.16862243754902,1.00551323784764,-0.0348020287839934,-0.0992254517720158
"251",-0.16862243754902,1.01449614753397,-0.145997517942602,-0.0888096735489545
"252",-0.16862243754902,1.0105440147612,-0.118750837152533,-0.084246331939509
"253",-0.16862243754902,1.02302183573368,-0.178933959053696,-0.120649553191393
"254",-0.16862243754902,1.00408799242938,-0.0894173072716963,-0.0140442764551943
"255",-0.16862243754902,1.02117752654818,-0.195401658119839,-0.0679833268609269
"256",-0.16862243754902,1.00425292332528,-0.0699291926155665,-0.0602813572135831
"257",-0.16862243754902,1.01945922723576,-0.197011108960972,-0.02199406606545
"258",-0.16862243754902,1.02551178830802,-0.176996593860489,-0.142641626885321
"259",-0.16862243754902,1.00542658129299,-0.0487082499542374,-0.0922502940749254
"260",-0.16862243754902,1.03661514471503,-0.210111453772204,-0.174425156575224
"261",-0.16862243754902,1.02487111389846,-0.101326469526934,-0.200234229533027
"262",-0.16862243754902,1.01968370275102,-0.0642313470186027,-0.188756954086997
"263",-0.16862243754902,1.03276406131986,-0.214742582507864,-0.143133607555135
"264",-0.16862243754902,1.01780455379433,-0.143177962869127,-0.124202176603781
"265",-0.16862243754902,1.00760924047907,-0.115791182907353,0.0432294281679069
"266",-0.16862243754902,1.0007308866874,-0.0076564728396692,-0.0374657976534889
"267",-0.16862243754902,1.0434815138003,-0.0925931135230581,-0.283337581289671
"268",-0.16862243754902,1.01218102891817,-0.137815470698191,-0.0742787408218779
"269",-0.16862243754902,1.00927426767035,-0.0551492829380363,-0.124872350714441
"270",-0.16862243754902,1.01187353355111,-0.121390061127562,-0.0956687041860997
"271",-0.16862243754902,1.01571655094736,0.157678952312825,-0.0825679106307462
"272",-0.16862243754902,1.03456747487022,-0.215204605761005,-0.154973667823249
"273",-0.16862243754902,1.01342477113299,-0.163029998965342,0.0212364352780592
"274",-0.16862243754902,1.00505126767067,-0.0894874276814022,-0.0460440108307864
"275",-0.16862243754902,1.02031973083794,-0.175143023518185,-0.101868908161979
"276",-0.16862243754902,1.02351852941758,-0.0745151597393053,-0.205030902622367
"277",-0.16862243754902,1.02899845175312,-0.105819846932055,-0.21826583265732
"278",-0.16862243754902,1.02081952033514,-0.180151654768955,-0.0980707621121805
"279",-0.16862243754902,1.01893584216621,-0.183579185655371,-0.0672973479795052
"280",-0.16862243754902,1.03115888528487,-0.0345076075146158,-0.249194445615392
"281",-0.16862243754902,1.01310731616864,-0.0552852061817543,-0.152741546580683
"282",-0.16862243754902,1.02098233242797,-0.182465536097302,-0.0954528745862708
"283",-0.16862243754902,1.01320511770266,-0.161806580758597,-0.0200808605909417
"284",-0.16862243754902,1.01209272462794,-0.0886925367427247,-0.128317252039449
"285",-0.16862243754902,1.0075516976138,-0.00429330654011065,-0.123052797137626
"286",-0.16862243754902,1.00525796851186,-0.0522068907418576,-0.088419589546968
"287",-0.16862243754902,1.03177113154001,-0.0947079161951811,-0.235758517320824
"288",-0.16862243754902,1.0203125861143,-0.193486519880828,-0.060006166413573
"289",-0.16862243754902,1.00471541397521,-0.035425335212502,-0.0905434078465567
"290",-0.16862243754902,1.01200345958899,-0.115549457410051,-0.103919801348562
"291",-0.16862243754902,1.01462526890515,-0.160646734951355,-0.0604736541835787
"292",-0.16862243754902,1.00578797435214,-0.0609651272841072,-0.0888408836438596
"293",-0.16862243754902,1.03014630160953,-0.139747285606433,-0.204137450962385
"294",-0.16862243754902,1.00439194355696,-0.0217574186448204,-0.091267688784325
"295",-0.16862243754902,1.01646792747934,-0.0940450479725365,-0.156085157993919
"296",-0.16862243754902,1.01120674907238,-0.00849142085106271,-0.149889910072204
"297",-0.16862243754902,1.01578109448476,-0.128864928228631,-0.123308808222646
"298",-0.16862243754902,1.02781124086342,-0.179885615690959,-0.155039066408053
"299",-0.16862243754902,1.03856103773364,-0.270171455869403,-0.0749427350167352
"300",-0.16862243754902,1.00869712639281,-0.12478748288765,0.0435657767940914
"301",-0.16862243754902,1.02089618458479,-0.0203209607561094,-0.204489799876978
"302",-0.16862243754902,1.01306742245851,-0.130223823770975,-0.0966817364820765
"303",-0.16862243754902,1.00505686566515,0.0115556431068003,-0.100028847504344
"304",-0.16862243754902,1.0110997252079,-0.0240663833846207,-0.14745664958308
"305",-0.16862243754902,1.02105533586434,-0.151491207756973,-0.14001575936078
"306",-0.16862243754902,1.01619484646319,-0.143551113740945,-0.109749914451383
"307",-0.16862243754902,1.03945069199381,-0.140707462154146,-0.246290785821456
"308",-0.16862243754902,1.01728525376033,-0.133609131211973,-0.130452625788085
"309",-0.16862243754902,1.0151615249408,-0.126491316087985,-0.120635271270284
"310",-0.16862243754902,1.02244382318878,-0.17487346603161,-0.121698982966051
"311",-0.16862243754902,1.01548944238489,-0.170815680977938,-0.0451753331721654
"312",-0.16862243754902,1.01663344320841,-0.122316008219007,-0.136317100846336
"313",-0.16862243754902,1.03046224063758,-0.144181943747508,-0.202642533731213
"314",-0.16862243754902,1.0231630566921,-0.112723276322408,-0.184813699585981
"315",-0.16862243754902,1.00688240043813,-0.0712759193420207,-0.0934446982658501
"316",-0.16862243754902,1.01605588400789,-0.176530838828552,-0.0347335913710954
"317",-0.16862243754902,1.01367345407098,-0.0799580276749351,-0.145398023709126
"318",-0.16862243754902,1.02464359770098,-0.215116139922283,-0.0601626849014429
"319",-0.16862243754902,1.03162904674123,-0.0273554457826213,-0.252012241103994
"320",-0.16862243754902,1.00760001497969,-0.0215716364640078,-0.121624235608456
"321",-0.16862243754902,1.00734600101257,-0.0605349179627779,-0.105268653754391
"322",-0.16862243754902,1.00752007212795,-0.118812903495959,-0.0313079814675299
"323",-0.16862243754902,1.00126471917367,-0.0477855597764789,-0.0157346159400776
"324",-0.16862243754902,1.02479237027711,-0.195065825867234,-0.110221258189677
"325",-0.16862243754902,1.00556794967346,-0.037455123536409,-0.0988130311819265
"326",-0.16862243754902,1.02735093214048,-0.0397591177572879,-0.23209728633718
"327",-0.16862243754902,1.00403805488512,-0.0103497074749539,-0.0893605014124011
"328",-0.16862243754902,1.00942530610288,-0.0174671566197059,-0.136507681250965
"329",-0.16862243754902,1.01459571366615,-0.157287369364107,-0.0683018713377231
"330",-0.16862243754902,1.02171326317758,-0.170281691676389,-0.122074311928428
"331",-0.16862243754902,1.04013144578814,-0.189984906236633,-0.213960650399997
"332",-0.16862243754902,1.00665681035706,-0.0867632198388849,-0.0763549443156301
"333",-0.16862243754902,1.02817604267422,-0.194244480018917,-0.139337922732493
"334",-0.16862243754902,1.0108964955491,-0.0747692390466009,-0.127754787017294
"335",-0.16862243754902,1.00596260746474,-0.0343129737815811,-0.103843090514145
"336",-0.16862243754902,1.01335148472917,-0.157910654158142,-0.0441073339271471
"337",-0.16862243754902,1.01957159096121,-0.133642753866141,-0.147193218030756
"338",-0.16862243754902,1.01629325548079,-0.115680631127916,-0.139534844098497
"339",-0.16862243754902,1.01015477644261,-0.14034314331728,-0.0267670411821329
"340",-0.16862243754902,1.01757554720626,-0.188074961488534,0.00937033260889977
"341",-0.16862243754902,1.02273099399971,-0.172000384360789,-0.128041219407559
"342",-0.16862243754902,1.02714854280055,0.0628421707651136,-0.226019889723929
"343",-0.16862243754902,1.00652386738365,-0.0711822837025432,0.0895733113143795
"344",-0.16862243754902,1.01338304723063,-0.0530692525052033,-0.155334654385238
"345",-0.16862243754902,1.01463630260062,-0.0217616576344361,-0.17033278255247
"346",-0.16862243754902,1.00913559163792,-0.0333803014613211,-0.131302695268498
"347",-0.16862243754902,1.05199906963223,-0.136724154154014,-0.296662347084949
"348",-0.16862243754902,1.02715420072351,-0.137138795366102,-0.190364657616625
"349",-0.16862243754902,1.01036002100483,-0.122854866775453,-0.0757235350103868
"350",-0.16862243754902,1.02584653244734,-0.216000336007427,-0.0755312053320732
"351",-0.16862243754902,1.00732208858254,-0.0765649949583649,-0.0939978281308732
"352",-0.16862243754902,1.00538824156897,-0.0247657247688616,-0.100956303229805
"353",-0.16862243754902,1.01484587908347,-0.0515637226362734,-0.165085858875294
"354",-0.16862243754902,1.02162857674406,-0.185187395711136,-0.0971111594505205
"355",-0.16862243754902,1.02976403310775,-0.02109709137224,-0.244885435699976
"356",-0.16862243754902,1.02154838661095,-0.134299867147805,-0.159764363584359
"357",-0.16862243754902,1.03433380800214,-0.128826205842656,-0.230760124511118
"358",-0.16862243754902,1.01924270097868,-0.196210897435421,-0.0188935763129207
"359",-0.16862243754902,1.00442173313267,-0.0289562938355868,-0.0895798584311145
"360",-0.16862243754902,1.01870777439352,-0.171508733131289,-0.0913798887584485
"361",-0.16862243754902,1.05129959203326,-0.136575512213855,-0.294241332366508
"362",-0.16862243754902,1.00626002453331,-0.0971037897974225,-0.0559472160232757
"363",-0.16862243754902,1.0090060859467,-0.101268158537549,-0.088532714540358
"364",-0.16862243754902,1.01785200109709,-0.0537472343186773,-0.182027280758797
"365",-0.16862243754902,1.00993461035126,-0.092883618219671,-0.106492021540485
"366",-0.16862243754902,1.00439746063206,-0.0278142835303811,-0.0896695296955666
"367",-0.16862243754902,1.0272185783778,-0.0978192740030907,-0.213563567581209
"368",-0.16862243754902,1.01715737865225,-0.111458262038343,-0.148950289593927
"369",-0.16862243754902,1.00821434830166,-0.0207031132269945,-0.126757852711573
"370",-0.16862243754902,1.00942705949948,-0.135145239061562,0.0260528848451154
"371",-0.16862243754902,1.00391379176222,-0.0570539469777774,-0.0677329198001078
"372",-0.16862243754902,1.03454949694915,-0.0854213118262047,-0.250989762985742
"373",-0.16862243754902,1.00475938585996,-0.0809900545216959,0.0546080080415536
"374",-0.16862243754902,1.03460629088655,-0.207862539057022,-0.164934356635592
"375",-0.16862243754902,1.00789045046849,0.00604710063279904,-0.125724272594916
"376",-0.16862243754902,1.00655431855935,-0.0689307733656812,-0.0916523032644631
"377",-0.16862243754902,1.018872950517,-0.139079546710643,-0.136963385552432
"378",-0.16862243754902,1.03102256223699,-0.0526146733592663,-0.245436794285271
"379",-0.16862243754902,1.0101262756971,-0.0976136826877984,-0.104051246056102
"380",-0.16862243754902,1.05321045520276,-0.153956548470498,-0.292488707699054
"381",-0.16862243754902,1.00446226090698,-6.60618619962556e-05,-0.0945749925836691
"382",-0.16862243754902,1.03030308286017,-0.223617086743569,-0.10733052253436
"383",-0.16862243754902,1.02567482486089,-0.122352894865072,-0.192454190579351
"384",-0.16862243754902,1.0152665742715,-0.16465133770784,-0.0604661378294227
"385",-0.16862243754902,1.01966599806352,-0.0879935704939358,-0.178818005689014
"386",-0.16862243754902,1.02343863157973,-0.08217038467232,-0.201679598602841
"387",-0.16862243754902,1.02115764434525,-0.100397528826544,-0.180785150967257
"388",-0.16862243754902,1.03051680065299,-0.126516148873892,-0.214379431154662
"389",-0.16862243754902,1.0062002957107,0.00660973299114482,-0.111334390545284
"390",-0.16862243754902,1.04533117812564,-0.128253509467317,-0.276167176309685
"391",-0.16862243754902,1.00809897625462,-0.10884353857109,-0.0664577312051215
"392",-0.16862243754902,1.01750969667325,-0.144369136664128,-0.120347560020713
"393",-0.16862243754902,1.01285495538001,-0.10234087078713,-0.124102807399264
"394",-0.16862243754902,1.00796513083623,-0.125348991363703,0.0167730541584478
"395",-0.16862243754902,1.01415618980813,-0.110755900448354,-0.127459436065007
"396",-0.16862243754902,1.00961846649225,-0.0898064267394913,-0.106133188016065
"397",-0.16862243754902,1.01006776315083,-0.0748223505018029,-0.120989677336168
"398",-0.16862243754902,1.04042176762889,-0.19616153370937,-0.209757257916908
"399",-0.16862243754902,1.03557243850705,-0.184221854569449,-0.196144293045764
"400",-0.16862243754902,1.02435881860051,-0.184278165375618,-0.123905395404864
"401",-0.16862243754902,1.03299564581039,-0.188888374454176,-0.177203798659287
"402",-0.16862243754902,1.02529487140075,-0.0990759005667112,-0.203503167659825
"403",-0.16862243754902,1.00352195117128,-0.0824142079967834,0.0162543779601038
"404",-0.16862243754902,1.02680664329687,-0.207915299296345,-0.105371300822832
"405",-0.16862243754902,1.0077654373796,-0.10708238128274,-0.0642225847791167
"406",-0.16862243754902,1.02348442099796,-0.206017564670677,-0.0712539337348923
"407",-0.16862243754902,1.01402292903216,-0.142597336976969,-0.0889297480601226
"408",-0.16862243754902,1.02380268340367,-0.134270666753554,-0.173618324476732
"409",-0.16862243754902,1.00168838968585,-0.0529647098628677,-0.0239660080231794
"410",-0.16862243754902,1.01994077174828,-0.112611218322886,-0.166126130943659
"411",-0.16862243754902,1.00705662916305,-0.114803820111118,-0.0313550192018323
"412",-0.16862243754902,1.02622556403237,-0.08883200114017,-0.212715264724892
"413",-0.16862243754902,1.01078221606305,-0.146538930822289,-0.0143885392859926
"414",-0.16862243754902,1.00915126393092,-0.0941413152754629,-0.0975893757105797
"415",-0.16862243754902,1.00659715685819,-0.0118191606853039,-0.114447121570165
"416",-0.16862243754902,1.02993008963432,-0.214480499128379,-0.121466476971183
"417",-0.16862243754902,1.01356457384874,-0.122473918677151,-0.110965240526217
"418",-0.16862243754902,1.02094730047068,-0.101396869933381,-0.179030905449553
"419",-0.16862243754902,1.02536098684926,-0.144058955251071,-0.17496334120166
"420",-0.16862243754902,1.01229630790212,-0.135867112998348,-0.0792713226693595
"421",-0.16862243754902,1.05664007921441,-0.299246899560328,-0.164132721008851
"422",-0.16862243754902,1.0329173583897,-0.23302725021696,-0.112323505639225
"423",-0.16862243754902,1.02083616441446,-0.118984242583805,-0.167180215914387
"424",-0.16862243754902,1.01134594337047,-0.1112877143632,-0.102155087018313
"425",-0.16862243754902,1.05304406153478,-0.238359513566707,-0.228224752877295
"426",-0.16862243754902,1.02527558337281,-0.218631390009242,-0.0582266018507209
"427",-0.16862243754902,1.02529183163995,-0.213483977890839,-0.0751527192556257
"428",-0.16862243754902,1.00080946384287,-0.0229875275106833,-0.0330326580280604
"429",-0.16862243754902,1.01016078566514,-0.11090721172936,-0.0901354718300394
"430",-0.16862243754902,1.03562161551698,-0.192285290268289,-0.188516571347018
"431",-0.16862243754902,1.0333063560727,-0.138093277027026,-0.220572601064095
"432",-0.16862243754902,1.02223601289373,-0.0112439536058946,-0.211754668340956
"433",-0.16862243754902,1.04979516245431,-0.0818712609348223,-0.308815446092654
"434",-0.16862243754902,1.01240768620642,-0.154756740998145,-0.0319323379268502
"435",-0.16862243754902,1.01206584922496,0.00841983123538244,-0.155584027488094
"436",-0.16862243754902,1.0368670191791,-0.181838021272752,-0.205007681516973
"437",-0.16862243754902,1.02671770218442,-0.23067489002029,0.030632255760438
"438",-0.16862243754902,1.00297036673709,-0.076572046773472,-0.00928860622789694
"439",-0.16862243754902,1.01246797446658,-0.0994970344471577,-0.123254774579682
"440",-0.16862243754902,1.03555042023052,-0.213001991974729,-0.164301017204386
"441",-0.16862243754902,1.02317637658024,-0.206901500741863,-0.0638879220403024
"442",-0.16862243754902,1.01360701450265,-0.136255176779811,-0.0939878005364199
"443",-0.16862243754902,1.02405533924221,-0.213723039308047,-0.0548798715324155
"444",-0.16862243754902,1.01960256694921,-0.113661310694487,-0.163311055904431
"445",-0.16862243754902,1.0091737342213,-0.108073774370453,-0.0821686383937926
"446",-0.16862243754902,1.01678010659017,-0.0837571406511955,-0.163788053738535
"447",-0.16862243754902,1.01628755350792,-0.112474617054946,-0.142090998777065
"448",-0.16862243754902,1.02422307602407,-0.174252143365986,-0.136634914983548
"449",-0.16862243754902,1.01713660088783,-0.156310665134127,-0.100666979844328
"450",-0.16862243754902,1.03951018423419,-0.161213792545288,-0.233648317391272
"451",-0.16862243754902,1.03846048554148,-0.167136968018193,-0.224645084417024
"452",-0.16862243754902,1.02958351743188,-0.175475162359496,-0.171028321521041
"453",-0.16862243754902,1.0142953989975,-0.0677435590739518,-0.155582668159082
"454",-0.16862243754902,1.01805332041271,-0.181935962960441,-0.0577223404324441
"455",-0.16862243754902,1.01164665835079,-0.0197177700040095,-0.15178989063303
"456",-0.16862243754902,1.00436614554527,-0.0934491654079735,0.00431367615938845
"457",-0.16862243754902,1.01085646640324,-0.147716055104037,0.00328066056651559
"458",-0.16862243754902,1.04978921797652,-0.0928224433815189,-0.305681854522688
"459",-0.16862243754902,1.03452157609141,-0.12498538793795,-0.233695409027756
"460",-0.16862243754902,1.01567112626984,-0.143203683279582,-0.105264152651323
"461",-0.16862243754902,1.01667262416222,-0.115281972468572,-0.142594851045346
"462",-0.16862243754902,1.01335392013305,-0.0879487346168608,-0.138387815678694
"463",-0.16862243754902,1.01849098684185,-0.166874301169643,-0.0973491545275079
"464",-0.16862243754902,1.00711904565947,-0.11604404461772,-0.0286801645532164
"465",-0.16862243754902,1.02635344572444,-0.200275835056663,-0.115286536259782
"466",-0.16862243754902,1.04016946103274,-0.241010173313009,-0.154488200276843
"467",-0.16862243754902,1.00520966474025,-0.00388824851649899,-0.102133988518394
"468",-0.16862243754902,1.04938225644069,-0.203692752070921,-0.24436117303354
"469",-0.16862243754902,1.01865106396305,-0.0628037522518855,-0.18359106409664
"470",-0.16862243754902,1.00206705875781,-0.0461800831557941,-0.0447860488015591
"471",-0.16862243754902,1.03384072345239,-0.237495572318389,-0.111456245216313
"472",-0.16862243754902,1.0204529005089,-0.185444653563649,-0.0832730606000221
"473",-0.16862243754902,1.0086860547293,-0.119212370226262,-0.0568855675053467
"474",-0.16862243754902,1.00908616972616,-0.110000595914907,-0.0784523220241641
"475",-0.16862243754902,1.02014953350058,-0.101022298123065,-0.174641249375382
"476",-0.16862243754902,1.03105941369666,-0.0672578674453278,-0.241991516047993
"477",-0.16862243754902,1.03280657767308,-0.181662599637823,-0.183543255876136
"478",-0.16862243754902,1.01860041774679,-0.190076671372004,-0.0376519592329523
"479",-0.16862243754902,1.00505506720353,-0.0854084525330422,-0.0533018231152364
"480",-0.16862243754902,1.0152940959296,-0.137679704424311,-0.108933007941315
"481",-0.16862243754902,1.01365781086219,-0.161371693829916,0.0382273979284998
"482",-0.16862243754902,1.01037325227428,-0.126447976345759,-0.0697496823603144
"483",-0.16862243754902,1.00646235027744,-0.0814980854442691,-0.0795268797004975
"484",-0.16862243754902,1.03217810919049,-0.106451295680358,-0.23250757136063
"485",-0.16862243754902,1.01225762491106,-0.0948361248977702,-0.12518629559564
"486",-0.16862243754902,1.00610614999804,-0.110676309226652,0.000582786284842007
"487",-0.16862243754902,1.01047108455197,-0.053070653876663,-0.135038210935771
"488",-0.16862243754902,1.01607605416325,-0.149768277427771,-0.0999000046060301
"489",-0.16862243754902,1.00775429141053,-0.0601915542962656,-0.109296334100155
"490",-0.16862243754902,1.01477794440896,-0.164846581023635,-0.0509890300329461
"491",-0.16862243754902,1.03928497703694,-0.0995984034717185,-0.264940411263647
"492",-0.16862243754902,1.02893076786555,-0.226251567438134,-0.086653062797422
"493",-0.16862243754902,1.00115659998207,-0.0360645262610004,-0.0318416022403333
"494",-0.16862243754902,1.00679695877541,-0.0912052640657016,-0.0729500925709601
"495",-0.16862243754902,1.02381150372789,-0.107053787301114,-0.191649372005393
"496",-0.16862243754902,1.01454679831316,-0.169168944379086,-0.0262121007387921
"497",-0.16862243754902,1.00785461709989,-0.108229066119448,-0.0636977115482507
"498",-0.16862243754902,1.00336093798789,-0.0435144883446142,-0.069567673412628
"499",-0.16862243754902,1.00394490576978,-0.0365435653093227,-0.0810551766117962
"500",-0.16862243754902,1.02636394888078,-0.19607164828681,-0.122388170589483
"501",-0.16862243754902,1.02677490253033,-0.169941206626222,-0.159332001671357
"502",-0.16862243754902,1.00835971829314,0.0860034026390418,-0.0969161297758341
"503",-0.16862243754902,1.0047795168069,0.0845495644199706,-0.0493279692578276
"504",-0.16862243754902,1.00417358729949,0.017559742848137,-0.0897566090103053
"505",-0.16862243754902,1.03356572446198,-0.0918137753466324,-0.244598318553545
"506",-0.16862243754902,1.04924028694547,-0.222426633859463,-0.226785300007188
"507",-0.16862243754902,1.01510244791153,-0.0736369505140251,-0.158147334074798
"508",-0.16862243754902,1.0203014607649,-0.116399911357629,-0.16572909061151
"509",-0.16862243754902,1.01882107301778,-0.111249001990466,-0.16006260769217
"510",-0.16862243754902,1.01557635989074,-0.155912192755246,0.0841827234007974
"511",-0.16862243754902,1.0060048812843,-0.0528591481621772,-0.0961859221685436
"512",-0.16862243754902,1.02402803109037,-0.220320666512302,-0.00960272702945169
"513",-0.16862243754902,1.03907348277854,-0.147670298839767,-0.240555992347082
"514",-0.16862243754902,1.00675261110032,-0.0594647813483401,-0.100073771471333
"515",-0.16862243754902,1.03281698978472,-0.217247656287366,-0.139693916208322
"516",-0.16862243754902,1.0044182137591,-0.0787426401606738,-0.0515319779510555
"517",-0.16862243754902,1.04474364035227,-0.191483685099124,-0.234143700315387
"518",-0.16862243754902,1.01737637508127,-0.137352162561154,-0.127236284185271
"519",-0.16862243754902,1.01883281478573,-0.078531199684113,-0.178474522440559
"520",-0.16862243754902,1.02818244444684,-0.218076620869742,-0.0979883998170799
"521",-0.16862243754902,1.02560218024573,-0.174715399414185,-0.146062867739687
"522",-0.16862243754902,1.02071611416386,-0.190129623959949,-0.0755785141863172
"523",-0.16862243754902,1.04108818248115,-0.265453354478879,-0.115754569230834
"524",-0.16862243754902,1.02148439116635,-0.131454962954018,-0.16170947440163
"525",-0.16862243754902,1.03168955300429,-0.0821811868716776,-0.240061630217227
"526",-0.16862243754902,1.01213510574173,-0.0770867723363039,-0.135923146688069
"527",-0.16862243754902,1.02757244085367,-0.198433576691035,-0.128566079677256
"528",-0.16862243754902,1.00562026868789,-0.0395508012659789,-0.0985284675366866
"529",-0.16862243754902,1.01517133323829,-0.0607144736593122,-0.163971303943952
"530",-0.16862243754902,1.0004551778963,-0.0169624673366242,-0.0249567161574548
"531",-0.16862243754902,1.04492118707505,-0.198927558565487,-0.228665943335473
"532",-0.16862243754902,1.02458085328965,-0.0891482281218425,-0.204495766094255
"533",-0.16862243754902,1.00724978389524,-0.0462218525443875,-0.111425614220304
"534",-0.16862243754902,1.05064901892396,-0.108985764530461,-0.303291055086679
"535",-0.16862243754902,1.0117741074983,-0.0647709089136178,-0.139612227123883
"536",-0.16862243754902,1.03110205381916,-0.205122289758072,-0.145245625181949
"537",-0.16862243754902,1.02579792509371,-0.129610674092875,-0.188314779791059
"538",-0.16862243754902,1.00985647414551,-0.0622176176431083,-0.126250015558078
"539",-0.16862243754902,1.01159705454903,-0.111181235940503,-0.104725037822946
"540",-0.16862243754902,1.03420265332703,-0.24196209950921,-0.105021286174604
"541",-0.16862243754902,1.0184388920759,-0.0978905702103421,-0.166238422624508
"542",-0.16862243754902,1.01337029100126,-0.128950701594328,-0.101444877851534
"543",-0.16862243754902,1.00004556341139,-0.0094317792893146,-0.00147324073002297
"544",-0.16862243754902,1.01844783083721,-0.178319812419744,-0.0737429904168072
"545",-0.16862243754902,1.01805844006939,-0.0973654173007011,-0.164204028301287
"546",-0.16862243754902,1.01190065666205,-0.0651304470315099,-0.140360121909884
"547",-0.16862243754902,1.01738216777824,-0.177951941767044,-0.0583059322410547
"548",-0.16862243754902,1.00631014820015,-0.0360844564985253,-0.106574041726024
"549",-0.16862243754902,1.01374591882726,-0.133508505684758,-0.0992787331141814
"550",-0.16862243754902,1.02404650591704,-0.0761319181561632,-0.207063220584362
"551",-0.16862243754902,1.03907620890004,-0.133043841061631,-0.248955225407382
"552",-0.16862243754902,1.00496792967776,-0.0960317924277856,-0.0271741517607819
"553",-0.16862243754902,1.0451476985327,-0.275101328699926,-0.129046389704344
"554",-0.16862243754902,1.01881878929124,-0.0923225726458527,-0.171663240074655
"555",-0.16862243754902,1.01718020925873,-0.042584082258578,-0.181224098965433
"556",-0.16862243754902,1.01895962865254,-0.0279312742227455,-0.193645471788067
"557",-0.16862243754902,1.04075873558468,-0.183148858437065,-0.222789679628632
"558",-0.16862243754902,1.01834283197976,-0.191575817055448,-0.017911721416432
"559",-0.16862243754902,1.00714743150981,-0.119324929477558,-0.010368703004086
"560",-0.16862243754902,1.04795890287645,-0.254795484113909,-0.182474993884584
"561",-0.16862243754902,1.02605584418193,-0.188586580400213,-0.131246703093234
"562",-0.16862243754902,1.01442610923551,-0.0682749377100997,-0.156201357162432
"563",-0.16862243754902,1.03479792865873,-0.242949605853033,-0.108546037109898
"564",-0.16862243754902,1.02260648238526,-0.213680793943069,0.0080334373852936
"565",-0.16862243754902,1.03131789197508,-0.247567109980899,-0.0482402359407774
"566",-0.16862243754902,1.02767638582146,-0.165575508702828,-0.169421087509365
"567",-0.16862243754902,1.01264331673301,0.0220622675908977,-0.157986528769954
"568",-0.16862243754902,1.01617524375407,-0.10378373420311,-0.147787220467445
"569",-0.16862243754902,1.00692610886297,-0.0441682910555902,-0.109313086019742
"570",-0.16862243754902,1.02397512238727,-0.207842370780036,-0.0729835610022133
"571",-0.16862243754902,1.02966846909157,-0.116441254006966,-0.216005996691423
"572",-0.16862243754902,1.03027902587109,-0.184260348063692,-0.165900558411741
"573",-0.16862243754902,1.01617044523335,-0.0814898886440391,-0.161126570789937
"574",-0.16862243754902,1.01037408791784,-0.129513978591543,-0.0638899591891923
"575",-0.16862243754902,1.03177923236025,-0.122017902780097,-0.222890142740899
"576",-0.16862243754902,1.02979768883141,-0.170592821641023,-0.177147873617094
"577",-0.16862243754902,1.01012333702242,-0.0811357354745856,-0.117329230911632
"578",-0.16862243754902,1.00891380493402,-0.102294664636778,-0.0862720544167839
"579",-0.16862243754902,1.02945074777514,-0.211047592031635,-0.123400794132179
"580",-0.16862243754902,1.01662852625943,-0.147673981403369,-0.108286451695932
"581",-0.16862243754902,1.01305580805974,-0.0270328109193734,-0.15984773184931
"582",-0.16862243754902,1.02264235478026,-0.0156677188223977,-0.213428930507149
"583",-0.16862243754902,1.04526452402961,-0.172813923460634,-0.250426182842333
"584",-0.16862243754902,1.01046666040613,0.0228854351175783,-0.143244995206828
"585",-0.16862243754902,1.04369251079811,-0.155581387686325,-0.255124457670483
"586",-0.16862243754902,1.00717758416504,-0.0485963950201248,-0.109750063487836
"587",-0.16862243754902,1.01188489820614,-0.0618674568174895,-0.141716142357111
"588",-0.16862243754902,1.00697957604117,-0.0500204046304993,-0.10726521190332
"589",-0.16862243754902,1.02121996986433,-0.174421341214855,-0.111657613168603
"590",-0.16862243754902,1.0222069392629,-0.118105430393213,-0.17594923696586
"591",-0.16862243754902,1.03035652331974,-0.150718871514385,-0.197277436411206
"592",-0.16862243754902,1.00188443943441,-0.0443727430946319,-0.0424675128899598
"593",-0.16862243754902,1.00041561591969,-0.0285702961104423,-0.00389136944200659
"594",-0.16862243754902,1.03668952618891,-0.207475590543464,-0.177986103498079
"595",-0.16862243754902,1.01466083615338,0.0498039958022071,-0.16448761176944
"596",-0.16862243754902,1.00774102008722,-0.105034824437357,-0.0671539218648818
"597",-0.16862243754902,1.0021874572849,-0.0633741764305422,-0.0190634021340468
"598",-0.16862243754902,1.02267349360605,-0.143090690709718,-0.15933025060116
"599",-0.16862243754902,1.03509556737134,-0.118402150961323,-0.239590826701535
"600",-0.16862243754902,1.00829894644142,-0.088402524945427,-0.0940837870100074
"601",-0.16862243754902,1.04219159165619,-0.250581334962258,-0.152880045419264
"602",-0.16862243754902,1.00849134608584,-0.0553769669182508,-0.118271664674882
"603",-0.16862243754902,1.02142794127885,-0.114519832013997,-0.173782183496018
"604",-0.16862243754902,1.04182609881021,-0.238852214156024,-0.168378264496565
"605",-0.16862243754902,1.0263830565421,-0.188859463806159,-0.133395208637931
"606",-0.16862243754902,1.01588192901111,-0.0568699248941792,-0.169652307186948
"607",-0.16862243754902,1.04183953040369,-0.181460432305833,-0.229132535051564
"608",-0.16862243754902,1.02403419665131,-0.171709013087179,-0.138427059261952
"609",-0.16862243754902,1.0106581366271,-0.103271039746227,-0.103754332344714
"610",-0.16862243754902,1.04216540703879,-0.185785889659999,-0.227139469999334
"611",-0.16862243754902,1.02093234075349,-0.0840687172057665,-0.187710668806491
"612",-0.16862243754902,1.02722566567669,-0.0326158420205111,-0.232655915622639
"613",-0.16862243754902,1.00928471841326,-0.110499980305232,-0.0802832309705477
"614",-0.16862243754902,1.00339084678864,-0.0758496342352186,-0.0322494093839649
"615",-0.16862243754902,1.01081676830559,-0.00455136699761763,-0.147410393616597
"616",-0.16862243754902,1.01291833353863,-0.140823806009822,-0.078563388926251
"617",-0.16862243754902,1.01528124812921,-0.0990889523770681,-0.144835742548657
"618",-0.16862243754902,1.02667609598828,-0.195284149617648,-0.126205811997106
"619",-0.16862243754902,1.0006600734605,-0.00347098479753409,-0.0361736766518735
"620",-0.16862243754902,1.0018393187077,-0.0574509744169956,0.0195296197413262
"621",-0.16862243754902,1.03163362614242,-0.242590702564858,-0.0736049564693431
"622",-0.16862243754902,1.00402064930616,-0.00435323703445262,-0.0896577579492377
"623",-0.16862243754902,1.0184733685299,-0.146362494602425,-0.125960400834551
"624",-0.16862243754902,1.01602280320443,-0.0822136426413077,-0.159822569104078
"625",-0.16862243754902,1.01087557602328,0.023511540026761,-0.146002183839756
"626",-0.16862243754902,1.01728997414633,-0.0135431886832435,-0.186267210047611
"627",-0.16862243754902,1.01374633203199,-0.156262800772329,-0.0571276010620181
"628",-0.16862243754902,1.02922382411132,-0.197414475315588,-0.142580521300106
"629",-0.16862243754902,1.01468487148911,-0.0710475830219314,-0.156644914936948
"630",-0.16862243754902,1.00520321563556,-0.0086509859847127,-0.101777527802418
"631",-0.16862243754902,1.00622004101506,-0.0477038306029708,-0.101010472160842
"632",-0.16862243754902,1.04675534130232,-0.206678342416641,-0.230175601054599
"633",-0.16862243754902,1.007020358142,-0.101046231506447,-0.0622869232727223
"634",-0.16862243754902,1.01447248139962,-0.119238260702786,-0.122215599256699
"635",-0.16862243754902,1.00415123441261,-0.0599913489634851,-0.0687076387450308
"636",-0.16862243754902,1.02171359810096,-0.131556733195969,-0.16306901144982
"637",-0.16862243754902,1.0042425471089,-0.0756632117468687,-0.0527083656729165
"638",-0.16862243754902,1.02838003859917,-0.177042758260216,-0.161930125476546
"639",-0.16862243754902,1.00831725812232,-0.125402269116233,-0.0312724148062686
"640",-0.16862243754902,1.02195307398683,-0.183368863252976,-0.103749435759626
"641",-0.16862243754902,1.01317719431191,-0.124470293872845,-0.105048431768226
"642",-0.16862243754902,1.00478411806771,-0.0644752866130402,-0.0737160860143695
"643",-0.16862243754902,1.00766837765832,-0.113344456462184,-0.0504835965620467
"644",-0.16862243754902,1.02437440676693,-0.208821267123502,-0.0757403699227056
"645",-0.16862243754902,1.02018641498014,-0.0959542673243181,-0.177688209772885
"646",-0.16862243754902,1.0055978050703,-0.097101931006215,-0.0424047232873046
"647",-0.16862243754902,1.01097411387179,-0.0575391564335863,-0.136959499107477
"648",-0.16862243754902,1.00618107615199,-0.0719372606107726,-0.0850022855116435
"649",-0.16862243754902,1.01794716707026,-0.176135549551785,-0.0720604130604956
"650",-0.16862243754902,1.03321790844958,-0.176165416390951,-0.191062797029457
"651",-0.16862243754902,1.02243145793978,-0.212919582389229,-0.00559800143416317
"652",-0.16862243754902,1.03489522249805,-0.168537478145428,-0.206405523205311
"653",-0.16862243754902,1.02070094668022,-0.159778996867473,-0.127675740506663
"654",-0.16862243754902,1.0122467550879,-0.0936171832682438,-0.12601315876885
"655",-0.16862243754902,1.02836660177313,-0.0665305951917025,-0.230459427114318
"656",-0.16862243754902,1.03780720944933,-0.207162939149773,-0.184735813062422
"657",-0.16862243754902,1.01014225926343,0.0173680038383127,-0.141724155994982
"658",-0.16862243754902,1.00642597290606,-0.106914063214347,-0.038244241748468
"659",-0.16862243754902,1.00727370287607,-0.0206789952084316,-0.119049114498313
"660",-0.16862243754902,1.01902515974479,-0.147813357302354,-0.128699213656897
"661",-0.16862243754902,1.01666383842745,-0.156569651483688,-0.0953483329708419
"662",-0.16862243754902,1.03622454711376,-0.129733582334453,-0.238601151832493
"663",-0.16862243754902,1.04476168908401,-0.280163370104808,-0.114172996059487
"664",-0.16862243754902,1.01928282924039,-0.132892383189296,-0.145866721614495
"665",-0.16862243754902,1.03451671116266,-0.161348019570403,-0.210218082608296
"666",-0.16862243754902,1.02675065366039,-0.232405920334393,-0.01429660748414
"667",-0.16862243754902,1.00321407955974,-0.0798744410728078,-0.0076526524952342
"668",-0.16862243754902,1.02775080112683,-0.190503497734207,-0.141351075580909
"669",-0.16862243754902,1.01204476993498,-0.0496582964302444,-0.147542095513061
"670",-0.16862243754902,1.01685936828339,-0.142817651677726,-0.116645159500739
"671",-0.16862243754902,1.00873593890042,-0.0802171681742005,-0.105420113637842
"672",-0.16862243754902,1.02103313180888,-0.117633254695522,-0.169325348489762
"673",-0.16862243754902,1.01682901762101,-0.159745871480981,-0.0917742208949837
"674",-0.16862243754902,1.00619662937583,-0.0744260605918104,-0.0830205906511645
"675",-0.16862243754902,1.05306170056828,-0.253442920100133,-0.211437062633003
"676",-0.16862243754902,1.00572241474442,-0.0542880530273106,-0.0923600715561235
"677",-0.16862243754902,1.01962932808233,-0.164122725495091,-0.112728424373284
"678",-0.16862243754902,1.0507891768109,-0.218432486999124,-0.237581865314486
"679",-0.16862243754902,1.01081191650061,-0.0776901093806621,-0.125319501451491
"680",-0.16862243754902,1.02592452168484,-0.153057887671858,-0.170570827563524
"681",-0.16862243754902,1.01497507115524,-0.15993518458222,0.0677874014786567
"682",-0.16862243754902,1.03386209109646,-0.195892652197189,-0.174633594195099
"683",-0.16862243754902,1.01910635987273,-0.146576895722287,-0.130740148284509
"684",-0.16862243754902,1.02437760124221,-0.175700336501683,-0.135936976867726
"685",-0.16862243754902,1.0183089775085,-0.157651400704713,-0.10999640689696
"686",-0.16862243754902,1.00500702078477,-0.0373465476290257,-0.0929749816179856
"687",-0.16862243754902,1.01597940550743,-0.112799845732503,-0.139607833655428
"688",-0.16862243754902,1.02182743178737,-0.178053859126185,-0.111481494443922
"689",-0.16862243754902,1.02735571375508,-0.199976554694033,-0.124374998122249
"690",-0.16862243754902,1.00521759515686,-0.00888468256016318,-0.101899342631578
"691",-0.16862243754902,1.00729961422936,-0.0951754175778557,-0.0747940687186453
"692",-0.16862243754902,1.02033753154282,-0.135147686012383,-0.151075415737938
"693",-0.16862243754902,1.03269955744497,-0.216734696408602,-0.139622517237388
"694",-0.16862243754902,1.01400379841222,-0.106957782931779,-0.129474846455715
"695",-0.16862243754902,1.00355865234569,-0.0763593237308077,-0.0360447274544097
"696",-0.16862243754902,1.01078939666478,0.00727331499291508,-0.147113232915906
"697",-0.16862243754902,1.0061449185925,-0.0971490578010142,-0.0537555371834678
"698",-0.16862243754902,1.05141565903407,-0.235015526361567,-0.224148590071505
"699",-0.16862243754902,1.01076236994511,-0.146180426135779,0.0164879201789534
"700",-0.16862243754902,1.04757203725178,-0.243522778634172,-0.195202022320791
"701",-0.16862243754902,1.02148677999377,-0.19063956987965,-0.0842128024598035
"702",-0.16862243754902,1.01857208251576,-0.172627018736938,-0.0876869413452309
"703",-0.16862243754902,1.00781775837116,-0.0661822037372138,-0.106379274281963
"704",-0.16862243754902,1.01981780722341,-0.141513493124286,-0.141429456598421
"705",-0.16862243754902,1.02005654345694,-0.0279421663811764,-0.199335363614309
"706",-0.16862243754902,1.00837586528076,-0.0740653418137037,-0.10647164327996
"707",-0.16862243754902,1.02577824465914,-0.120257959166429,-0.194316830133469
"708",-0.16862243754902,1.03459015282831,-0.133915021050121,-0.229005570819699
"709",-0.16862243754902,1.010500364412,-0.112181121097259,-0.0923384131666786
"710",-0.16862243754902,1.0093006035392,-0.00426302473490767,-0.136636506559194
"711",-0.16862243754902,1.02184089655595,-0.185900235975429,-0.0979791821692266
"712",-0.16862243754902,1.00971240531246,-0.136411762039934,-0.0301823229562803
"713",-0.16862243754902,1.00395700354347,-0.0782416518345344,-0.0425195117819681
"714",-0.16862243754902,1.03558565888378,-0.158070294049859,-0.217833512170956
"715",-0.16862243754902,1.01231675342852,-0.0829902316100457,-0.13378277441203
"716",-0.16862243754902,1.0039684046238,-0.0418410825735763,-0.0787520240497186
"717",-0.16862243754902,1.0421026874434,-0.171671891660136,-0.237711532725244
"718",-0.16862243754902,1.01170738339136,-0.113103341338451,-0.103727835158509
"719",-0.16862243754902,1.00851835866201,-0.088061305293152,-0.0967185931886304
"720",-0.16862243754902,1.01659715252173,-0.152140333085719,-0.101602606087953
"721",-0.16862243754902,1.02633072382379,-0.166141866285958,-0.160473159536661
"722",-0.16862243754902,1.01908366122237,-0.0624868129274878,-0.186083064195934
"723",-0.16862243754902,1.01990320737848,-0.0247433441788238,-0.198973162360537
"724",-0.16862243754902,1.01314240522176,-0.08641582803461,-0.137803620865456
"725",-0.16862243754902,1.02187025826702,-0.173444594659394,-0.118894059204601
"726",-0.16862243754902,1.01175793025929,-0.140902567938528,0.0616488101336131
"727",-0.16862243754902,1.02507686920864,-0.109653484389998,-0.196872296547065
"728",-0.16862243754902,1.02243604848054,-0.134377482202932,-0.165282078608945
"729",-0.16862243754902,1.02134310810581,-0.181219235532894,-0.101495483387734
"730",-0.16862243754902,1.03051834591826,-0.123475144951865,-0.216152607787254
"731",-0.16862243754902,1.02960491771286,-0.0955972586107385,-0.225715419775899
"732",-0.16862243754902,1.00220536356679,-0.0231635678200709,-0.062281938697166
"733",-0.16862243754902,1.00817991175676,-0.0650697718155331,-0.11042037522918
"734",-0.16862243754902,1.04871731349031,-0.16469807944272,-0.269597007109172
"735",-0.16862243754902,1.00405597487778,-0.0739718282415908,-0.0515419180315371
"736",-0.16862243754902,1.01886906051476,-0.158805274163262,-0.113468265925606
"737",-0.16862243754902,1.01916403954244,-0.097659313418345,-0.170757131620075
"738",-0.16862243754902,1.04122703021333,-0.17728136756933,-0.229619348399949
"739",-0.16862243754902,1.02160628253322,-0.0589354744893208,-0.200514354493779
"740",-0.16862243754902,1.02645725310619,-0.164995712710559,-0.162452784652771
"741",-0.16862243754902,1.03563369906468,-0.0837320081216125,-0.255980681799057
"742",-0.16862243754902,1.02803076704433,-0.194034384103253,-0.13855654360381
"743",-0.16862243754902,1.01676475398903,-0.131604497214998,-0.12841659264737
"744",-0.16862243754902,1.02655479760869,-0.0442164649364242,-0.227727154116394
"745",-0.16862243754902,1.03376135021972,-0.218067435794319,-0.145289788540677
"746",-0.16862243754902,1.00862531704921,-0.130868128016448,-0.0140912477123126
"747",-0.16862243754902,1.01075655496471,-0.145837678997202,0.0189785349499002
"748",-0.16862243754902,1.01030837737503,-0.138296049916866,-0.0399652345365286
"749",-0.16862243754902,1.02610615418562,-0.19319771972954,-0.124773718181803
"750",-0.16862243754902,1.01617419023976,-0.179539900479295,0.0193754753571358
"751",-0.16862243754902,1.00919310482428,-0.0337082679819986,-0.131660455317922
"752",-0.16862243754902,1.02014826681818,-0.192401948817771,-0.0606957690721378
"753",-0.16862243754902,1.01673976032927,0.106377975107801,-0.149811436967883
"754",-0.16862243754902,1.01814775930362,-0.141990113343284,-0.128310823735734
"755",-0.16862243754902,1.02979854206,-0.0344293441745752,-0.243515209973833
"756",-0.16862243754902,1.02127910270449,-0.191731500468115,-0.079057177720547
"757",-0.16862243754902,1.01192515114312,0.0180661581459509,-0.153837984405248
"758",-0.16862243754902,1.02559516262436,-0.212304905658972,-0.082292555140907
"759",-0.16862243754902,1.02695848658892,-0.173520236519246,-0.156634800396665
"760",-0.16862243754902,1.02280600809453,-0.186322907086757,-0.106845236154961
"761",-0.16862243754902,1.01520241082321,-0.141428027690002,-0.103121520183582
"762",-0.16862243754902,1.01130356286242,-0.00189313627641307,-0.150769069418283
"763",-0.16862243754902,1.01338748910659,-0.0980421924281614,-0.131688767864373
"764",-0.16862243754902,1.01596786008339,-0.0837954417370052,-0.158647460321666
"765",-0.16862243754902,1.00242060165689,0.0634095661142285,-0.0287452526753159
"766",-0.16862243754902,1.03004934811964,-0.238447841925516,-0.0643761310018404
"767",-0.16862243754902,1.03824594718135,-0.0646218173448626,-0.271622288410841
"768",-0.16862243754902,1.02111107878641,-0.0989187924115724,-0.181336448978634
"769",-0.16862243754902,1.00317594891358,-0.0609870054461343,-0.0514059300603359
"770",-0.16862243754902,1.00453432778725,-0.0685134560269743,-0.0662957166506624
"771",-0.16862243754902,1.04586411064922,-0.219543310377398,-0.213617585447938
"772",-0.16862243754902,1.0375681478798,-0.187134953313102,-0.203784618514782
"773",-0.16862243754902,1.02138940245203,-0.1569977580848,-0.136337872206029
"774",-0.16862243754902,1.02001297972255,-0.145881481995134,-0.138365718345902
"775",-0.16862243754902,1.04163865796317,-0.224308984376271,-0.186270162107086
"776",-0.16862243754902,1.00968612798585,-0.0651411383562858,-0.123380343412974
"777",-0.16862243754902,1.04588038957688,-0.22884404370382,-0.203706143654946
"778",-0.16862243754902,1.00002433964699,0.000519691915497277,0.00695771562391163
"779",-0.16862243754902,1.04526702570691,-0.241085762560822,-0.185636230624964
"780",-0.16862243754902,1.02155412474895,-0.181588373590014,-0.102948979443873
"781",-0.16862243754902,1.0032190181756,-0.0712387117861407,0.0370600104190147
"782",-0.16862243754902,1.01288770265873,-0.0880475050580217,-0.134867101438202
"783",-0.16862243754902,1.01868358568868,-0.0977341502929959,-0.167822178564264
"784",-0.16862243754902,1.02651577252383,-0.137874991030111,-0.186346768387975
"785",-0.16862243754902,1.02281551511388,-0.189133397157026,-0.101882952634493
"786",-0.16862243754902,1.0092914195853,-0.101505069205533,-0.0914652424372006
"787",-0.16862243754902,1.03818724609443,-0.124875777366275,-0.249477049405974
"788",-0.16862243754902,1.01852677477713,-0.126205074792489,-0.146523274719515
"789",-0.16862243754902,1.03225934601204,-0.232535400330639,-0.107175766954488
"790",-0.16862243754902,1.04897725238036,-0.269476103853262,-0.166541002349322
"791",-0.16862243754902,1.03751644876348,-0.24918489891699,-0.119780080174091
"792",-0.16862243754902,1.02049217978897,-0.155275541742168,-0.131505874952875
"793",-0.16862243754902,1.0265546683828,-0.195602430977955,-0.124716382941587
"794",-0.16862243754902,1.02825102295029,-0.239183180355886,0.00956934862819487
"795",-0.16862243754902,1.00698903864755,-0.0858126175956818,-0.0816279279272402
"796",-0.16862243754902,1.00358142479971,-0.0472704171575385,-0.0702935549305011
"797",-0.16862243754902,1.00615502383088,-0.106182418514688,0.032760127876487
"798",-0.16862243754902,1.01239738485324,-0.0320728944039183,-0.154660254436083
"799",-0.16862243754902,1.00635070380846,-0.0312961205683767,-0.108454100398091
"800",-0.16862243754902,1.00001820316805,-0.00583248160665773,0.00154558265950703
"801",-0.16862243754902,1.02922184814426,-0.175892656870953,-0.168402452346662
"802",-0.16862243754902,1.02994280219772,-0.116820582516216,-0.217106258084524
"803",-0.16862243754902,1.04488661562887,-0.197527283871437,-0.229719419394025
"804",-0.16862243754902,1.00489796050732,-0.0925225546534192,-0.0354892647454418
"805",-0.16862243754902,1.04851178774159,-0.187269646229393,-0.253588344831128
"806",-0.16862243754902,1.028914417161,-0.146552128179629,-0.192840222899099
"807",-0.16862243754902,1.04138739334018,-0.259240739071859,-0.131460801052402
"808",-0.16862243754902,1.02131177859723,-0.137823641030647,-0.155185028512722
"809",-0.16862243754902,1.01572337475249,-0.0213310653712867,-0.176745465765622
"810",-0.16862243754902,1.03502196144129,-0.203390458103707,-0.172924209462234
"811",-0.16862243754902,1.01679139364689,-0.183011480837321,-0.0192752711033865
"812",-0.16862243754902,1.02739042505637,-0.167489777515387,-0.165765677766391
"813",-0.16862243754902,1.00832787942836,-0.109993826465066,-0.0680181635451592
"814",-0.16862243754902,1.00607966323923,-0.092656527442888,-0.0600920685764025
"815",-0.16862243754902,1.0162829202063,-0.15179773292408,-0.0989364552738718
"816",-0.16862243754902,1.03830224169617,-0.186375170731469,-0.208172622710355
"817",-0.16862243754902,1.04923161648769,-0.270865745543192,-0.165887711807441
"818",-0.16862243754902,1.0072922401647,-0.080838889368602,-0.0900151712860785
"819",-0.16862243754902,1.01651193966112,-0.141916107942282,-0.114701097554146
"820",-0.16862243754902,1.00756709425194,-0.12324088220489,-0.00177041595394309
"821",-0.16862243754902,1.01619198918899,-0.0769027701730498,-0.163499611105305
"822",-0.16862243754902,1.01168928835334,-0.0918939024660927,-0.122762888767094
"823",-0.16862243754902,1.01527806245093,-0.011259617017886,-0.175107867095495
"824",-0.16862243754902,1.01267364749903,-0.11784174037064,-0.107801857894077
"825",-0.16862243754902,1.01284390153662,-0.104143082032515,-0.122503009533208
"826",-0.16862243754902,1.04341521961549,-0.205858504510429,-0.215261693401263
"827",-0.16862243754902,1.02703030419272,-0.195175601583922,-0.129219697711118
"828",-0.16862243754902,1.02205429296836,-0.0933863287781963,-0.189404253839219
"829",-0.16862243754902,1.02562689654773,-0.157843293551504,-0.164304673101357
"830",-0.16862243754902,1.01033722310792,-0.139820911645389,-0.0350915526027412
"831",-0.16862243754902,1.01507108284361,-0.0822868167039868,-0.153617001083964
"832",-0.16862243754902,1.01745165015201,-0.0693872254104336,-0.174336666673661
"833",-0.16862243754902,1.01779367780952,-0.127856500422465,-0.139845221186696
"834",-0.16862243754902,1.0179208069636,-0.11508096059696,-0.151390692440178
"835",-0.16862243754902,1.0065344380886,-0.0421722648896636,-0.106456916789858
"836",-0.16862243754902,1.02001119067033,-0.169989998332909,-0.107360279244602
"837",-0.16862243754902,1.02057706418121,-0.065122112603417,-0.193226950456729
"838",-0.16862243754902,1.0007668163603,-0.0224146129635868,-0.0321217349099691
"839",-0.16862243754902,1.01810957990009,-0.157708364361449,-0.108051786171152
"840",-0.16862243754902,1.01464942704542,-0.129621680527083,-0.112746085257696
"841",-0.16862243754902,1.01876114432903,-0.11600346963663,-0.15626088514678
"842",-0.16862243754902,1.0418085656544,-0.16919004344638,-0.238201210470237
"843",-0.16862243754902,1.03773767266569,-0.162266099709785,-0.224875943921464
"844",-0.16862243754902,1.01719117440753,-0.12321999863224,-0.139623483804271
"845",-0.16862243754902,1.03177780260053,-0.119067726057881,-0.224473407223638
"846",-0.16862243754902,1.01957613903807,-0.195239621455277,-0.0376429742418733
"847",-0.16862243754902,1.03470299751602,-0.109767319378165,-0.241994687266411
"848",-0.16862243754902,1.03861498401808,-0.239779066972562,-0.145695175172862
"849",-0.16862243754902,1.02121359016867,0.0974973172479061,-0.182678597199166
"850",-0.16862243754902,1.00651587126372,-0.0214551396029555,-0.112311513614554
"851",-0.16862243754902,1.02431769309333,-0.197591973005891,-0.100916542685917
"852",-0.16862243754902,1.01048747867648,-0.0576093888950539,-0.133289545250474
"853",-0.16862243754902,1.00107718852708,-0.0430404894401708,0.0174084364041351
"854",-0.16862243754902,1.03681615964942,-0.216745861546446,-0.167358837270873
"855",-0.16862243754902,1.04056079763245,-0.284864694514661,0.0402353002790134
"856",-0.16862243754902,1.03587163636405,-0.140418828030456,-0.230895213805072
"857",-0.16862243754902,1.01192104315762,-0.153949972731296,0.0168405309072291
"858",-0.16862243754902,1.02879627634948,0.00803927155670806,-0.241572242493619
"859",-0.16862243754902,1.03208862617468,-0.254143116270139,-0.0248638036439989
"860",-0.16862243754902,1.02082614583054,-0.203420416994454,-0.0265735575534387
"861",-0.16862243754902,1.02289887060647,-0.0725547225001056,-0.202627519678157
"862",-0.16862243754902,1.00794075897712,-0.10645542567987,-0.0679103523087176
"863",-0.16862243754902,1.00395664998732,-0.0649819169744636,-0.0608794342950066
"864",-0.16862243754902,1.01039839743165,-0.130982671521768,-0.0612246787943654
"865",-0.16862243754902,1.02451695952885,-0.198458999919145,-0.101237471883338
"866",-0.16862243754902,1.0031944175181,-0.0591353483204816,-0.0538706777245467
"867",-0.16862243754902,1.02249773893491,-0.137376666350441,-0.163184796073172
"868",-0.16862243754902,1.00224702674662,-0.0655892512314925,0.0140411091201628
"869",-0.16862243754902,1.00429323962356,-0.0508031967782226,-0.0776140860328038
"870",-0.16862243754902,1.01152406255044,-0.138646559431328,-0.0629131200656879
"871",-0.16862243754902,1.00224963243202,-0.00318918303325483,-0.0670384577813147
"872",-0.16862243754902,1.03151089172109,-0.197993448034949,-0.157522424671728
"873",-0.16862243754902,1.0156593180805,-0.0908844257091898,-0.152656056438173
"874",-0.16862243754902,1.01740143117332,-0.14528127926595,-0.118317462989873
"875",-0.16862243754902,1.01749143903846,-0.181608580149962,0.0480328234905048
"876",-0.16862243754902,1.00124434986613,0.0190457225069521,-0.046124923772609
"877",-0.16862243754902,1.00953922660717,-0.036153884256292,-0.133650090579031
"878",-0.16862243754902,1.00611596632855,-0.110261042529807,0.0105754527784207
"879",-0.16862243754902,1.00546579062448,-0.0994437339077687,-0.0327475175026892
"880",-0.16862243754902,1.01363973159037,0.0098695660709795,-0.165433059344741
"881",-0.16862243754902,1.02338057558665,-0.152834903180601,-0.15475559717773
"882",-0.16862243754902,1.0048474195414,-0.0910738916053149,0.0377343719555051
"883",-0.16862243754902,1.01285534781096,-0.146096284698777,-0.0673188768955201
"884",-0.16862243754902,1.02918300615128,-0.18940585457601,-0.152784431153552
"885",-0.16862243754902,1.02068065300605,-0.139843160202053,-0.149106961492621
"886",-0.16862243754902,1.02077409595471,-0.0782869933108177,-0.189343343296024
"887",-0.16862243754902,1.01443991931259,-0.120273560451453,-0.120924028014529
"888",-0.16862243754902,1.00456659419986,-0.0923475420390094,-0.0250194656549746
"889",-0.16862243754902,1.00104968711083,-0.0155678252774327,-0.043105903085497
"890",-0.16862243754902,1.00706782694129,-0.114085600082514,-0.034206489355972
"891",-0.16862243754902,1.0329306804549,-0.242089843365763,-0.0913142834618782
"892",-0.16862243754902,1.01475099408088,-0.109531638655999,-0.133125505150099
"893",-0.16862243754902,1.03512845823829,-0.253712414051737,-0.0843856386527164
"894",-0.16862243754902,1.05170117037831,-0.225799496167677,-0.234712460908083
"895",-0.16862243754902,1.01006899915279,-0.139347595855382,-0.0286640991284072
"896",-0.16862243754902,1.01893028821039,-0.14804156117366,-0.127681746533204
"897",-0.16862243754902,1.0065313391808,-0.109976667776797,-0.0317878797311785
"898",-0.16862243754902,1.03674447380531,-0.207045631983777,-0.178804950273434
"899",-0.16862243754902,1.01245267522666,-0.149345337902569,-0.0525013297011294
"900",-0.16862243754902,1.01099507747124,-0.106633029799294,-0.103636111596783
"901",-0.16862243754902,1.0391409589432,-0.230711254335799,-0.163052904531631
"902",-0.16862243754902,1.00969744696752,-0.0430477036196566,-0.13279996094053
"903",-0.16862243754902,1.00074841879764,-0.0368233704619352,-0.0118927336551579
"904",-0.16862243754902,1.01731963813702,-0.176782964789174,-0.0607209148447477
"905",-0.16862243754902,1.0124312640777,-0.0934504836823436,-0.127609057599816
"906",-0.16862243754902,1.01666162572029,-0.0335242375219047,-0.180213725089975
"907",-0.16862243754902,1.01296809046401,-0.15942358256969,-0.0262387808203825
"908",-0.16862243754902,1.01349731075006,-0.147350610252818,-0.0739229095458165
"909",-0.16862243754902,1.02277498429664,-0.196724303213478,-0.0858383191130978
"910",-0.16862243754902,1.02750326687758,-0.221986480379639,-0.0805292864290258
"911",-0.16862243754902,1.00259509765091,-0.0712948558417877,0.0106758308402423
"912",-0.16862243754902,1.00571462104009,-0.0806473264958211,-0.0704124115685438
"913",-0.16862243754902,1.01697659279753,-0.0806005236705704,-0.16656814185825
"914",-0.16862243754902,1.04959325866663,-0.202235303052134,-0.246468843543854
"915",-0.16862243754902,1.00848855537424,-0.0486352322680442,-0.121176649991059
"916",-0.16862243754902,1.02054006457547,-0.178691434707131,-0.0978335043122635
"917",-0.16862243754902,1.01552140145993,-0.0558302483987586,-0.167829378199626
"918",-0.16862243754902,1.01619901893479,-0.121093156703021,-0.134152500847795
"919",-0.16862243754902,1.00535883236045,-0.0438836187836481,-0.0939181015972208
"920",-0.16862243754902,1.0265895937103,-0.146897606391752,-0.179742279808219
"921",-0.16862243754902,1.01161153315336,-0.094685749620334,-0.119968757715218
"922",-0.16862243754902,1.01380264141526,-0.0820901021467703,-0.145110340327973
"923",-0.16862243754902,1.02512824318453,-0.106653977713027,-0.198778379137668
"924",-0.16862243754902,1.00282141863081,-0.0543482201080343,-0.0519333095016994
"925",-0.16862243754902,1.00940306356555,-0.0518479682927481,-0.127304096239801
"926",-0.16862243754902,1.02291361464453,-0.117128003352949,-0.180646876130461
"927",-0.16862243754902,1.02033065578211,-0.20126121993189,0.0238446740442404
"928",-0.16862243754902,1.02071701208273,-0.0874554365084396,-0.184972336797216
"929",-0.16862243754902,1.02766484478472,-0.0333824413104953,-0.234479521106966
"930",-0.16862243754902,1.00506845358349,-0.0884516076963023,-0.0483622733610295
"931",-0.16862243754902,1.00229414717815,-0.0357608228458141,-0.0575736138952325
"932",-0.16862243754902,1.01058130807766,-0.118516609150023,-0.0850199599596201
"933",-0.16862243754902,1.0116679585077,-0.132233059107968,-0.0773723228944265
"934",-0.16862243754902,1.01469894027572,-0.121427058872241,-0.121940185215142
"935",-0.16862243754902,1.01990202908923,0.00582921335078923,-0.200414992483177
"936",-0.16862243754902,1.04219842014491,-0.271037001604833,-0.112767418670519
"937",-0.16862243754902,1.02214736846445,-0.20206804099431,-0.0628788491268896
"938",-0.16862243754902,1.01542759592624,-0.115680945490754,-0.133083137244767
"939",-0.16862243754902,1.02609516107394,-0.194827210191665,-0.122121405774255
"940",-0.16862243754902,1.02048378389964,-0.193770698053586,-0.0619682965552063
"941",-0.16862243754902,1.0103201765766,-0.0932856772840197,-0.109748082495483
"942",-0.16862243754902,1.00785181989166,-0.118651447308026,0.0410746261167986
"943",-0.16862243754902,1.02393666552118,-0.185103521557198,-0.119092322614651
"944",-0.16862243754902,1.00515625758694,-0.100265529767555,-0.0169093378527234
"945",-0.16862243754902,1.04709546506479,-0.223074314532362,-0.215978617356382
"946",-0.16862243754902,1.01063586864807,-0.145867851763324,0.0103647875037378
"947",-0.16862243754902,1.01598943047016,-0.136712210536274,-0.11637995668225
"948",-0.16862243754902,1.01507639674339,-0.0638573582452483,-0.162179927930302
"949",-0.16862243754902,1.02433497533864,-0.13002464174611,-0.179876997531108
"950",-0.16862243754902,1.01029630208447,-0.0802863561321009,-0.119384752060689
"951",-0.16862243754902,1.00921442919621,-0.0983313111589316,-0.094046357418015
"952",-0.16862243754902,1.00697553199504,-0.11735570263105,0.0150784978254103
"953",-0.16862243754902,1.0106969866265,-0.0613279444194502,-0.133218925116393
"954",-0.16862243754902,1.01733778507792,-0.163974845303013,-0.0899356384037997
"955",-0.16862243754902,1.02473814650745,-0.212813687135031,-0.0692719530223116
"956",-0.16862243754902,1.01342567040315,-0.0265463832438115,-0.162255597649972
"957",-0.16862243754902,1.02622110755023,-0.160264780545389,-0.165665209680115
"958",-0.16862243754902,1.00664267176806,-0.000786119236928752,-0.115450641578489
"959",-0.16862243754902,1.04099858887098,-0.210522166122142,-0.198389716473946
"960",-0.16862243754902,1.01115518110559,-0.134034450409387,-0.0668548156839486
"961",-0.16862243754902,1.02771436013702,-0.204091863502966,-0.120595676886534
"962",-0.16862243754902,1.01574494447534,-0.123531475632425,-0.128365753825853
"963",-0.16862243754902,1.01242062378626,-0.12579666150596,-0.0957638732597733
"964",-0.16862243754902,1.03149132568045,-0.195509427949507,-0.160469369466142
"965",-0.16862243754902,1.0170520999226,-0.0739943673330262,-0.170058247550554
"966",-0.16862243754902,1.01745127993204,-0.169371895064398,-0.0807481776737776
"967",-0.16862243754902,1.01379763376475,-0.0991506646197104,-0.13399547728367
"968",-0.16862243754902,1.00414844408517,-0.0404440983584399,-0.0817213109699364
"969",-0.16862243754902,1.0451421616199,-0.244737843349347,-0.180070891673858
"970",-0.16862243754902,1.03228058468036,-0.201241771934834,-0.15844543141582
"971",-0.16862243754902,1.02792315998609,-0.153589836172452,-0.181758590059186
"972",-0.16862243754902,1.01756529552299,-0.161171918557456,-0.0972766329664948
"973",-0.16862243754902,1.00098180329207,0.0267850848227765,-0.0353147243070117
"974",-0.16862243754902,1.0186386955717,-0.193447449462425,-0.0142434691174822
"975",-0.16862243754902,1.02243320353082,-0.107578084217235,-0.183838547313812
"976",-0.16862243754902,1.04990009604511,-0.273071043735378,-0.166500500746425
"977",-0.16862243754902,1.00945619797141,-0.137563695988247,-0.0088343176843947
"978",-0.16862243754902,1.01621933246333,-0.174899597955461,-0.0459550030707504
"979",-0.16862243754902,1.01613757954039,-0.164707532758939,-0.0735323684282497
"980",-0.16862243754902,1.01391381738164,-0.114070839442801,-0.122511520544922
"981",-0.16862243754902,1.0262277151547,-0.22427286296282,-0.0533386003762061
"982",-0.16862243754902,1.00660630165556,-0.100571288404682,-0.0560505350670549
"983",-0.16862243754902,1.02338906511746,-0.161792404800701,-0.145424882158427
"984",-0.16862243754902,1.00913489186926,-0.081038350195235,-0.108563418266102
"985",-0.16862243754902,1.012844821224,-0.0989664810579664,-0.126729110733369
"986",-0.16862243754902,1.03187266638171,-0.133644351094582,-0.216564971881891
"987",-0.16862243754902,1.02186184017802,-0.202421463090679,-0.0568082009241467
"988",-0.16862243754902,1.02623943440856,-0.207262147065003,-0.101043451688914
"989",-0.16862243754902,1.018739972143,-0.0847813952963466,-0.175052123247689
"990",-0.16862243754902,1.00653092503019,-0.0330077850866108,-0.109612906018445
"991",-0.16862243754902,1.01330782214743,-0.0359475933150361,-0.159688800358761
"992",-0.16862243754902,1.00251734266315,-0.0676415938053733,-0.0215786266441787
"993",-0.16862243754902,1.02913144719039,-0.229877950300489,-0.0791685768587207
"994",-0.16862243754902,1.00685530028186,-0.0795341007334386,-0.0862085989109731
"995",-0.16862243754902,1.04229665830245,-0.191843599248189,-0.222661979996505
"996",-0.16862243754902,1.00896510287093,-0.129998191387987,-0.0333324023615385
"997",-0.16862243754902,1.03503624841122,-0.238838800366037,-0.11939875612786
"998",-0.16862243754902,1.0076679293382,-0.111559605891078,-0.054305710106374
"999",-0.16862243754902,1.01008922252428,-0.128442998556881,-0.0615031184690293
"1000",-0.16862243754902,1.01785951000094,-0.0267283603249503,-0.187945675272653
