"","t","","",""
"1",-0.16862243754902,1.00956007198641,-0.0833689892806321,-0.11073007981362
"2",-0.16862243754902,1.00977728217925,-0.0851297590854689,-0.111369132722497
"3",-0.16862243754902,1.04799222659944,-0.203581716962692,-0.238416005191306
"4",-0.16862243754902,1.00960627542922,-0.0873801504792485,-0.108025648289163
"5",-0.16862243754902,1.02312193852534,-0.129648269994899,-0.173117957413969
"6",-0.16862243754902,1.01273838349876,-0.0856428338702726,-0.135293526890071
"7",-0.16862243754902,1.02047090385695,-0.153749219446945,-0.133124164365738
"8",-0.16862243754902,1.02057095092584,-0.0589953969216662,-0.195152783776554
"9",-0.16862243754902,1.00436282919873,-0.0126086218025133,-0.0926591351800652
"10",-0.16862243754902,1.02455522129596,-0.0276342492530836,-0.221245903358751
"11",-0.16862243754902,1.00493720556094,-0.0694960299210605,0.0711975346893875
"12",-0.16862243754902,1.02032822459672,-0.101207577224685,-0.175575374756837
"13",-0.16862243754902,1.01107028913468,-0.0922606211003044,-0.117265115721071
"14",-0.16862243754902,1.00385562054847,-0.087478090508829,0.00858432220295819
"15",-0.16862243754902,1.02260727853033,-0.206976619787704,-0.0537245285179249
"16",-0.16862243754902,1.01350785298266,-0.0866818149818724,-0.140301215279751
"17",-0.16862243754902,1.00584432487578,-0.10161916425714,0.0373677847951184
"18",-0.16862243754902,1.04219132550523,-0.095351340986699,-0.277616427342463
"19",-0.16862243754902,1.00193975106977,-0.00382021930905418,-0.0621986390381083
"20",-0.16862243754902,1.00702053989239,0.00549149673036932,-0.118575761556984
"21",-0.16862243754902,1.00828788766578,-0.123629403135735,-0.0368813651296112
"22",-0.16862243754902,1.00440145504681,-0.0922163375966269,-0.0178446064794535
"23",-0.16862243754902,1.00678753955036,-0.0876909445704342,-0.0770158946854831
"24",-0.16862243754902,1.03533585668915,-0.207182550820491,-0.170281316596305
"25",-0.16862243754902,1.00768906693761,-0.0897834315087802,-0.0858847544800294
"26",-0.16862243754902,1.0223159585355,-0.169498414749028,-0.128063290891349
"27",-0.16862243754902,1.02749057440005,-0.220495999257269,-0.0843705801360008
"28",-0.16862243754902,1.00734886714817,-0.100263230837443,-0.0685494324319999
"29",-0.16862243754902,1.00859952735565,-0.122540221360745,-0.047506849305037
"30",-0.16862243754902,1.02295092187693,-0.202378786146696,-0.0739690170724044
"31",-0.16862243754902,1.01385141294508,-0.161271934619636,-0.0434286844697124
"32",-0.16862243754902,1.03693068150875,-0.27332789739597,-0.0227398056127134
"33",-0.16862243754902,1.00401840746244,0.0698912758228542,-0.0562865178108624
"34",-0.16862243754902,1.01231388074127,-0.0918503045375177,-0.127839409799241
"35",-0.16862243754902,1.01787746742033,-0.18411885798359,-0.0466345882027298
"36",-0.16862243754902,1.01068558464738,-0.146470404988364,0.00563661925010271
"37",-0.16862243754902,1.00565796977766,-0.0984296517211485,-0.0407376464635113
"38",-0.16862243754902,1.00575756954891,-0.01412921168547,-0.1065300618702
"39",-0.16862243754902,1.02942613572546,-0.134279835713641,-0.204174177200171
"40",-0.16862243754902,1.01587530246054,0.00674992813256747,-0.178765401069363
"41",-0.16862243754902,1.00142871056196,-0.0427870325155421,-0.0320738551831549
"42",-0.16862243754902,1.01047351369933,-0.144358220346137,-0.0147453757620142
"43",-0.16862243754902,1.02209761445128,-0.154767891002743,-0.143980670166411
"44",-0.16862243754902,1.00815298184772,-0.104135810951579,-0.0743516488445151
"45",-0.16862243754902,1.00861079338578,-0.0889579036001014,-0.0968618806413367
"46",-0.16862243754902,1.02580368020818,-0.133104025507925,-0.185893810338678
"47",-0.16862243754902,1.00664420361603,-0.0698874361446152,-0.0919146285576113
"48",-0.16862243754902,1.02997372907191,-0.182378992878738,-0.166083670283499
"49",-0.16862243754902,1.00002686988536,0.00208326532201442,-0.00702854880494953
"50",-0.16862243754902,1.01628377962918,-0.115699951337383,-0.139449783068689
"51",-0.16862243754902,1.02782623500887,-0.0480774698706868,-0.232627011035546
"52",-0.16862243754902,1.01476742530536,-0.148830421721289,-0.0871919321447868
"53",-0.16862243754902,1.00342209991022,-0.0411777427812595,-0.0718352565783381
"54",-0.16862243754902,1.04856569206053,-0.1219336633225,-0.290898938319025
"55",-0.16862243754902,1.00298175884834,-0.0310105895335904,0.0707866648407702
"56",-0.16862243754902,1.03584909798287,-0.162343050249465,-0.215935378823451
"57",-0.16862243754902,1.01466384581191,-0.0439445164634945,-0.166167383895298
"58",-0.16862243754902,1.01297823700476,-0.144815465288845,-0.0717871134567154
"59",-0.16862243754902,1.00531700455631,0.032563892501339,-0.0979891450887945
"60",-0.16862243754902,1.00967312866222,-0.134485965187051,-0.0367879315845531
"61",-0.16862243754902,1.00697892902443,-0.115204952595213,0.0270994907097873
"62",-0.16862243754902,1.02872288429889,-0.154981206852724,-0.185071873072866
"63",-0.16862243754902,1.0028175777786,-0.0606652424205502,-0.0443037545112403
"64",-0.16862243754902,1.04117194023277,-0.226104111952854,-0.181427505318476
"65",-0.16862243754902,1.03884456007178,-0.164277540973185,-0.228497066770066
"66",-0.16862243754902,1.01849623607037,-0.0558667625805286,-0.184968883135183
"67",-0.16862243754902,1.01227430521803,-0.068687976834978,-0.141354981670113
"68",-0.16862243754902,1.01536934203434,-0.0425521271014966,-0.170775341376887
"69",-0.16862243754902,1.03382311168019,-0.19989234545147,-0.169803640932749
"70",-0.16862243754902,1.00326045429118,-0.0370965932365827,-0.0718009882577741
"71",-0.16862243754902,1.02472961922995,-0.209093401869072,-0.0796915417217236
"72",-0.16862243754902,1.01388967260265,-0.0617142468418238,-0.155446517963767
"73",-0.16862243754902,1.01342427682908,-0.0502112700291146,-0.156549012224973
"74",-0.16862243754902,1.00894563231653,-0.101049290792431,-0.0880927340984961
"75",-0.16862243754902,1.01455951601367,-0.15169688577214,-0.0794925555063475
"76",-0.16862243754902,1.03755606435732,-0.239249009097437,-0.138861435721185
"77",-0.16862243754902,1.00365738762427,-0.0823385845353228,0.0234202738986771
"78",-0.16862243754902,1.00373511994906,-0.0537983723651018,-0.0677489937195391
"79",-0.16862243754902,1.03511572546655,-0.16233240666935,-0.212397633821741
"80",-0.16862243754902,1.02981063390441,-0.220960515010866,-0.108103619313768
"81",-0.16862243754902,1.01088928251637,-0.0826527595371249,-0.122742261863443
"82",-0.16862243754902,1.00466702166545,-0.0918306632362375,-0.0303801532538603
"83",-0.16862243754902,1.01145860341758,-0.0964576895864801,-0.11723660071448
"84",-0.16862243754902,1.02261132935379,-0.126035642457974,-0.172768480206707
"85",-0.16862243754902,1.01275620015686,-0.064801245808426,-0.146546646150054
"86",-0.16862243754902,1.03215621957912,-0.218450913113856,-0.132761666815287
"87",-0.16862243754902,1.0169385644291,-0.132868035289404,-0.128491746900167
"88",-0.16862243754902,1.00082088031481,-0.0371864539978925,0.0161121728260332
"89",-0.16862243754902,1.02079589417396,-0.17660321645573,-0.104094003188939
"90",-0.16862243754902,1.04110270729639,-0.216269810234669,-0.192671264907166
"91",-0.16862243754902,1.02125697525268,-0.100544458807103,-0.181263954788154
"92",-0.16862243754902,1.01622102666108,-0.11786460861423,-0.137160887516491
"93",-0.16862243754902,1.00714896868319,-0.106376130968039,-0.0550741670829136
"94",-0.16862243754902,1.02054254194387,0.0147072897622777,-0.203201317774054
"95",-0.16862243754902,1.02962062233542,-0.113177398313155,-0.217507476766751
"96",-0.16862243754902,1.00617639498957,-0.0776851708814317,-0.0797242250469463
"97",-0.16862243754902,1.01214758141273,-0.106168677398338,-0.114764709293102
"98",-0.16862243754902,1.04564014585968,-0.0820904092825023,-0.294320368539594
"99",-0.16862243754902,1.0013166979898,-0.0175072566007276,-0.048255835289741
"100",-0.16862243754902,1.01471803867762,-0.124964600614421,-0.118475932623568
"101",-0.16862243754902,1.01367751597722,-0.0519448572475145,-0.157619282460221
"102",-0.16862243754902,1.03255997242181,-0.233921448017191,-0.107055372612856
"103",-0.16862243754902,1.00702487926855,0.00171780882083675,-0.118727236128445
"104",-0.16862243754902,1.02960451497193,-0.167058707779029,-0.179379055092265
"105",-0.16862243754902,1.00647885255008,-0.0417024501846378,-0.106115909641909
"106",-0.16862243754902,1.01126006659795,-0.115793328164449,-0.0961188194283499
"107",-0.16862243754902,1.02123661531342,-0.102100413217979,-0.180276815141389
"108",-0.16862243754902,1.02808537325267,-0.218393373529818,-0.0962489952901076
"109",-0.16862243754902,1.01097597101185,-0.0740790630699076,-0.128781622827333
"110",-0.16862243754902,1.00550189686892,-0.018555631260237,-0.103391262471882
"111",-0.16862243754902,1.02521924263494,-0.165397368762486,-0.15400716176663
"112",-0.16862243754902,1.03433411490854,-0.103786838988086,-0.243054218882308
"113",-0.16862243754902,1.03133406855685,-0.186373704247411,-0.170043533635144
"114",-0.16862243754902,1.00997127856556,0.041880519671016,-0.135233152737919
"115",-0.16862243754902,1.01495837284182,-0.0750109572381676,-0.156569010011331
"116",-0.16862243754902,1.0239051607092,-0.188294472771616,-0.113696832192407
"117",-0.16862243754902,1.01291619498243,-0.15832540966649,-0.0305333049574762
"118",-0.16862243754902,1.00803139717799,-0.0764316794106532,-0.101417434788481
"119",-0.16862243754902,1.01085757190082,-0.130456759229617,-0.069383460857192
"120",-0.16862243754902,1.02328728148447,-0.070310885697282,-0.205361242205868
"121",-0.16862243754902,1.02748832287001,-0.155567593830017,-0.177569640941719
"122",-0.16862243754902,1.02663254792439,-0.147431839986601,-0.179550107256714
"123",-0.16862243754902,1.04729666415322,-0.277009106835201,-0.141761269311539
"124",-0.16862243754902,1.03027279952141,-0.208767622896538,-0.133709091178632
"125",-0.16862243754902,1.02211030710537,-0.177053627471575,-0.115591923983424
"126",-0.16862243754902,1.01625950805868,-0.132355648944048,-0.123553105635878
"127",-0.16862243754902,1.00601196784087,-0.0470253139930787,-0.0992406130720231
"128",-0.16862243754902,1.00540229792753,-0.0938948696087197,-0.0449169693894076
"129",-0.16862243754902,1.00871096269035,-0.126139677618795,0.0398319969611957
"130",-0.16862243754902,1.00821251534111,-0.0649304345343545,-0.110799434843422
"131",-0.16862243754902,1.00509498572264,-0.0943107157816165,-0.0363513302858187
"132",-0.16862243754902,1.01508777511937,-0.142358331443552,-0.100684143068337
"133",-0.16862243754902,1.01057587799314,-0.116139190177542,-0.0881776257704411
"134",-0.16862243754902,1.0144936817935,-0.122001390405295,-0.119637331707583
"135",-0.16862243754902,1.03462032049034,-0.150420745627606,-0.21866139772801
"136",-0.16862243754902,1.0099839520389,-0.0748977699424229,-0.120241038891711
"137",-0.16862243754902,1.02547317763544,-0.0708081603188221,-0.215827344148041
"138",-0.16862243754902,1.0133590416581,-0.123619403317107,-0.107771937134619
"139",-0.16862243754902,1.0426977344486,-0.0864065895229081,-0.282404792295128
"140",-0.16862243754902,1.02036862279452,-0.170140881509626,-0.110472651922174
"141",-0.16862243754902,1.02712131857657,-0.231752948300656,0.0356198544132791
"142",-0.16862243754902,1.00764975102582,-0.0910438756252042,-0.0840775442881799
"143",-0.16862243754902,1.00503552142779,-0.0755392251391478,-0.0662587714722828
"144",-0.16862243754902,1.01264233904203,-0.150428277147357,-0.0530644914701459
"145",-0.16862243754902,1.0008772098961,0.0415939747955945,-0.00501303801250482
"146",-0.16862243754902,1.00363269956366,-0.0440538806661622,-0.0730605997217014
"147",-0.16862243754902,1.00829631768624,-0.129061248068902,-0.00215835737031543
"148",-0.16862243754902,1.01946488038887,-0.184503239902082,-0.0725754559884296
"149",-0.16862243754902,1.00598395880734,-0.10832747050356,0.0163976983745495
"150",-0.16862243754902,1.02629325926819,-0.203456828245448,-0.109009967707666
"151",-0.16862243754902,1.01859605266389,-0.141517320566514,-0.132328252773707
"152",-0.16862243754902,1.00985972894678,-0.02653891025287,-0.138247453470426
"153",-0.16862243754902,1.00156274941094,-0.0335156462129843,-0.0447732338180526
"154",-0.16862243754902,1.00776517638235,-0.0618630963440658,-0.108460167986578
"155",-0.16862243754902,1.00831269305956,-0.102283349318068,-0.0789468393117147
"156",-0.16862243754902,1.03530295752028,-0.185508858513383,-0.193490767901986
"157",-0.16862243754902,1.04530833897604,-0.229095681465597,-0.200461198905566
"158",-0.16862243754902,1.0101088107993,-0.139838240220223,-0.0276600113249599
"159",-0.16862243754902,1.00670766723647,-0.11407794562062,-0.0211317201304346
"160",-0.16862243754902,1.03269039478827,-0.166342533907716,-0.196925399329569
"161",-0.16862243754902,1.02099480300602,-0.170115996080295,-0.116150487054099
"162",-0.16862243754902,1.00550862694716,-0.103832813976214,-0.0163200982519154
"163",-0.16862243754902,1.01512456790281,-0.0994951803395655,-0.143452422248891
"164",-0.16862243754902,1.00262647835231,-0.035583691413977,-0.0631953795660948
"165",-0.16862243754902,1.0170797151317,-0.141493654857352,-0.120127817625625
"166",-0.16862243754902,1.01097669431331,-0.148411358954599,0.00692423121472426
"167",-0.16862243754902,1.03329151068963,-0.126320785761122,-0.227451984269082
"168",-0.16862243754902,1.01314230929192,-0.123918159821682,-0.10536426597176
"169",-0.16862243754902,1.02407593097168,-0.205861018599844,-0.0797041618521121
"170",-0.16862243754902,1.00834555400262,-0.105468684940384,-0.0750807083996114
"171",-0.16862243754902,1.03440787060815,-0.0796525361754578,-0.252299655681308
"172",-0.16862243754902,1.0104708875022,-0.113481768780605,-0.0904063197122723
"173",-0.16862243754902,1.00389925265132,-0.0316251537616188,-0.0825442858314839
"174",-0.16862243754902,1.01200194516026,-0.11529274509269,-0.104189826456972
"175",-0.16862243754902,1.00774454519588,-0.123145531523271,0.0196022049245211
"176",-0.16862243754902,1.01871678941389,-0.104078276349458,-0.164169453388466
"177",-0.16862243754902,1.01678922892436,-0.0470498475633546,-0.177895047432092
"178",-0.16862243754902,1.01017151809849,-0.089311731947905,-0.111668753525163
"179",-0.16862243754902,1.04801199159848,-0.152196831904253,-0.274162832806564
"180",-0.16862243754902,1.03484572146009,-0.216966816779605,-0.154373144169486
"181",-0.16862243754902,1.00112660491235,-0.00341563963245465,-0.047358341073529
"182",-0.16862243754902,1.04889988783809,-0.230072732381657,-0.217387930946485
"183",-0.16862243754902,1.04454083121538,-0.235131384627674,-0.189152795483393
"184",-0.16862243754902,1.04080596061,-0.221399984558282,-0.185092124302757
"185",-0.16862243754902,1.01644411867797,-0.129950636293983,-0.127559705713905
"186",-0.16862243754902,1.03476758997997,-0.262090996719789,-0.0453020387111965
"187",-0.16862243754902,1.0026738088746,-0.073133468418608,-0.00250255872116574
"188",-0.16862243754902,1.02379482286984,-0.131878723510269,-0.175396241751033
"189",-0.16862243754902,1.01878582200319,-0.175639373700089,-0.0841151681978906
"190",-0.16862243754902,1.02287388957733,-0.163920331708016,-0.139287899085996
"191",-0.16862243754902,1.03405710372018,-0.214881775283094,-0.151986566529261
"192",-0.16862243754902,1.00031174207209,-0.0249035846416739,0.0018419552908716
"193",-0.16862243754902,1.01284082202163,-0.0737244979231288,-0.14286787308362
"194",-0.16862243754902,1.01269987462833,-0.13864054081404,-0.0796230903383911
"195",-0.16862243754902,1.0075942281327,-0.102994798944381,-0.0681043314095426
"196",-0.16862243754902,1.01442044904756,-0.100144404567925,-0.137912819127104
"197",-0.16862243754902,1.02875112131652,-0.196536677304217,-0.140364539981521
"198",-0.16862243754902,1.02773541829792,-0.185093458128452,-0.148258226692665
"199",-0.16862243754902,1.01944840150649,-0.186713882944447,-0.0664301832749687
"200",-0.16862243754902,1.02669830236095,-0.200032489352016,-0.118728291803138
"201",-0.16862243754902,1.0140474427821,0.0317827359722105,-0.165172860685515
"202",-0.16862243754902,1.02515441345892,-0.203073401424365,-0.0985026145248727
"203",-0.16862243754902,1.02188727408001,-0.197776877051471,-0.0716792008217557
"204",-0.16862243754902,1.00784298608903,-0.125484820387905,-0.00102198878446249
"205",-0.16862243754902,1.01517636738128,-0.147414186481412,-0.0940856764522141
"206",-0.16862243754902,1.02336165861055,-0.184925097760423,-0.114331940123625
"207",-0.16862243754902,1.00008329933774,0.00116757139287729,0.0128546641845758
"208",-0.16862243754902,1.01222157501727,-0.135912674270005,-0.0782321027662437
"209",-0.16862243754902,1.02967229924986,-0.130847330898022,-0.207615076136967
"210",-0.16862243754902,1.02340003883242,-0.158742229809246,-0.148823868910153
"211",-0.16862243754902,1.00463871307478,-0.0964244568221047,-0.00112602624474524
"212",-0.16862243754902,1.02928650191487,-0.131044113762068,-0.205567855640102
"213",-0.16862243754902,1.025553065707,-0.17878863837176,-0.140690132454978
"214",-0.16862243754902,1.02847078141235,-0.227285628835386,-0.0780601764271018
"215",-0.16862243754902,1.00453796018984,-0.0680643903165269,-0.0668113181519217
"216",-0.16862243754902,1.0143807376776,-0.134979446924573,-0.103676563789904
"217",-0.16862243754902,1.02079018387821,-0.0624829045239492,-0.195213949666406
"218",-0.16862243754902,1.03072622749776,-0.0935676269095251,-0.231606682214252
"219",-0.16862243754902,1.01557393458869,-0.0414846376959492,-0.172248197236389
"220",-0.16862243754902,1.00430366039739,-0.0581924716988137,-0.0723842422435701
"221",-0.16862243754902,1.01034738704303,-0.0611802209305791,-0.130609429489445
"222",-0.16862243754902,1.02675374301587,-0.228155196674426,-0.0465666729277395
"223",-0.16862243754902,1.02602598003108,-0.22778036902106,-0.029076024270358
"224",-0.16862243754902,1.01377338397909,-0.121912981558517,-0.11346232410771
"225",-0.16862243754902,1.00077357830873,-0.035671662936148,-0.0165917902662041
"226",-0.16862243754902,1.00717362447071,-0.101916566496051,-0.0633381662438419
"227",-0.16862243754902,1.03738159459663,-0.266075149956054,-0.0732433436137152
"228",-0.16862243754902,1.03318953600288,-0.15728909949237,-0.206738376908426
"229",-0.16862243754902,1.00753172873986,-0.103230021761438,-0.066811279172474
"230",-0.16862243754902,1.02723253060667,0.0490064241494698,-0.22979347755901
"231",-0.16862243754902,1.01436904892417,-0.150802876215183,-0.0787595069851624
"232",-0.16862243754902,1.00260906675754,-0.0689022030326339,-0.0218501066744417
"233",-0.16862243754902,1.00682764369175,-0.0575535017781738,-0.101928889599367
"234",-0.16862243754902,1.03944532172599,-0.21803710902722,-0.181401201608724
"235",-0.16862243754902,1.01678302711629,-0.0258402517273383,-0.182153796618248
"236",-0.16862243754902,1.00189879381055,-0.0572528962727235,-0.0228757274731282
"237",-0.16862243754902,1.02344174589996,-0.168161956296575,-0.13840001338609
"238",-0.16862243754902,1.01406303746189,-0.0755248646076267,-0.150398932085384
"239",-0.16862243754902,1.00913610638354,-0.122668529768038,-0.0575161978183268
"240",-0.16862243754902,1.00644052970278,-0.0966115875103535,-0.0599061014183742
"241",-0.16862243754902,1.04914818043493,-0.228767894125998,-0.219948073706222
"242",-0.16862243754902,1.02926507777355,-0.205591664775798,-0.130838326567228
"243",-0.16862243754902,1.01196043363757,-0.0417180603821772,-0.149410584249902
"244",-0.16862243754902,1.0204354773349,-0.160885232415971,-0.12411488788281
"245",-0.16862243754902,1.01141796316452,-0.035852582490166,-0.14724431581781
"246",-0.16862243754902,1.01271813903104,-0.0286278307669288,-0.157411805237345
"247",-0.16862243754902,1.01221761474907,-0.152696594966372,-0.0356124907017292
"248",-0.16862243754902,1.01903879140654,-0.13796947857508,-0.139299969034535
"249",-0.16862243754902,1.01454192133328,-0.152733138312646,-0.0772521753984945
"250",-0.16862243754902,1.02989958700713,-0.196692780082279,-0.148341193135821
"251",-0.16862243754902,1.03922970224075,-0.160272730101695,-0.233047261312249
"252",-0.16862243754902,1.00910637472243,-0.079757679911305,-0.109244624584556
"253",-0.16862243754902,1.03296811809099,-0.0325305013360482,-0.256836328184445
"254",-0.16862243754902,1.03576132040423,-0.163271580521075,-0.214811321488588
"255",-0.16862243754902,1.02957300891539,-0.123070171235848,-0.211835581617136
"256",-0.16862243754902,1.01705090144069,-0.165000391606614,-0.0846605391606982
"257",-0.16862243754902,1.03138429471396,-0.187224164720827,-0.169412737204718
"258",-0.16862243754902,1.01785560856764,-0.1752077894129,-0.0730223967125569
"259",-0.16862243754902,1.03963184928547,-0.120465104919809,-0.257531630184287
"260",-0.16862243754902,1.04345991029434,-0.297827666501609,0.0103569038653306
"261",-0.16862243754902,1.00537098831938,-0.103773264239363,-0.00139060540835379
"262",-0.16862243754902,1.00822887314128,-0.103924380750689,-0.0756649438070123
"263",-0.16862243754902,1.00021485271102,0.0180287699843697,0.0102330365279991
"264",-0.16862243754902,1.02952881034341,-0.150877558556939,-0.192783644666824
"265",-0.16862243754902,1.01987208206868,-0.104035953216186,-0.171217943631806
"266",-0.16862243754902,1.00057533191182,-0.0234364929512849,-0.0245300963836823
"267",-0.16862243754902,1.02328225044342,-0.119432224623303,-0.181225019779511
"268",-0.16862243754902,1.01433403882007,-0.149180726026808,-0.0813551061160428
"269",-0.16862243754902,1.02617915879799,-0.0572595608565677,-0.223080722255135
"270",-0.16862243754902,1.02354860373735,-0.103302993367705,-0.192302459094888
"271",-0.16862243754902,1.00760665026416,0.00521201781861715,-0.123466580607114
"272",-0.16862243754902,1.02219695371885,-0.15145815696579,-0.148145330269396
"273",-0.16862243754902,1.03246039559731,-0.177093396237496,-0.186044074041665
"274",-0.16862243754902,1.01741256731003,-0.0989265248450273,-0.159191315097482
"275",-0.16862243754902,1.01206112207984,-0.075828985128115,-0.136079681951207
"276",-0.16862243754902,1.03237507979447,-0.247786416731506,0.066333981216293
"277",-0.16862243754902,1.00683563581864,0.0158213483675055,-0.11605034463612
"278",-0.16862243754902,1.01681711106457,-0.119667038875158,-0.139988703689108
"279",-0.16862243754902,1.02348472551566,-0.109239087637314,-0.188647303442232
"280",-0.16862243754902,1.02379081355141,-0.196271977858223,-0.0981067817221878
"281",-0.16862243754902,1.00488641809655,-0.0917877524381117,-0.0370367625107451
"282",-0.16862243754902,1.00952228182876,0.0459483112663076,-0.130476013889627
"283",-0.16862243754902,1.03780654789709,-0.248044065876883,-0.124565533922282
"284",-0.16862243754902,1.03098019351434,-0.241373090193904,-0.0682582650608483
"285",-0.16862243754902,1.00297551892576,-0.0542326884837886,-0.0549427617089672
"286",-0.16862243754902,1.01801205564847,0.0105950401947947,-0.19035832151207
"287",-0.16862243754902,1.01943971985511,-0.0922139186445562,-0.175368000577325
"288",-0.16862243754902,1.00799078668945,-0.108955400832501,-0.0646076363927002
"289",-0.16862243754902,1.0385872560116,-0.0915739050564791,-0.265099430897922
"290",-0.16862243754902,1.02968337117666,-0.154509889271852,-0.190721102647106
"291",-0.16862243754902,1.03400367733914,-0.101383812039889,-0.242662167234878
"292",-0.16862243754902,1.02860989093789,-0.204404446717963,-0.127503450530482
"293",-0.16862243754902,1.01478255959145,-0.169844229552148,0.0306036098983408
"294",-0.16862243754902,1.03345155130723,-0.0773504669636162,-0.249076321957399
"295",-0.16862243754902,1.00965739558626,-0.098228825586341,-0.0987884319439896
"296",-0.16862243754902,1.01142527949703,-0.0983672932833645,-0.11534717862935
"297",-0.16862243754902,1.01985708645949,-0.101635609999017,-0.17256500103371
"298",-0.16862243754902,1.03081074588213,-0.0387197139755154,-0.247126642788115
"299",-0.16862243754902,1.04340023748325,-0.208815861735056,-0.212320492341033
"300",-0.16862243754902,1.00700990902749,-0.0842018542276831,-0.0835404370600152
"301",-0.16862243754902,1.00435311717639,-0.0076063192136705,-0.0930984848961627
"302",-0.16862243754902,1.05763709980002,-0.305821948371017,-0.158332469089452
"303",-0.16862243754902,1.01703319494017,-0.0622483654258653,-0.17458997855552
"304",-0.16862243754902,1.02711739261423,-0.199233788074441,-0.123596261675486
"305",-0.16862243754902,1.00457077580117,-0.0183130374375022,-0.0939525212731269
"306",-0.16862243754902,1.02347019758499,-0.111201892406413,-0.187417673846106
"307",-0.16862243754902,1.01687914681759,-0.160011606068704,-0.091866670538214
"308",-0.16862243754902,1.03991125325577,-0.11317575148558,-0.261928738254626
"309",-0.16862243754902,1.00124879491408,-0.0483610257514679,0.0126633528407827
"310",-0.16862243754902,1.00750124319383,-0.122312413444006,0.00992111660131467
"311",-0.16862243754902,1.01936567876051,-0.163587412008956,-0.111110511055808
"312",-0.16862243754902,1.05215509657879,-0.130400983207682,-0.300043214946106
"313",-0.16862243754902,1.02146536832893,-0.0494631977423072,-0.202348438996845
"314",-0.16862243754902,1.00752614274787,-0.122898899284349,-0.00218834985863441
"315",-0.16862243754902,1.02143209803981,-0.206311684759772,-0.0275503110253395
"316",-0.16862243754902,1.02400131805298,-0.212224727664657,-0.0594925570294722
"317",-0.16862243754902,1.00349797270173,-0.0466455495190203,-0.0695152783677734
"318",-0.16862243754902,1.01685888079738,-0.162536534772957,-0.0870853507801236
"319",-0.16862243754902,1.00108703601183,-0.0465551847354417,0.00280507490246659
"320",-0.16862243754902,1.0040568634196,-0.0469552159862219,-0.0769765722262446
"321",-0.16862243754902,1.00978202342925,-0.0982430762978952,-0.100040155939504
"322",-0.16862243754902,1.02076108771332,-0.197550644302343,-0.0541012118664235
"323",-0.16862243754902,1.01103723802235,-0.145328695003501,-0.0328004127479354
"324",-0.16862243754902,1.04087085293236,-0.281114992426987,-0.066230608610553
"325",-0.16862243754902,1.02005086295668,-0.182665334935603,-0.0844815863459986
"326",-0.16862243754902,1.02667339267151,-0.231687369686784,-0.0194735191286457
"327",-0.16862243754902,1.02820713289197,-0.215623546782647,-0.103520018367431
"328",-0.16862243754902,1.02010208993615,-0.115586246690788,-0.165069965372366
"329",-0.16862243754902,1.00871641465848,-0.0385503698870459,-0.126580702253687
"330",-0.16862243754902,1.00534527700385,-0.0411009441936498,-0.0950254617475572
"331",-0.16862243754902,1.0195660264559,-0.197381563216928,0.0235669430581489
"332",-0.16862243754902,1.0133105824872,0.0137360347260292,-0.163124669901772
"333",-0.16862243754902,1.0214125590931,-0.116062504916422,-0.17266473532727
"334",-0.16862243754902,1.01625435889695,-0.178268300131854,0.0315172198195634
"335",-0.16862243754902,1.00000875329626,0.00416014996478515,-0.00044701387336091
"336",-0.16862243754902,1.01829657782622,-0.15747366114932,-0.110136126937636
"337",-0.16862243754902,1.0126114666708,-0.0541839035028024,-0.149820182333304
"338",-0.16862243754902,1.02192535002611,-0.20179887802054,-0.060071905710146
"339",-0.16862243754902,1.03433501596101,-0.147856198737491,-0.219060424855683
"340",-0.16862243754902,1.02968432938482,-0.0846549490373494,-0.230398259073615
"341",-0.16862243754902,1.01549652979464,-0.122448375841235,-0.127434678478063
"342",-0.16862243754902,1.0186654246173,-0.098557442135059,-0.16722941700114
"343",-0.16862243754902,1.03462053160505,-0.228869747289078,-0.134381111747693
"344",-0.16862243754902,1.02354794734721,-0.15362916889676,-0.155075720158804
"345",-0.16862243754902,1.0152017532737,-0.0622784041002387,-0.163572614556122
"346",-0.16862243754902,1.02603965322504,-0.129157236052055,-0.189936248161224
"347",-0.16862243754902,1.01066217598682,-0.0861824087226833,-0.118366491868145
"348",-0.16862243754902,1.01411208878534,-0.0570741065918906,-0.158637558532952
"349",-0.16862243754902,1.04496597579188,-0.262063013561944,-0.152567583337735
"350",-0.16862243754902,1.00467814203122,-0.0832785911467392,-0.0494251487798441
"351",-0.16862243754902,1.00613118014081,-0.0866211811619306,-0.0692583758519727
"352",-0.16862243754902,1.01252666970448,-0.11483205526378,-0.109653344439359
"353",-0.16862243754902,1.01798934326635,-0.108254425108248,-0.156790568748054
"354",-0.16862243754902,1.03179949779966,-0.246482756153263,0.0621003589258443
"355",-0.16862243754902,1.01285153232593,-0.147882764243513,-0.0632369715806223
"356",-0.16862243754902,1.01797861632214,-0.133689587642502,-0.135674453914952
"357",-0.16862243754902,1.00897040646755,-0.091307487726433,-0.0984084539680354
"358",-0.16862243754902,1.03026181894653,-0.057114077273089,-0.241199912430046
"359",-0.16862243754902,1.03019270915607,-0.194742594174256,-0.152880149177732
"360",-0.16862243754902,1.00948176148571,-0.110066473666,-0.0832994486598311
"361",-0.16862243754902,1.02219759359285,-0.170026856350198,-0.126407232651814
"362",-0.16862243754902,1.0233284772399,-0.0257205547310432,-0.215730446146239
"363",-0.16862243754902,1.00440655413025,-0.0933347317982994,-0.0110069895951454
"364",-0.16862243754902,1.02195523652035,-0.185816046423291,-0.0993222147506608
"365",-0.16862243754902,1.01607820848856,-0.165564746511378,-0.0707335880466407
"366",-0.16862243754902,1.02675782114305,-0.152581006585923,-0.175927995804096
"367",-0.16862243754902,1.02119661224705,-0.0690684726482195,-0.19512064716705
"368",-0.16862243754902,1.01241904439405,-0.116282892883161,-0.107100934984197
"369",-0.16862243754902,1.01666535163927,-0.134641586277778,-0.124418971497113
"370",-0.16862243754902,1.02953102996849,-0.104743455425911,-0.221275733449059
"371",-0.16862243754902,1.02222536600636,-0.0843815024748193,-0.194485117546128
"372",-0.16862243754902,1.01624946528358,-0.0390339369185411,-0.176746506211041
"373",-0.16862243754902,1.0008391903424,-0.0240821396931823,-0.0331532121073621
"374",-0.16862243754902,1.02280350424062,-0.15974327251903,-0.143558681979891
"375",-0.16862243754902,1.00847334445477,-0.0650860135758447,-0.113058822356271
"376",-0.16862243754902,1.00054503179475,-0.0188275005025797,-0.0271272164805117
"377",-0.16862243754902,1.01987700293427,-0.170122082743425,-0.105865849438019
"378",-0.16862243754902,1.0071049056175,-0.0466663367208016,-0.109920625616387
"379",-0.16862243754902,1.00006050474521,-0.00629649669322746,-0.0090203814020795
"380",-0.16862243754902,1.02574184521523,-0.00585976161250534,-0.228280520893477
"381",-0.16862243754902,1.0190372056701,-0.029810970352625,-0.19377340526131
"382",-0.16862243754902,1.00608567531721,-0.0857511436821252,0.0696787445043011
"383",-0.16862243754902,1.03318503907674,-0.142485682859031,-0.217184610762839
"384",-0.16862243754902,1.01290940513187,-0.050947686250839,-0.152937229837237
"385",-0.16862243754902,1.00985738162551,-0.137007532183254,-0.0322624758593627
"386",-0.16862243754902,1.02586220601552,-0.220367171770506,-0.0618997200065799
"387",-0.16862243754902,1.01627811353778,-0.0944568405623482,-0.154593367667855
"388",-0.16862243754902,1.00813196330514,-0.117555861108774,-0.0501066358524739
"389",-0.16862243754902,1.02025996205497,-0.0752836437423421,-0.187783820275574
"390",-0.16862243754902,1.00664749398205,-0.109614173835059,-0.0363855745427745
"391",-0.16862243754902,1.00484890106159,-0.0802170386539774,-0.0573283583775589
"392",-0.16862243754902,1.00342361294789,-0.0824562374682482,0.00774053770614165
"393",-0.16862243754902,1.03574382508108,-0.20923133226153,-0.170257219505256
"394",-0.16862243754902,1.01250182199462,-0.0453388235998407,-0.152001087552082
"395",-0.16862243754902,1.01041091724228,-0.1005755586042,-0.103994128170038
"396",-0.16862243754902,1.00979695095494,-0.0294785990419553,-0.137189264727318
"397",-0.16862243754902,1.03391145591445,-0.175708742099309,-0.19519051365529
"398",-0.16862243754902,1.00639351418656,-0.0874014912744766,-0.0720339136779908
"399",-0.16862243754902,1.01875884573304,-0.136340428837413,-0.138855584056785
"400",-0.16862243754902,1.00696466412006,-0.10210723602569,-0.0595982142150908
"401",-0.16862243754902,1.02076641056055,-0.169049517043712,-0.115699290040863
"402",-0.16862243754902,1.02415329402335,-0.221089328865706,0.00307868812823136
"403",-0.16862243754902,1.03499294132287,-0.193255400003668,-0.184018311473593
"404",-0.16862243754902,1.02496409130226,-0.157126608984881,-0.160818584771711
"405",-0.16862243754902,1.00742968456927,-0.0980494504752162,-0.0728071055106677
"406",-0.16862243754902,1.01012537843416,-0.0249153345856389,-0.140472439500566
"407",-0.16862243754902,1.01877948880887,-0.119749928776426,-0.153530457485495
"408",-0.16862243754902,1.00954412099012,-0.132337175420219,-0.0408191649537006
"409",-0.16862243754902,1.0130243240648,-0.135111566542518,-0.089236459664019
"410",-0.16862243754902,1.03116423826976,-0.156319045944394,-0.197139651418704
"411",-0.16862243754902,1.0161641896095,-0.162458662953463,-0.0787200297009134
"412",-0.16862243754902,1.01707291993693,-0.154026350422091,-0.103504627165598
"413",-0.16862243754902,1.00042172484333,0.0290030130801399,0.00156613242563695
"414",-0.16862243754902,1.01931075764721,-0.148585745889875,-0.130064202506588
"415",-0.16862243754902,1.02660510237744,-0.218836095266885,-0.0776453452291071
"416",-0.16862243754902,1.00288288551225,-0.0374333529654642,-0.0661273478912805
"417",-0.16862243754902,1.00165700544048,0.00656136685164787,-0.057216300238913
"418",-0.16862243754902,1.01439472646622,-0.142021818152446,-0.0939492642395179
"419",-0.16862243754902,1.01167392479353,-0.122165929504227,-0.0925181915923062
"420",-0.16862243754902,1.0084867400139,-0.0659515987280942,-0.112676046296734
"421",-0.16862243754902,1.0217821915829,-0.0775132585936485,-0.195014209169878
"422",-0.16862243754902,1.02325858047493,-0.146055845605206,-0.160392682127684
"423",-0.16862243754902,1.02196368056317,-0.122298591200934,-0.171618236153614
"424",-0.16862243754902,1.03978112993427,-0.279246102800223,-0.0562708826860253
"425",-0.16862243754902,1.00691265266012,0.00345798721680967,-0.117733310543153
"426",-0.16862243754902,1.00290067865403,-0.0347048260341955,-0.0678627017930102
"427",-0.16862243754902,1.02192187972482,-0.142423899229214,-0.155047609425831
"428",-0.16862243754902,1.01473914046804,-0.092387962303397,-0.1454647298119
"429",-0.16862243754902,1.04216856048793,-0.24851057075399,-0.156069871189222
"430",-0.16862243754902,1.01615892298266,-0.170619300449448,-0.0588898214586018
"431",-0.16862243754902,1.00368814740458,-0.0715326338160905,-0.0476757751879556
"432",-0.16862243754902,1.04625704739648,-0.104409464996035,-0.289400194965453
"433",-0.16862243754902,1.01449290044826,-0.0532987432349348,-0.162342505307428
"434",-0.16862243754902,1.01294693107609,-0.0245210051744815,-0.159562544106409
"435",-0.16862243754902,1.01827813124137,-0.181209965329622,-0.0636655403625237
"436",-0.16862243754902,1.03887791183821,-0.109770682238461,-0.259263790426326
"437",-0.16862243754902,1.02018480024268,-0.191841174526228,-0.0630395939278207
"438",-0.16862243754902,1.00285318749192,-0.0142170803269123,-0.0742454731932181
"439",-0.16862243754902,1.02548711442653,-0.218874522993861,-0.0609734781611371
"440",-0.16862243754902,1.00185932240775,-0.0608225703602684,-0.0047662175869907
"441",-0.16862243754902,1.0080523342351,-0.0760935063546537,-0.101878785070705
"442",-0.16862243754902,1.01473719128457,-0.141307090013392,-0.098609703822898
"443",-0.16862243754902,1.01630913019738,-0.147344017381619,-0.105707088997878
"444",-0.16862243754902,1.01393639364144,-0.108503255890127,-0.127648164153848
"445",-0.16862243754902,1.01071938310356,-0.0303957671370824,-0.143630667760729
"446",-0.16862243754902,1.00102999776416,-0.0414192196661663,-0.0185877558076563
"447",-0.16862243754902,1.02453234910544,-0.207222823932509,-0.0820075338304778
"448",-0.16862243754902,1.02189466161481,-0.18694460737263,-0.0965422871654666
"449",-0.16862243754902,1.00485186795249,-0.0981688550707066,-0.00949486291171754
"450",-0.16862243754902,1.01653310822307,-0.0703951483420438,-0.168475764439751
"451",-0.16862243754902,1.01016358093693,-0.130763157151337,-0.0577187749622437
"452",-0.16862243754902,1.0213197802069,-0.123929338478857,-0.166540122811479
"453",-0.16862243754902,1.01576547400934,-0.177214790233148,-0.0193498401038501
"454",-0.16862243754902,1.00261701519014,-0.0553070434469577,-0.0467119909010178
"455",-0.16862243754902,1.00019493826157,-0.0190851130858116,-0.00506685134659068
"456",-0.16862243754902,1.03249891501952,-0.197332700362563,-0.164662730707674
"457",-0.16862243754902,1.01865270232882,-0.0763337021274072,-0.178399814689758
"458",-0.16862243754902,1.00256099749102,0.0142287075971303,-0.0701861636671056
"459",-0.16862243754902,1.00785854521919,-0.0910726890293206,-0.0865136549008864
"460",-0.16862243754902,1.0178938035654,-0.123782107748468,-0.144172761429384
"461",-0.16862243754902,1.03370607630154,-0.117625088230158,-0.233907226911813
"462",-0.16862243754902,1.03589734027557,-0.160043993621832,-0.217874320872341
"463",-0.16862243754902,1.02319200715014,0.00748685795810071,-0.21648517375066
"464",-0.16862243754902,1.01000141647484,-0.131673112700604,-0.0525837681506919
"465",-0.16862243754902,1.01226938313865,-0.142058813642715,-0.0671460907746809
"466",-0.16862243754902,1.04296795276161,-0.257059769080031,-0.147317431447442
"467",-0.16862243754902,1.00702540320171,-0.118275649505938,0.0105372400329587
"468",-0.16862243754902,1.01417008797982,-0.167567482682198,-0.0214966532408264
"469",-0.16862243754902,1.00001610254123,-0.00212875173744178,0.00526058530895999
"470",-0.16862243754902,1.03644972434805,-0.168892435456815,-0.213783480060111
"471",-0.16862243754902,1.01024089870679,-0.0369191991709729,-0.138649364053668
"472",-0.16862243754902,1.02074228306948,-0.105860523647887,-0.175238003808791
"473",-0.16862243754902,1.00144320664127,-0.0090713564675786,0.0529736408017446
"474",-0.16862243754902,1.00373733139434,-0.0865229534489676,-0.00155208282886801
"475",-0.16862243754902,1.00866094616562,-0.12335175525748,-0.0467038413262637
"476",-0.16862243754902,1.00241363480305,-0.0666874439555205,-0.0196438300168842
"477",-0.16862243754902,1.00990547024438,-0.136980803839352,-0.0338425502740819
"478",-0.16862243754902,1.01603889738521,-0.178062774631583,-0.0250736772383925
"479",-0.16862243754902,1.02827073684646,0.0458043050439735,-0.235037601022071
"480",-0.16862243754902,1.01337613607772,-0.133718342288302,-0.0951346314833647
"481",-0.16862243754902,1.03574936977273,-0.1224275628743,-0.240391865156195
"482",-0.16862243754902,1.02157076996683,-0.144870768316109,-0.150397136070203
"483",-0.16862243754902,1.01654843427556,-0.114703342720497,-0.14217546341346
"484",-0.16862243754902,1.03620474804801,-0.195767613626391,-0.188136443392206
"485",-0.16862243754902,1.01737511769098,-0.14083583508836,-0.123358816676026
"486",-0.16862243754902,1.02831653325632,0.0148604046430222,-0.239194608932007
"487",-0.16862243754902,1.00769679536302,-0.111765909573271,-0.0544170271344868
"488",-0.16862243754902,1.0260765678886,-0.145713501935816,-0.177765853086708
"489",-0.16862243754902,1.00933440702067,-0.04463298715296,-0.129475254985537
"490",-0.16862243754902,1.02610027026325,-0.140154333619767,-0.182314364222657
"491",-0.16862243754902,1.01276045652888,-0.134492573586592,-0.0871521081709103
"492",-0.16862243754902,1.01981488007229,-0.0840518938334456,-0.181542470953419
"493",-0.16862243754902,1.02700012655903,-0.191929116303095,-0.133762753662545
"494",-0.16862243754902,1.04029319500526,-0.151431371907833,-0.243471705083706
"495",-0.16862243754902,1.01798540683253,-0.0706481646929524,-0.176926892668976
"496",-0.16862243754902,1.00675037916923,-0.102428545818369,-0.0552695120200227
"497",-0.16862243754902,1.00702114715156,-0.065240866115375,-0.0991726786920176
"498",-0.16862243754902,1.03239078215558,-0.233623026316458,-0.106070771914564
"499",-0.16862243754902,1.02071823934349,-0.186340421121056,-0.0845161025183872
"500",-0.16862243754902,1.02192442208259,-0.126190153597583,-0.168539519353351
"501",-0.16862243754902,1.02568482550483,-0.053993376681136,-0.221616959065504
"502",-0.16862243754902,1.01078347035879,-0.0432891022476528,-0.140745435368772
"503",-0.16862243754902,1.01533396663632,-0.168069964988866,-0.0515320354156678
"504",-0.16862243754902,1.02058947024224,-0.0754601108938147,-0.189495747797205
"505",-0.16862243754902,1.01371215806899,-0.128260677531886,-0.105648180372217
"506",-0.16862243754902,1.02847202349352,-0.20069691497752,-0.132194748108123
"507",-0.16862243754902,1.03031820287723,-0.189225917950463,-0.160465420436814
"508",-0.16862243754902,1.01418443690034,-0.134457717075709,-0.102426531570935
"509",-0.16862243754902,1.02978003216749,-0.22720197564901,-0.0939477350023417
"510",-0.16862243754902,1.03375450646541,-0.0560770103288824,-0.255937001135294
"511",-0.16862243754902,1.01002031830641,-0.10466584304587,-0.0958441687911716
"512",-0.16862243754902,1.01961819160955,-0.155077965945265,-0.124788145027541
"513",-0.16862243754902,1.02081749431684,-0.135597853226044,-0.15388820261413
"514",-0.16862243754902,1.01335027840654,-0.150662034007017,-0.0646508952410892
"515",-0.16862243754902,1.01640209587391,-0.106389680918971,-0.147493919504651
"516",-0.16862243754902,1.01098365706201,-0.137002950412642,-0.0576033542835583
"517",-0.16862243754902,1.01843055513681,-0.118584077665219,-0.152113813181284
"518",-0.16862243754902,1.01255409319247,-0.104337795273116,-0.119914203155259
"519",-0.16862243754902,1.01791328725441,-0.184685159601246,-0.0451536509281301
"520",-0.16862243754902,1.0368533723604,-0.142345845320622,-0.234099500416139
"521",-0.16862243754902,1.00213941740238,-0.065261528086839,-0.00493405141458736
"522",-0.16862243754902,1.00678444365827,-0.0786602663027144,-0.0861828201991311
"523",-0.16862243754902,1.01328034802385,-0.159311521546327,-0.0368361614984243
"524",-0.16862243754902,1.00408435271943,-0.0678173152241356,-0.0598848823309662
"525",-0.16862243754902,1.02048595440533,-0.184401652148449,-0.0859512293307738
"526",-0.16862243754902,1.0254208205194,-0.0896226475902166,-0.208460164524556
"527",-0.16862243754902,1.01547708829108,-0.141956096609183,-0.105081794234852
"528",-0.16862243754902,1.01215378076202,-0.107157878073832,-0.113896729880888
"529",-0.16862243754902,1.00770425326412,-0.0472035163976312,-0.11506385221391
"530",-0.16862243754902,1.03087072583542,-0.0904545052560764,-0.233478983772247
"531",-0.16862243754902,1.00429941137317,-0.067004488172757,-0.0642472275604686
"532",-0.16862243754902,1.01269419398722,-0.092039245908434,-0.130683999586942
"533",-0.16862243754902,1.01236619702922,-0.108749401442114,-0.114275476692925
"534",-0.16862243754902,1.0141175178691,-0.138699737811742,-0.0958995452540912
"535",-0.16862243754902,1.02875848311805,-0.213666439745095,-0.112652869976774
"536",-0.16862243754902,1.0186083858051,-0.18207014909161,-0.0664342113842006
"537",-0.16862243754902,1.00217494574336,-0.0329210064695553,-0.0571911637295168
"538",-0.16862243754902,1.00697715879292,-0.114288344451341,-0.030678537338395
"539",-0.16862243754902,1.01437065857795,-0.154782157219635,-0.0706421743033731
"540",-0.16862243754902,1.00585319997089,-0.0603720605121228,-0.0899770759760843
"541",-0.16862243754902,1.01407155412224,-0.166200025270246,-0.0268079928390535
"542",-0.16862243754902,1.02425072932668,-0.191742740268641,-0.111014765146363
"543",-0.16862243754902,1.00141745239736,-0.0384646216698189,-0.0368427312479676
"544",-0.16862243754902,1.03166066328929,-0.132256904650423,-0.216406643499652
"545",-0.16862243754902,1.01016291235575,-0.11873425135276,-0.0795693851600709
"546",-0.16862243754902,1.0001310467258,-0.0106236633734855,0.0122167262949294
"547",-0.16862243754902,1.02587041510499,-0.184069970977857,-0.136118897923486
"548",-0.16862243754902,1.0191269939692,-0.177267872898022,-0.0848288339830051
"549",-0.16862243754902,1.02739738116903,-0.207998994732504,-0.110823269322188
"550",-0.16862243754902,1.02517379815884,-0.167705693893256,-0.151182395361409
"551",-0.16862243754902,1.0182545456791,-0.127702182902052,-0.14329854248456
"552",-0.16862243754902,1.02057226429024,-0.0114501565560421,-0.203559918828209
"553",-0.16862243754902,1.02248243969414,-0.0254856833172853,-0.2117092804502
"554",-0.16862243754902,1.02692531117751,-0.218632092197899,-0.0823140510374903
"555",-0.16862243754902,1.03101432405255,-0.233580204498093,-0.0918195211714681
"556",-0.16862243754902,1.01025178616101,-0.135887143890505,-0.0462963882693944
"557",-0.16862243754902,1.03471641932154,-0.244982161042625,-0.103062161749499
"558",-0.16862243754902,1.03413508309152,-0.198888000577363,-0.172855238008726
"559",-0.16862243754902,1.01171224725158,-0.117602766558044,-0.0986471516909958
"560",-0.16862243754902,1.01487218684012,0.0177208705231304,-0.172196185699765
"561",-0.16862243754902,1.02096464441681,-0.104859346789203,-0.177125160663528
"562",-0.16862243754902,1.02234899928835,-0.0667501981926498,-0.201846197356122
"563",-0.16862243754902,1.03109831620303,-0.163178880724541,-0.191144946473121
"564",-0.16862243754902,1.01418544230191,-0.134607532526737,-0.102239540121135
"565",-0.16862243754902,1.04326093500276,-0.165987919071496,-0.246660473576828
"566",-0.16862243754902,1.02342233113637,-0.107716284232112,-0.189183693747175
"567",-0.16862243754902,1.04179321538248,-0.246015569836601,-0.157510136229188
"568",-0.16862243754902,1.01760292896499,-0.0886226354182974,-0.166318217672168
"569",-0.16862243754902,1.00978541554584,-0.0668560433576262,-0.123275524398221
"570",-0.16862243754902,1.00953025006559,-0.0576371087518517,-0.125814504299883
"571",-0.16862243754902,1.02843717208194,-0.143137923131221,-0.192858891113627
"572",-0.16862243754902,1.01559787369527,-0.0847340567734473,-0.155753589612138
"573",-0.16862243754902,1.04526457842875,-0.287497219487617,-0.0996162020191422
"574",-0.16862243754902,1.05155844682717,-0.170888723333915,-0.276716843236699
"575",-0.16862243754902,1.02066733632074,-0.137443858390786,-0.151231601270148
"576",-0.16862243754902,1.01241645998622,-0.0700647200916674,-0.141696942272944
"577",-0.16862243754902,1.03546154100351,-0.197938840016525,-0.181661274107296
"578",-0.16862243754902,1.02340238071067,-0.130766275889276,-0.173932785679758
"579",-0.16862243754902,1.03184430623091,-0.189426198081399,-0.169765684935349
"580",-0.16862243754902,1.01183848537345,-0.126538511510967,-0.0883466218224289
"581",-0.16862243754902,1.01430085268385,-0.081718731710965,-0.148755734822995
"582",-0.16862243754902,1.00616208891638,-0.0799127816215154,-0.0773052165515795
"583",-0.16862243754902,1.01212656708237,-0.0652254468227121,-0.141936002764367
"584",-0.16862243754902,1.0085667546803,-0.00689897203358782,-0.130993522096447
"585",-0.16862243754902,1.01556726713823,-0.158748666662217,-0.0785858442442074
"586",-0.16862243754902,1.01266537391147,-0.159421405254735,0.00871636769857292
"587",-0.16862243754902,1.00002323724968,0.0027142531873819,-0.00625362846449315
"588",-0.16862243754902,1.02129691946721,-0.0835344659719114,-0.189919432149535
"589",-0.16862243754902,1.00999476712032,-0.0566494133384806,-0.129924106996464
"590",-0.16862243754902,1.00306130045167,-0.0595677714200435,-0.0508296475675767
"591",-0.16862243754902,1.00585643399805,-0.10172187375471,-0.037414251497277
"592",-0.16862243754902,1.04414596208775,-0.130643531051462,-0.270505190224788
"593",-0.16862243754902,1.02305960463488,-0.194488158351568,-0.0939431258617935
"594",-0.16862243754902,1.01850833819488,-0.0478941019012435,-0.187257549849336
"595",-0.16862243754902,1.03070579148019,-0.156828984337642,-0.194317004563256
"596",-0.16862243754902,1.02637915222406,-0.185658045103448,-0.13778698925711
"597",-0.16862243754902,1.0227640727699,-0.108645018131654,-0.185047584647965
"598",-0.16862243754902,1.03613138988032,-0.165421980049088,-0.214950751596649
"599",-0.16862243754902,1.03409762626718,-0.218231225616089,-0.147421276678495
"600",-0.16862243754902,1.02539623748284,-0.0484153218340225,-0.221570305897871
"601",-0.16862243754902,1.00436163190603,-0.062217334766702,-0.0697946337441156
"602",-0.16862243754902,1.00935092566552,-0.135984039005189,-0.0172520224227893
"603",-0.16862243754902,1.0262604208324,-0.0142276186889555,-0.230234719869803
"604",-0.16862243754902,1.01206459016359,-0.0536290174811576,-0.146282819042417
"605",-0.16862243754902,1.01307650313632,-0.110195219162014,-0.119084066443652
"606",-0.16862243754902,1.01720172510146,-0.163997540194353,-0.0883411362820109
"607",-0.16862243754902,1.00989541085223,-0.00295910492616159,-0.140996399097365
"608",-0.16862243754902,1.01893130620277,-0.100080120839709,-0.167943371922778
"609",-0.16862243754902,1.00408105641752,-0.0282896460877226,-0.0858979847304754
"610",-0.16862243754902,1.01786595999305,-0.135648729072304,-0.132855315338308
"611",-0.16862243754902,1.02143939944367,-0.111160250006195,-0.17601660590526
"612",-0.16862243754902,1.02993710795171,-0.189380402632613,-0.157814794726746
"613",-0.16862243754902,1.02488543810544,-0.159114066871818,-0.15834416618269
"614",-0.16862243754902,1.00563682850689,-0.0861546630770957,-0.0623121567550205
"615",-0.16862243754902,1.02537352894758,-0.22515278436266,-0.0264026051775283
"616",-0.16862243754902,1.02005003387949,-0.0878410229641367,-0.181069120233604
"617",-0.16862243754902,1.03877433806792,-0.187364588783565,-0.209634530310285
"618",-0.16862243754902,1.01448640174264,-0.168036572628857,-0.030763120450887
"619",-0.16862243754902,1.01791271610995,-0.124841887503151,-0.143390378836864
"620",-0.16862243754902,1.01552716252528,-0.173759660339928,-0.0332114176934424
"621",-0.16862243754902,1.03535002526844,-0.213492625537704,-0.162390189557079
"622",-0.16862243754902,1.02107474457641,-0.17602342510059,-0.107746869224304
"623",-0.16862243754902,1.02131726063377,-0.125056210195883,-0.16568008679353
"624",-0.16862243754902,1.03237919280804,-0.204934951145718,-0.154299914263992
"625",-0.16862243754902,1.01892495492177,-0.119966100153278,-0.154324977162917
"626",-0.16862243754902,1.01682007449939,-0.00890730192962266,-0.183966637946315
"627",-0.16862243754902,1.02354590641818,-0.217959348824152,0.0118298269459907
"628",-0.16862243754902,1.03013519742056,-0.151327171392612,-0.195649206906173
"629",-0.16862243754902,1.03230959240975,-0.254616901657198,-0.0288674205927347
"630",-0.16862243754902,1.00867516246386,-0.104967993800224,-0.0800456347907261
"631",-0.16862243754902,1.02387222193427,-0.131945917415315,-0.175797046977638
"632",-0.16862243754902,1.02388774839398,-0.149371731128269,-0.161351192282687
"633",-0.16862243754902,1.01034913905647,-0.111312497745432,-0.0917328220313264
"634",-0.16862243754902,1.01125010907212,-0.115516463382322,-0.0963469241128906
"635",-0.16862243754902,1.02145287397653,-0.081471248104748,-0.191646574420653
"636",-0.16862243754902,1.00451940132763,-0.019664360415323,-0.0931264762195533
"637",-0.16862243754902,1.00231865085873,0.0503995536211748,-0.0458537114533251
"638",-0.16862243754902,1.0149076282749,-0.161672491808427,-0.0624459712314964
"639",-0.16862243754902,1.00883416339509,-0.0923096749539861,-0.0960483895906334
"640",-0.16862243754902,1.00741890876049,-0.0926670543831425,-0.0794082789143392
"641",-0.16862243754902,1.02687498761658,-0.18246230607388,-0.145532632267667
"642",-0.16862243754902,1.03816853113331,-0.155369483664204,-0.2316338113951
"643",-0.16862243754902,1.0137097405927,-0.161724446192369,-0.0381135366543261
"644",-0.16862243754902,1.01378682862714,-0.166000737427037,0.0144044809542015
"645",-0.16862243754902,1.01839209703074,-0.0780755259131741,-0.176143905793092
"646",-0.16862243754902,1.02212448188553,-0.0497228153200786,-0.205587203167908
"647",-0.16862243754902,1.001694382715,-0.0549385850078022,-0.0193232564576853
"648",-0.16862243754902,1.03563333635856,-0.14544899180224,-0.226673770341613
"649",-0.16862243754902,1.02656950934322,-0.149976812727864,-0.177064714602229
"650",-0.16862243754902,1.02589536919107,-0.0846983230723749,-0.212808605550659
"651",-0.16862243754902,1.01876961908609,-0.105899587792661,-0.163330383205814
"652",-0.16862243754902,1.0317927485557,-0.0602427110416183,-0.246915150888904
"653",-0.16862243754902,1.01877752070203,-0.19464758259619,0.00446713299955427
"654",-0.16862243754902,1.0353805160917,-0.220674616193201,-0.152694226709158
"655",-0.16862243754902,1.0163167853901,-0.181369229801868,-0.00223846973043129
"656",-0.16862243754902,1.00858142113999,-0.130046365191643,-0.0180118285914798
"657",-0.16862243754902,1.00937574012094,-0.0987761340736553,-0.0953029909402647
"658",-0.16862243754902,1.02363475498105,-0.116997802373147,-0.18476911496506
"659",-0.16862243754902,1.01739448081224,-0.0549593644401075,-0.179083773266988
"660",-0.16862243754902,1.02269286575678,-0.184557798614121,-0.10880770487665
"661",-0.16862243754902,1.01409714068903,-0.0504780118212167,-0.16076374304001
"662",-0.16862243754902,1.02263925938547,-0.213621476118036,0.012526762455709
"663",-0.16862243754902,1.01424960366718,-0.106527016821688,-0.131735542759374
"664",-0.16862243754902,1.00945927310434,-0.0517972139691932,-0.127769607815713
"665",-0.16862243754902,1.00607791435463,-0.0659848374808883,-0.0885368340001913
"666",-0.16862243754902,1.02347775459071,-0.133244198359385,-0.172489703303123
"667",-0.16862243754902,1.00928667783419,-0.116810587549864,-0.0708158505550183
"668",-0.16862243754902,1.02332754412986,-0.215921583274708,-0.0240235811443795
"669",-0.16862243754902,1.02016551194362,-0.201767938647457,-0.00523170078909726
"670",-0.16862243754902,1.0129847975844,-0.159208883338298,0.0281199502714801
"671",-0.16862243754902,1.01732750042191,-0.129654020832531,-0.134703667346658
"672",-0.16862243754902,1.02978879226427,-0.230476699454566,-0.0857055872252697
"673",-0.16862243754902,1.04243191030682,-0.16046872445619,-0.246807771549684
"674",-0.16862243754902,1.00558696141935,-0.105661937790209,0.00637901865688776
"675",-0.16862243754902,1.02159594695373,-0.197272989378203,-0.0688596143910502
"676",-0.16862243754902,1.02536861182569,-0.0674577908199889,-0.216402949552534
"677",-0.16862243754902,1.00641308564891,-0.0972645036274561,-0.0583687870309435
"678",-0.16862243754902,1.00692881543552,-0.117921453024875,0.000412638934134162
"679",-0.16862243754902,1.01370614008522,-0.0313129650954386,-0.16315525325103
"680",-0.16862243754902,1.0047334915346,-0.0654473299550057,-0.0721528655914648
"681",-0.16862243754902,1.01873145982774,-0.100727406780915,-0.166336336276714
"682",-0.16862243754902,1.02329777406787,0.13277313272762,-0.171783671045744
"683",-0.16862243754902,1.0345496255805,-0.186131478261406,-0.188806781099011
"684",-0.16862243754902,1.01988276936289,-0.106095203979013,-0.170013737491914
"685",-0.16862243754902,1.00783032862982,0.00976581182622981,-0.125006400737983
"686",-0.16862243754902,1.03827879931286,-0.198161800218279,-0.196862302223667
"687",-0.16862243754902,1.00823004110136,-0.0992125018565708,-0.0817599856569142
"688",-0.16862243754902,1.01118577111531,-0.0154273277147065,-0.149193368705308
"689",-0.16862243754902,1.01928993374225,-0.113054791668127,-0.161773245962212
"690",-0.16862243754902,1.02671271598472,-0.219027049652506,-0.0785248539332217
"691",-0.16862243754902,1.00216870604076,-0.0632534634792241,-0.018469291413006
"692",-0.16862243754902,1.00202998650578,-0.0571322934797616,-0.02828418106496
"693",-0.16862243754902,1.02108570444013,-0.205375044941909,-0.0209070975294688
"694",-0.16862243754902,1.04457128094893,-0.219821968255624,-0.206899645373086
"695",-0.16862243754902,1.02989444255956,-0.168672087586367,-0.179533533592809
"696",-0.16862243754902,1.01688590613244,-0.140066214336228,-0.120159900517212
"697",-0.16862243754902,1.0064869334431,-0.0779016346137856,-0.0833503600244013
"698",-0.16862243754902,1.01084629981154,-0.14396243740259,-0.0329402255577574
"699",-0.16862243754902,1.00324715852966,-0.0714932734961084,-0.0373305899049164
"700",-0.16862243754902,1.03766263870435,-0.266661275281874,-0.0750700741169729
"701",-0.16862243754902,1.02335059008501,-0.183181534770728,-0.117008356737376
"702",-0.16862243754902,1.01309400443441,-0.0580914779876361,-0.151607526218708
"703",-0.16862243754902,1.00994773327388,0.0111116860238103,-0.140964372728588
"704",-0.16862243754902,1.02230019300374,-0.163323616950042,-0.135731649816274
"705",-0.16862243754902,1.02345310606391,-0.165797327424709,-0.14130642777558
"706",-0.16862243754902,1.01752677134598,-0.0803312441602985,-0.170022415044101
"707",-0.16862243754902,1.02758297602027,-0.213307117755701,-0.10211192937861
"708",-0.16862243754902,1.03083164316901,-0.199064110804783,-0.151615818264555
"709",-0.16862243754902,1.00829080678438,-0.106492547720468,-0.0728676082075621
"710",-0.16862243754902,1.02057623070868,-0.154441493037773,-0.133130266715697
"711",-0.16862243754902,1.0174951674789,-0.117386320691805,-0.146686289602506
"712",-0.16862243754902,1.00250032020929,-0.0288718083184382,-0.0646011664302233
"713",-0.16862243754902,1.01876087820152,-0.145583068700554,-0.129148352918903
"714",-0.16862243754902,1.01336815448951,-0.0436749809796772,-0.158137638055904
"715",-0.16862243754902,1.01793478437139,-0.13251146883142,-0.136498849304197
"716",-0.16862243754902,1.01988123471918,-0.192093136286267,-0.0570785417124594
"717",-0.16862243754902,1.01234801044576,-0.13317312028343,-0.0843410593214115
"718",-0.16862243754902,1.03833341161663,-0.24769595545009,-0.129549169557694
"719",-0.16862243754902,1.02452544071701,-0.176600259664116,-0.135884976958277
"720",-0.16862243754902,1.00416168444293,-0.0501127605371353,-0.0763505057914829
"721",-0.16862243754902,1.02513319303166,-0.112400997846459,-0.195612062865265
"722",-0.16862243754902,1.02511760941992,-0.133560822727691,-0.181735026274828
"723",-0.16862243754902,1.04649952065636,-0.0612034422605795,-0.302349773258482
"724",-0.16862243754902,1.00822672862795,0.00514406693312807,-0.128431596171657
"725",-0.16862243754902,1.0325890064889,-0.17194511904016,-0.191507003422831
"726",-0.16862243754902,1.00116536654035,-0.0268163077861454,0.0401618823836625
"727",-0.16862243754902,1.03216148551981,-0.0362333281402832,-0.253070105153374
"728",-0.16862243754902,1.01927751304807,-0.196530135508562,-0.0173940921707844
"729",-0.16862243754902,1.04293443760246,-0.248479768740591,-0.161152243744173
"730",-0.16862243754902,1.01356183412746,-0.0909343225966367,-0.137980218052115
"731",-0.16862243754902,1.0178200265247,-0.118548091154158,-0.147999852967659
"732",-0.16862243754902,1.00670430162221,-0.114160946775339,-0.0205141204055856
"733",-0.16862243754902,1.006754461117,-0.0315612821480899,-0.112064403126761
"734",-0.16862243754902,1.03364070844028,-0.0126769814282607,-0.261251618725673
"735",-0.16862243754902,1.03618787321161,-0.231692644107672,-0.141434886987574
"736",-0.16862243754902,1.01292377401749,-0.0760286300669794,-0.142247036454066
"737",-0.16862243754902,1.01295935766009,-0.0657656477788737,-0.147517930582548
"738",-0.16862243754902,1.00620259742141,-0.0548477181255468,-0.097135960766363
"739",-0.16862243754902,1.02988752829839,-0.183011985372817,-0.164848215502834
"740",-0.16862243754902,1.03173944312619,-0.192247772103914,-0.165912846468942
"741",-0.16862243754902,1.01291251928944,-0.0207887944260468,-0.159873693144311
"742",-0.16862243754902,1.02046325541329,-0.196666078089332,-0.0516498729683027
"743",-0.16862243754902,1.024757335554,-0.10876759793113,-0.19569672049379
"744",-0.16862243754902,1.0078121945342,-0.092582205842841,-0.0843442624789082
"745",-0.16862243754902,1.00142470081442,-0.0438625493612399,-0.0304550187126305
"746",-0.16862243754902,1.01272377777954,-0.0874911325579524,-0.133995342470513
"747",-0.16862243754902,1.0427223886755,-0.143300649614124,-0.25833099633091
"748",-0.16862243754902,1.01286580191319,-0.0405044430399524,-0.155745056997903
"749",-0.16862243754902,1.01633355896568,-0.0517861607661094,-0.173931298600801
"750",-0.16862243754902,1.01388366568524,-0.110319906991032,-0.125656697652103
"751",-0.16862243754902,1.00515459303125,-0.0904535090493462,0.0464103285106907
"752",-0.16862243754902,1.01971583918269,-0.0519021465281889,-0.192682536483759
"753",-0.16862243754902,1.03447243925469,-0.262664656608442,-0.0337713746582843
"754",-0.16862243754902,1.01736349959151,-0.0777971890000898,-0.17022364020539
"755",-0.16862243754902,1.02901579405181,-0.215940808434001,-0.110648414633671
"756",-0.16862243754902,1.00391999831698,-0.0726618611706279,-0.0507505364700157
"757",-0.16862243754902,1.03177455059002,-0.164358391971809,-0.193765430956313
"758",-0.16862243754902,1.00037430796021,0.000187890535211963,-0.0273627616300726
"759",-0.16862243754902,1.00554148582174,-0.10356392456723,-0.019702620049911
"760",-0.16862243754902,1.01725633433882,-0.0491205875186191,-0.179993382195772
"761",-0.16862243754902,1.02801614928304,-0.185496298860657,-0.149694109088238
"762",-0.16862243754902,1.00136042096061,-0.0519864479191685,-0.00448351415227362
"763",-0.16862243754902,1.00272242213456,-0.0686570491043506,0.0271747209678071
"764",-0.16862243754902,1.0331140681964,-0.0305964944116107,-0.257659722182256
"765",-0.16862243754902,1.01952321208911,-0.0855662917384997,-0.179181443533119
"766",-0.16862243754902,1.01331217731575,-0.0434838272701946,-0.157831319649567
"767",-0.16862243754902,1.02300587966097,-0.172989869733423,-0.128901259848481
"768",-0.16862243754902,1.01328693953037,-0.0288807739395268,-0.160985473628738
"769",-0.16862243754902,1.00481130574257,-0.0882587231063674,-0.0430831515063874
"770",-0.16862243754902,1.01279644003453,-0.116412168844656,-0.110475499055252
"771",-0.16862243754902,1.00765163114588,-0.030956066049533,-0.120014714621547
"772",-0.16862243754902,1.01674558494959,-0.130622233731385,-0.129264908499951
"773",-0.16862243754902,1.02342314420935,-0.14291014015846,-0.164230398962084
"774",-0.16862243754902,1.03168471294094,-0.21291460428293,-0.137988108904656
"775",-0.16862243754902,1.03696301245668,-0.180613393476616,-0.206569821852313
"776",-0.16862243754902,1.03920567770665,-0.282746703953188,0.00165589291407347
"777",-0.16862243754902,1.01817845435454,-0.0937915307688012,-0.167004531878135
"778",-0.16862243754902,1.03466701424825,-0.108425886840236,-0.242445163771732
"779",-0.16862243754902,1.0407558881495,-0.232176107551065,-0.171076222194342
"780",-0.16862243754902,1.02088180588668,-0.187516555582623,-0.0838880383181722
"781",-0.16862243754902,1.00583695065291,-0.00768065463683118,-0.107930435202937
"782",-0.16862243754902,1.01968068864666,-0.198634666868163,-0.0171165392850103
"783",-0.16862243754902,1.01941032427156,-0.195639841086749,0.0303720564168939
"784",-0.16862243754902,1.03092490522981,-0.146655221637304,-0.203220092977042
"785",-0.16862243754902,1.0358710706252,-0.0405536140291052,-0.267178366166445
"786",-0.16862243754902,1.00378840584036,-0.0274198022922712,-0.0827001701436511
"787",-0.16862243754902,1.01649172456711,-0.0994982078351603,-0.15282517054141
"788",-0.16862243754902,1.0073853529314,-0.0802678620578805,-0.0915550087180959
"789",-0.16862243754902,1.02340409889273,-0.208572691880822,-0.0620756138272802
"790",-0.16862243754902,1.01934357081003,-0.191198930516499,-0.0500428248711542
"791",-0.16862243754902,1.0228525130077,-0.16982608972,-0.131857357081764
"792",-0.16862243754902,1.00625229923998,-0.0585670646488596,-0.0954651175254949
"793",-0.16862243754902,1.03507222819756,-0.0724533896592089,-0.257147863908605
"794",-0.16862243754902,1.02411723791441,-0.133659158374035,-0.17592994735458
"795",-0.16862243754902,1.00723084203762,-0.0999820268782484,-0.0672128220887328
"796",-0.16862243754902,1.01216090065718,-0.105426651542609,-0.115563445620422
"797",-0.16862243754902,1.00440401868329,-0.0319343848481306,-0.088360782089709
"798",-0.16862243754902,1.00759437021452,-0.0530629576227386,-0.111493216907199
"799",-0.16862243754902,1.02753664843954,-0.118847226123513,-0.204222674375587
"800",-0.16862243754902,1.04188993921298,-0.214341656795559,-0.198978138486005
"801",-0.16862243754902,1.00713689995575,-0.103627568957519,-0.0598837390651664
"802",-0.16862243754902,1.01099211700036,-0.121293082237891,-0.0859828403700676
"803",-0.16862243754902,1.00909860198923,-0.110338112504479,-0.0781376315584633
"804",-0.16862243754902,1.00772482123595,-0.0446348823369659,-0.116262816987176
"805",-0.16862243754902,1.02211110690067,-0.0847926979554107,-0.193704189998984
"806",-0.16862243754902,1.00893166516795,-0.0838392270849775,-0.104470517278166
"807",-0.16862243754902,1.02409343106519,-0.157281539621526,-0.155015718058361
"808",-0.16862243754902,1.00636960457406,-0.0813592946724651,-0.0784885098658086
"809",-0.16862243754902,1.01550321829205,-0.120617030632829,-0.129221972910297
"810",-0.16862243754902,1.02221995878223,-0.199426919825674,-0.0718508718220451
"811",-0.16862243754902,1.02079446318099,-0.180327418751976,-0.0974851686525758
"812",-0.16862243754902,1.01283602727066,-0.105776320378208,-0.1210296995975
"813",-0.16862243754902,1.0061866222803,-0.081354043826991,-0.0761120122505323
"814",-0.16862243754902,1.02024270320449,-0.0783770965276022,-0.186419430805659
"815",-0.16862243754902,1.0274214386981,-0.0126453832838675,-0.235446187011109
"816",-0.16862243754902,1.01474847659765,-0.132770895736253,-0.109937982529403
"817",-0.16862243754902,1.01929036408932,-0.159234696275856,-0.11660685154512
"818",-0.16862243754902,1.03317356344315,-0.2391538579557,-0.101257317872413
"819",-0.16862243754902,1.00787165693621,-0.108193602101867,-0.0640267234797793
"820",-0.16862243754902,1.02133880090123,-0.0916945555044244,-0.18634659835159
"821",-0.16862243754902,1.04180667378319,-0.164037523096086,-0.241770214368309
"822",-0.16862243754902,1.00154657980844,-0.0252648276630321,-0.0495705558687723
"823",-0.16862243754902,1.00459248054522,-0.0870160432734982,-0.0404259839832921
"824",-0.16862243754902,1.01252911775853,-0.156447664225354,-0.0271908563177427
"825",-0.16862243754902,1.01470179547773,-0.122626861291517,-0.120757553119974
"826",-0.16862243754902,1.01661667746732,-0.142923008273135,-0.114378680753246
"827",-0.16862243754902,1.00818127965635,-0.0819260217699245,-0.0985779874336753
"828",-0.16862243754902,1.01532501224649,-0.105725958855073,-0.140381274098446
"829",-0.16862243754902,1.01546748227634,-0.120931730826143,-0.128645730749421
"830",-0.16862243754902,1.03003532833283,-0.130148950489228,-0.209842865735945
"831",-0.16862243754902,1.00358481436472,-0.0744987319319213,-0.040403199922849
"832",-0.16862243754902,1.00786777385986,-0.0766113371790426,-0.0996401154197781
"833",-0.16862243754902,1.00587714607537,-0.0315182785200517,-0.103901064074766
"834",-0.16862243754902,1.05354494128102,-0.214510028303237,-0.252868327506951
"835",-0.16862243754902,1.02373745501426,-0.192209816107309,-0.105326935733796
"836",-0.16862243754902,1.0165015321789,-0.139847717059577,-0.117123784754702
"837",-0.16862243754902,1.03562044621933,-0.267572202554071,-0.0302460749170714
"838",-0.16862243754902,1.0192694540236,0.0178731737109176,-0.196445334806089
"839",-0.16862243754902,1.00991413854838,-0.0602552462627753,-0.127655287934835
"840",-0.16862243754902,1.0363290629607,-0.174051498206551,-0.209007183391043
"841",-0.16862243754902,1.01598450958798,-0.133943887974483,-0.119513842700382
"842",-0.16862243754902,1.0288295633592,-0.108917027046075,-0.215933674218117
"843",-0.16862243754902,1.01431456264277,-0.00294162059189159,-0.169780384195259
"844",-0.16862243754902,1.01196747847243,-0.0161325832854532,-0.154330545396532
"845",-0.16862243754902,1.00265169686063,-0.0474273020777226,0.055326993729415
"846",-0.16862243754902,1.00114631608489,-0.0466964803433331,-0.0106482361871308
"847",-0.16862243754902,1.03498554680467,-0.217492021415133,-0.154571351534854
"848",-0.16862243754902,1.00960663070726,-0.119179667555691,-0.0714265749519778
"849",-0.16862243754902,1.02235057685629,-0.0777217383824562,-0.197888942038725
"850",-0.16862243754902,1.00751719266074,-0.0595631362920468,-0.107438942204556
"851",-0.16862243754902,1.02778666737767,-0.104813727540997,-0.212977736297132
"852",-0.16862243754902,1.00025127260901,-0.00683319930947008,-0.0213521835685467
"853",-0.16862243754902,1.02349851059424,-0.210638729063813,-0.0563961612790318
"854",-0.16862243754902,1.03245295970426,-0.179834036371811,-0.183354392814308
"855",-0.16862243754902,1.02902611379469,-0.239128243477479,-0.0413814697996181
"856",-0.16862243754902,1.00550867775997,-0.0962783867722692,-0.0421683920860577
"857",-0.16862243754902,1.00748691763338,-0.0935636574524526,-0.0792195127889656
"858",-0.16862243754902,1.017413489526,-0.0841053572283762,-0.167500738968404
"859",-0.16862243754902,1.02028672178307,-0.132537483337905,-0.153032055979421
"860",-0.16862243754902,1.01182451403055,-0.00646115540030492,-0.154100943099195
"861",-0.16862243754902,1.01556834980363,-0.15231028803253,-0.0904469418074148
"862",-0.16862243754902,1.02751289294853,-0.190446559952606,-0.139688413899179
"863",-0.16862243754902,1.01011613475245,-0.0365934184749019,-0.137824262782548
"864",-0.16862243754902,1.02612507565054,-0.126933138587208,-0.191887074101483
"865",-0.16862243754902,1.02353332081282,-0.167452683534891,-0.139928758985024
"866",-0.16862243754902,1.02889520204308,-0.197628369077891,-0.139886970525778
"867",-0.16862243754902,1.02303852303681,-0.132554623849021,-0.170402732705742
"868",-0.16862243754902,1.01815114890345,-0.14739814537855,-0.122088282617067
"869",-0.16862243754902,1.00789969195705,-0.0584477007566875,-0.111560097361795
"870",-0.16862243754902,1.00941587056912,-0.100435795222871,-0.0939843114289516
"871",-0.16862243754902,1.01179971651311,-0.0901944323009449,-0.124914493626307
"872",-0.16862243754902,1.02029742362283,-0.18289126598478,-0.0869345585935869
"873",-0.16862243754902,1.00194524477869,0.00611284104287468,-0.0621039991386001
"874",-0.16862243754902,1.02288393413625,0.000234808466848545,-0.215154566716645
"875",-0.16862243754902,1.01525267971649,-0.10781917563485,-0.138249878976193
"876",-0.16862243754902,1.00698008284676,-0.0518024755814298,-0.106420819268112
"877",-0.16862243754902,1.00949992395589,-0.0948396513159609,-0.100476549528803
"878",-0.16862243754902,1.02755271199259,-0.192428634092081,-0.137243567079793
"879",-0.16862243754902,1.01628941363833,-0.0669024308527044,-0.168428729791975
"880",-0.16862243754902,1.02944731968971,-0.157394465911942,-0.187052843112905
"881",-0.16862243754902,1.01140745806558,-0.0514255204540687,-0.142479690049854
"882",-0.16862243754902,1.02677226936037,-0.079439641064981,-0.218976337888152
"883",-0.16862243754902,1.00979209160296,-0.0320358646020126,-0.136578811105828
"884",-0.16862243754902,1.01351866815731,-0.136365577628816,-0.0928682935200832
"885",-0.16862243754902,1.00699930607815,-0.0933963937196834,-0.072970652196779
"886",-0.16862243754902,1.01427285334447,-0.122577982870844,-0.117149729606409
"887",-0.16862243754902,1.0086519040097,-0.0825173467060724,-0.102808321428636
"888",-0.16862243754902,1.00704681177037,-0.0292370374124864,-0.115275655453351
"889",-0.16862243754902,1.02389241374538,-0.134400908596497,-0.174046174027999
"890",-0.16862243754902,1.03657606643676,-0.0353276435163655,-0.270632405881263
"891",-0.16862243754902,1.0030010377229,-0.00705599115937748,-0.0772094208109664
"892",-0.16862243754902,1.01216777344992,-0.0554609143548764,-0.146313665081187
"893",-0.16862243754902,1.03256472797446,-0.135665934763253,-0.218597053049166
"894",-0.16862243754902,1.00630212467686,-0.0570146597043226,-0.0969190110760653
"895",-0.16862243754902,1.04757768156101,-0.308759376104706,-0.0456798267529341
"896",-0.16862243754902,1.0401064825382,-0.130519995958844,-0.254530991576461
"897",-0.16862243754902,1.0340424152553,-0.233113736591556,-0.122072529093761
"898",-0.16862243754902,1.05356071218517,-0.27147739341252,-0.190499866472573
"899",-0.16862243754902,1.01381734896909,-0.150300077142891,-0.0723567818628367
"900",-0.16862243754902,1.03157862063984,-0.125483344282883,-0.220019046604572
"901",-0.16862243754902,1.01703226443975,-0.0890650338042409,-0.162548597855854
"902",-0.16862243754902,1.00526701263409,-0.101498896934289,0.0161164701902194
"903",-0.16862243754902,1.02199494197508,-0.171621645467268,-0.122554772366334
"904",-0.16862243754902,1.03701166660994,-0.198050112374263,-0.190182411578114
"905",-0.16862243754902,1.02255010268358,-0.186453984878678,-0.104132723104075
"906",-0.16862243754902,1.00761327719468,-0.113959740015455,-0.0479342678530386
"907",-0.16862243754902,1.0058036451927,-0.0633713289856579,-0.0873215170820632
"908",-0.16862243754902,1.01655170857171,-0.139421689161984,-0.118063410044266
"909",-0.16862243754902,1.0225937953243,-0.103001163679473,-0.187320128433754
"910",-0.16862243754902,1.02038679018362,-0.137907548728696,-0.148898319617349
"911",-0.16862243754902,1.04500134211519,-0.266302231571872,-0.145295996098979
"912",-0.16862243754902,1.03496962225027,-0.189370160777008,-0.187885766326665
"913",-0.16862243754902,1.03549485773895,-0.2394256761748,-0.122167696188646
"914",-0.16862243754902,1.0328353970891,-0.240162192515252,-0.0952422110540934
"915",-0.16862243754902,1.00457334391799,-0.060530625269048,-0.0741865669452227
"916",-0.16862243754902,1.05158559132619,-0.313863012785584,-0.0855702348366564
"917",-0.16862243754902,1.02241353017358,-0.17857662815903,-0.115930214169357
"918",-0.16862243754902,1.02256375000697,-0.151907698625383,-0.150202110260308
"919",-0.16862243754902,1.01828597384714,-0.167602649098439,-0.0938918343041418
"920",-0.16862243754902,1.01256997218117,-0.149016542486637,-0.0556059226009944
"921",-0.16862243754902,1.00744724800297,-0.107942759072023,-0.0574309870424697
"922",-0.16862243754902,1.03172587962854,-0.193908089680682,-0.163883932866168
"923",-0.16862243754902,1.03047400547964,-0.207249991120267,-0.137564956111268
"924",-0.16862243754902,1.02538185550987,-0.109246382874404,-0.198678578205418
"925",-0.16862243754902,1.03599728723203,-0.0780411033710098,-0.259229561078143
"926",-0.16862243754902,1.00706418233313,-0.0926646787651318,-0.0747764979632994
"927",-0.16862243754902,1.01844963735655,0.00271727563627064,-0.192956679710257
"928",-0.16862243754902,1.02313357728449,-0.00581460792901859,-0.2162602767537
"929",-0.16862243754902,1.01343588689651,-0.133177494003947,-0.0965196971635325
"930",-0.16862243754902,1.0088471145816,-0.0875772498175891,-0.10051231722537
"931",-0.16862243754902,1.00458705616975,-0.0697631460600026,-0.065789489096762
"932",-0.16862243754902,1.02020815695122,-0.146764034522044,-0.138870449270627
"933",-0.16862243754902,1.00508380898718,-0.0449002956943534,-0.0904291243722786
"934",-0.16862243754902,1.03560490299472,-0.118615376343236,-0.241677279862323
"935",-0.16862243754902,1.02668610784258,-0.148654279379061,-0.178847055495028
"936",-0.16862243754902,1.01112046864951,-0.149545580911786,-0.000849324293625169
"937",-0.16862243754902,1.01609646817722,-0.138004643858581,-0.115787524870699
"938",-0.16862243754902,1.01234665253952,-0.120625998041597,-0.101464838759216
"939",-0.16862243754902,1.00644862561662,-0.0591962571772546,-0.0971320706141256
"940",-0.16862243754902,1.02283949809019,-0.202803283221423,-0.0712142343074396
"941",-0.16862243754902,1.00933737412303,-0.135698660371494,-0.0186496213087875
"942",-0.16862243754902,1.01161271404444,-0.0473311931913605,-0.145327359321778
"943",-0.16862243754902,1.02869181972627,-0.195642529359007,-0.14117670019433
"944",-0.16862243754902,1.00855781196383,-0.129865337216411,-0.0179959512927823
"945",-0.16862243754902,1.00500609481713,-0.0803603460521942,0.0598286336292228
"946",-0.16862243754902,1.01439790672826,-0.120673581102467,-0.120170711900107
"947",-0.16862243754902,1.0097421542394,-0.138211999535535,-0.0218325727392944
"948",-0.16862243754902,1.01547113096371,-0.0866393108080511,-0.153867630265183
"949",-0.16862243754902,1.00344141504538,-0.0536153582035233,-0.0634039966640669
"950",-0.16862243754902,1.00785670300746,-0.12194125262527,-0.0300909405841553
"951",-0.16862243754902,1.0339930637255,-0.138259835820219,-0.223664645465977
"952",-0.16862243754902,1.02067448600185,-0.139613134740574,-0.149280202917341
"953",-0.16862243754902,1.03166323692207,-0.177140107167002,-0.181522496813462
"954",-0.16862243754902,1.00628799209463,0.0174279177890271,-0.110958508981434
"955",-0.16862243754902,1.01225096147844,-0.0976635025570796,-0.122938396289806
"956",-0.16862243754902,1.01456246701825,-0.0576953138602223,-0.161270735847276
"957",-0.16862243754902,1.00057551379561,-0.00964909723834279,-0.0325308120069271
"958",-0.16862243754902,1.01667962363639,-0.0710991204556374,-0.169063219500454
"959",-0.16862243754902,1.04411388581327,-0.163952469429069,-0.251581784547699
"960",-0.16862243754902,1.04912356937753,-0.140386036138837,-0.284520692886604
"961",-0.16862243754902,1.02921893549167,-0.212999830819312,-0.117994445824997
"962",-0.16862243754902,1.03360476829154,-0.218975258039913,-0.142788842005812
"963",-0.16862243754902,1.01649021540917,-0.181632573768655,-0.0161853689720211
"964",-0.16862243754902,1.00414543711949,-0.0910982011593171,-0.00302929586261505
"965",-0.16862243754902,1.00769012913265,-0.0728656922145733,-0.100647837778386
"966",-0.16862243754902,1.01033433373639,0.00594497680204199,-0.1440143158765
"967",-0.16862243754902,1.00474503036124,-0.0337615364860765,-0.091502648539272
"968",-0.16862243754902,1.01466857894733,-0.00369008226360517,-0.171868287929691
"969",-0.16862243754902,1.00801256755325,-0.126692477701807,-0.00619293460953477
"970",-0.16862243754902,1.02471778115706,-0.136764581860576,-0.177036663343935
"971",-0.16862243754902,1.00994007115355,-0.0688296251320558,-0.123456186664821
"972",-0.16862243754902,1.03456302924141,-0.188716933757115,-0.1862970219474
"973",-0.16862243754902,1.0300443567078,-0.217876843185348,-0.116280084232713
"974",-0.16862243754902,1.0509586113414,-0.0955129621130696,-0.308854782739463
"975",-0.16862243754902,1.02009399724556,-0.0646328543311206,-0.190825463074105
"976",-0.16862243754902,1.01595768977003,-0.140643506690144,-0.111307822855171
"977",-0.16862243754902,1.01888839461112,-0.152768121058317,-0.121636597541744
"978",-0.16862243754902,1.02879490093097,-0.215786854031739,-0.108880585085949
"979",-0.16862243754902,1.02883806926684,-0.216683746095472,0.107498497434892
"980",-0.16862243754902,1.05690397261916,-0.190502450709402,-0.284173931971044
"981",-0.16862243754902,1.04038595990086,-0.281947217397332,-0.0539324777915363
"982",-0.16862243754902,1.00339175878635,-0.0823943629908126,-0.00248808112756948
"983",-0.16862243754902,1.01782804421661,-0.101666172858794,-0.160118446439077
"984",-0.16862243754902,1.01044950078742,-0.0839960159744245,-0.118122237288207
"985",-0.16862243754902,1.01678452287345,-0.180140039977799,-0.0374210094970628
"986",-0.16862243754902,1.01634940272496,-0.181565669589702,0.000126672156782029
"987",-0.16862243754902,1.00675720167829,-0.0712668289865324,-0.0920928999288064
"988",-0.16862243754902,1.04048398557043,-0.116758014167957,-0.262629949465164
"989",-0.16862243754902,1.01739832411868,-0.0964716161639202,-0.160600676194775
"990",-0.16862243754902,1.02337993661265,-0.170235329541663,-0.135375135224883
"991",-0.16862243754902,1.02007357603136,-0.148279131490363,-0.136247567618164
"992",-0.16862243754902,1.01950160128609,-0.170409416966808,-0.10170617303748
"993",-0.16862243754902,1.02950255059413,-0.225363709300315,-0.0953241848127607
"994",-0.16862243754902,1.01089036017745,-0.0931106512495569,-0.11502055000552
"995",-0.16862243754902,1.02289532932536,-0.164488405389839,-0.13877470680187
"996",-0.16862243754902,1.00820643155635,-0.128153748110649,0.00753826749227454
"997",-0.16862243754902,1.00968379776818,-0.0655873481734815,-0.123124616690357
"998",-0.16862243754902,1.02215337226174,0.0403218484619138,-0.20777792222147
"999",-0.16862243754902,1.03855739842624,-0.103358623340895,-0.260611712720187
"1000",-0.16862243754902,1.01430848905782,-0.0976845865339448,-0.138850396212762
