"","t","","",""
"1",-0.16862243754902,1.00573300347084,-0.106861812094693,-0.00891220434615961
"2",-0.16862243754902,1.0151083581648,-0.174098561059973,-0.0116047340720278
"3",-0.16862243754902,1.03956116331412,-0.131131133055664,-0.25197626518096
"4",-0.16862243754902,1.01807383346406,-0.105849037082421,-0.158966385544027
"5",-0.16862243754902,1.0168226110336,-0.148606404881009,-0.108831791024211
"6",-0.16862243754902,1.00291400589702,-0.0747394429816853,0.0158277884493622
"7",-0.16862243754902,1.02422004767597,-0.187501895608893,-0.117769882416661
"8",-0.16862243754902,1.00406399560237,0.0166379837426498,-0.0886999704733813
"9",-0.16862243754902,1.00079692832397,-0.0341969796677739,-0.0206169426514263
"10",-0.16862243754902,1.01016941342716,-0.0734723522883141,-0.122654218325348
"11",-0.16862243754902,1.0132706619846,-0.127364415891707,-0.102448718895253
"12",-0.16862243754902,1.04330102065386,-0.108762463528659,-0.276853293685587
"13",-0.16862243754902,1.03202610582742,-0.219704892311859,-0.129644295684516
"14",-0.16862243754902,1.00555353577506,-0.0196785852564506,-0.103685421309047
"15",-0.16862243754902,1.00752284087832,-0.0129110315718643,-0.122211211250354
"16",-0.16862243754902,1.00774369525671,-0.119712857507193,-0.0348738738471499
"17",-0.16862243754902,1.00863579476715,-0.0646752897013883,-0.114731309534977
"18",-0.16862243754902,1.01483033097373,-0.0456159571173851,-0.166732675623345
"19",-0.16862243754902,1.01803214904133,-0.0335646403019236,-0.187784108494589
"20",-0.16862243754902,1.01603296464477,-0.0759001568765356,-0.162978990765548
"21",-0.16862243754902,1.03302893031996,-0.192021555000715,-0.174001417503155
"22",-0.16862243754902,1.03858833365829,-0.26155131550332,-0.101275052059166
"23",-0.16862243754902,1.00578047245242,-0.105169216034765,-0.0231039989017765
"24",-0.16862243754902,1.00654138838374,-0.0181367190769726,-0.11312217267445
"25",-0.16862243754902,1.00790033742651,-0.116531668703758,-0.0477855665822416
"26",-0.16862243754902,1.01314285856123,-0.122919365782665,-0.106533006008488
"27",-0.16862243754902,1.02375027189845,-0.151574833670822,-0.158397250638407
"28",-0.16862243754902,1.01493092232616,-0.0633881703228244,-0.161451902921473
"29",-0.16862243754902,1.01337045999864,-0.106813520748312,-0.124541402686837
"30",-0.16862243754902,1.00577311905155,-0.00505026160628539,-0.107489822143282
"31",-0.16862243754902,1.00478623843313,-0.0789459342208484,-0.0579907269708038
"32",-0.16862243754902,1.01782027316145,-0.0298943269284272,-0.187255007078459
"33",-0.16862243754902,1.01040682269109,-0.114210195331529,-0.0887579777994435
"34",-0.16862243754902,1.03674582057467,-0.0187062231915948,-0.272932177826193
"35",-0.16862243754902,1.0053234537672,-0.0980856563895353,-0.0324723067403141
"36",-0.16862243754902,1.01668493864561,-0.157602039606519,-0.0938608628805622
"37",-0.16862243754902,1.02016430355043,-0.121188693521103,-0.161395498082146
"38",-0.16862243754902,1.02213604234765,-0.168347243790201,-0.128145599122104
"39",-0.16862243754902,1.04612739813259,-0.238467853322633,-0.19368948359515
"40",-0.16862243754902,1.01410042693223,-0.119650542297483,-0.118673601243245
"41",-0.16862243754902,1.00393373518893,-0.0865369237146999,-0.0198571267911502
"42",-0.16862243754902,1.02684080615982,-0.13287996009007,-0.191689742556599
"43",-0.16862243754902,1.01683802631864,-0.0369438687432066,-0.180540085105436
"44",-0.16862243754902,1.01674060148838,-0.160728473776541,-0.0890382414045171
"45",-0.16862243754902,1.00704519742087,-0.0634607717934702,-0.100562220002425
"46",-0.16862243754902,1.01304355811389,-0.121678298958846,-0.107012346009835
"47",-0.16862243754902,1.01128316469469,-0.0797739732111896,-0.127787919589481
"48",-0.16862243754902,1.03334851270396,-0.227849792294303,-0.126069904651872
"49",-0.16862243754902,1.00268091617338,0.00811529598494922,-0.0728228098151006
"50",-0.16862243754902,1.00913387494652,-0.0584559859539678,-0.122205054194682
"51",-0.16862243754902,1.02761540958275,-0.236542421325872,0.00641193615134479
"52",-0.16862243754902,1.00000033549548,-0.000104508057639403,0.000812446394134684
"53",-0.16862243754902,1.03276104183403,-0.21779915346823,-0.138415672084617
"54",-0.16862243754902,1.01235193214692,-0.133346125850788,-0.0841144770071013
"55",-0.16862243754902,1.00944780566901,-0.0389998317509112,-0.132150995052573
"56",-0.16862243754902,1.02337624112211,-0.185434571046904,-0.1136351651289
"57",-0.16862243754902,1.04260473547317,-0.160868708296743,-0.247276956310166
"58",-0.16862243754902,1.01004603259753,-0.0886787181162656,-0.111036358546543
"59",-0.16862243754902,1.05638613910108,-0.244347311971505,-0.237162530803658
"60",-0.16862243754902,1.01121157064219,-0.150007481941378,-0.00682612351603076
"61",-0.16862243754902,1.02717520199823,-0.107718843388143,-0.208531883363733
"62",-0.16862243754902,1.02185570484913,-0.188215891853939,-0.0936154879618816
"63",-0.16862243754902,1.00581474539303,0.0281356444516126,-0.104267384935764
"64",-0.16862243754902,1.01333566178024,-0.0955642088895022,-0.13310388955595
"65",-0.16862243754902,1.01156473270241,-0.127687574067637,-0.0834211716294321
"66",-0.16862243754902,1.00888789499109,-0.0478667533221257,-0.124753992264586
"67",-0.16862243754902,1.00827327728402,-0.103387361462279,-0.0769808753841964
"68",-0.16862243754902,1.03023094097883,-0.152384219149379,-0.195332643212418
"69",-0.16862243754902,1.03561195842871,-0.170534394705401,-0.208351022706908
"70",-0.16862243754902,1.00493335822026,-0.0671567571006835,-0.0733554663236432
"71",-0.16862243754902,1.02043994787437,-0.114569216420036,-0.167843921149229
"72",-0.16862243754902,1.00740355395476,-0.0801725003353044,-0.0918383945344473
"73",-0.16862243754902,1.02110057365716,-0.17683196781486,-0.106662255187646
"74",-0.16862243754902,1.00529218234111,-0.100281577453495,-0.0235791666430434
"75",-0.16862243754902,1.00721867342143,-0.0995262398768961,-0.0677051228843273
"76",-0.16862243754902,1.0113892373092,-0.147282635722266,-0.0348714003100187
"77",-0.16862243754902,1.00850789990634,-0.130580446970281,-0.00607709161787468
"78",-0.16862243754902,1.00289096459374,0.00529665966008665,-0.0759093687248227
"79",-0.16862243754902,1.00350410976242,-0.0599368431398094,-0.0585497493120008
"80",-0.16862243754902,1.01731574324189,-0.100116728788927,-0.157822565130593
"81",-0.16862243754902,1.01212394270148,-0.0920580249950592,-0.126175256780389
"82",-0.16862243754902,1.03324737596705,-0.255523553432729,-0.0480401247282712
"83",-0.16862243754902,1.00465674572885,-0.0258493694035496,-0.0930966532155085
"84",-0.16862243754902,1.04187405160273,-0.170774827816333,-0.237355213946102
"85",-0.16862243754902,1.03923331796258,-0.180378747440847,-0.217874726930809
"86",-0.16862243754902,1.00206977237338,-0.0090198375032119,-0.0637375182750206
"87",-0.16862243754902,1.03856274980412,-0.213909108065265,-0.181260803174376
"88",-0.16862243754902,1.01100775440049,-0.094345767826752,-0.115045884546609
"89",-0.16862243754902,1.00886793364269,-0.133199039352704,-0.00851606998526366
"90",-0.16862243754902,1.00603882973448,-0.0802397064825002,-0.0753373508766765
"91",-0.16862243754902,1.02302574534542,-0.194540563789466,-0.093464670758695
"92",-0.16862243754902,1.04867081013788,-0.275849491225309,-0.153679947377591
"93",-0.16862243754902,1.04409611022479,-0.150307634702396,-0.259892867036999
"94",-0.16862243754902,1.02797794777325,-0.0734567781681371,-0.22658941468933
"95",-0.16862243754902,1.00562301310865,-0.0835839033344078,-0.0655085917807914
"96",-0.16862243754902,1.01038738405446,-0.103564245573317,-0.100782502922142
"97",-0.16862243754902,1.01211075504671,-0.0826291499874152,-0.132440945532637
"98",-0.16862243754902,1.01913993456711,-0.176468672883487,-0.0866314822694398
"99",-0.16862243754902,1.00910243050442,-0.125089434994936,-0.0513843215638707
"100",-0.16862243754902,1.00844234028412,-0.0420642557010298,-0.123233729433231
"101",-0.16862243754902,1.033466128539,-0.166560748455261,-0.200772896356611
"102",-0.16862243754902,1.00603224746688,-0.095276128102289,-0.0549849284541334
"103",-0.16862243754902,1.01011335317877,-0.0333052126453961,-0.13863530964621
"104",-0.16862243754902,1.00856941114084,-0.044806205063241,-0.123307181773042
"105",-0.16862243754902,1.03004674589011,-0.210431789568855,-0.129285577918216
"106",-0.16862243754902,1.01430412988209,-0.119342173221809,-0.12070755397472
"107",-0.16862243754902,1.00652951513566,-0.085586138094777,-0.0760044591142135
"108",-0.16862243754902,1.00177558555974,-0.0384628137588019,-0.0455514629986499
"109",-0.16862243754902,1.00307901235807,-0.078490812331835,0.00258793599945958
"110",-0.16862243754902,1.01750390478829,-0.162012974991686,-0.0952155039568964
"111",-0.16862243754902,1.0108238639283,-0.145812137256754,-0.0224433623943022
"112",-0.16862243754902,1.03213129586594,-0.193774635656488,-0.166572514185569
"113",-0.16862243754902,1.01103086948719,-0.0750956251461669,-0.128623738632969
"114",-0.16862243754902,1.01270868408963,-0.074643111073753,-0.141447109549061
"115",-0.16862243754902,1.00644508215293,-0.0482414406301558,-0.102977991802871
"116",-0.16862243754902,1.00135389533393,-0.040158681155497,0.0331195414866328
"117",-0.16862243754902,1.00389513235368,-0.0230027655687993,-0.0853012868578547
"118",-0.16862243754902,1.01697799045985,-0.0178531431075462,-0.184188757422749
"119",-0.16862243754902,1.02498838165531,-0.180875010662145,-0.133736356486704
"120",-0.16862243754902,1.03009852240712,-0.112562307557566,-0.220074289235828
"121",-0.16862243754902,1.02818457844421,-0.0184606737184213,-0.238375189305358
"122",-0.16862243754902,1.00654882135366,-0.0778734956870738,-0.0841204400720717
"123",-0.16862243754902,1.02490917634501,-0.171959342522644,-0.14446038998769
"124",-0.16862243754902,1.02235608925403,-0.211910556542579,0.0174896901230114
"125",-0.16862243754902,1.00783993795937,-0.0643686608450113,-0.107694085478066
"126",-0.16862243754902,1.00414447471178,-0.0606114877674983,-0.0680615430680876
"127",-0.16862243754902,1.01527625942736,-0.154076577864846,-0.0839421890963052
"128",-0.16862243754902,1.00474784488804,-0.0523556859154308,-0.082323228553574
"129",-0.16862243754902,1.02045570401413,-0.0956260490846005,-0.179403184451796
"130",-0.16862243754902,1.01790294631769,-0.167160276794497,-0.0904646338864986
"131",-0.16862243754902,1.01064791812316,-0.138121331659603,-0.0482878053678809
"132",-0.16862243754902,1.02133627649871,0.0669721528832223,-0.196577008906017
"133",-0.16862243754902,1.01914629688675,-0.167632382083896,-0.102754848717023
"134",-0.16862243754902,1.01396219572583,-0.0183259784841187,-0.16668381107279
"135",-0.16862243754902,1.02600658515007,-0.127596700354474,-0.190810363528724
"136",-0.16862243754902,1.01843311266103,-0.167504117012861,-0.0956471418714204
"137",-0.16862243754902,1.01388694299352,-0.115963809406927,-0.1204953446428
"138",-0.16862243754902,1.01815787744805,-0.0556929668360209,-0.183149547786823
"139",-0.16862243754902,1.00543539128274,-0.0655908142700904,-0.0812291273329414
"140",-0.16862243754902,1.04737563878787,-0.291231934623376,-0.110361628213045
"141",-0.16862243754902,1.00919901838038,-0.103569805479898,-0.0880678947902216
"142",-0.16862243754902,1.01839806656379,-0.117448295046958,-0.152776045149216
"143",-0.16862243754902,1.03063485196224,-0.0607515157046508,-0.241903806127194
"144",-0.16862243754902,1.01351947492547,-0.142930267103681,-0.0824176243219296
"145",-0.16862243754902,1.0176567472138,-0.0676646711017398,-0.176200872399846
"146",-0.16862243754902,1.02961292172908,-0.146070781989976,-0.196891074557316
"147",-0.16862243754902,1.00902646265101,-0.10485760195726,-0.0844942935457108
"148",-0.16862243754902,1.0187029654168,-0.194305424041509,0.00106486479462679
"149",-0.16862243754902,1.01089519312897,-0.068131396283252,-0.131404734814794
"150",-0.16862243754902,1.00465849199795,-0.060464583346729,-0.0753838159308613
"151",-0.16862243754902,1.02066629753295,-0.159679222561731,-0.127523475492558
"152",-0.16862243754902,1.01667490435776,-0.0860532299564319,-0.161934254452018
"153",-0.16862243754902,1.00303803264815,-0.0465197897977951,-0.0626195184894295
"154",-0.16862243754902,1.01111428258283,-0.121899511325622,-0.0865598150504718
"155",-0.16862243754902,1.01252580206121,-0.116919882778628,-0.107416203855525
"156",-0.16862243754902,1.01419520728453,-0.101786434534748,-0.135023850573188
"157",-0.16862243754902,1.01783762908969,-0.124036149194235,-0.14355651459962
"158",-0.16862243754902,1.01799364591912,-0.127449566225489,-0.141660408020867
"159",-0.16862243754902,1.02147937362235,-0.197899997779053,-0.0652357387861068
"160",-0.16862243754902,1.02149630105074,-0.11812206320034,-0.171761087693467
"161",-0.16862243754902,1.00198546341311,-0.0409593273711611,-0.0479291392837107
"162",-0.16862243754902,1.0131039156483,-0.126971827413859,-0.101280298899109
"163",-0.16862243754902,1.00245259777082,-0.065814726478603,-0.0240755593085261
"164",-0.16862243754902,1.02953350239972,-0.219007450445162,-0.109430202471453
"165",-0.16862243754902,1.03286200869949,-0.249507061704802,-0.0674548380339451
"166",-0.16862243754902,1.00006206828229,-0.0104266087217864,0.00392762620645854
"167",-0.16862243754902,1.01880250974128,-0.0814121342810511,-0.177004571260008
"168",-0.16862243754902,1.00556438504618,-0.0587879361137384,-0.0877707869440956
"169",-0.16862243754902,1.00739914355357,-0.0835172278742102,-0.0887575747791673
"170",-0.16862243754902,1.02278483374073,-0.179279357824197,-0.11810049952562
"171",-0.16862243754902,1.0060795279711,-0.109172892368664,-0.0166522122976482
"172",-0.16862243754902,1.01986756120834,-0.166616306058922,-0.111215327002707
"173",-0.16862243754902,1.03461814316624,-0.258972599017717,-0.0580335689645176
"174",-0.16862243754902,1.01935160309734,-0.107123451027978,-0.166139269821939
"175",-0.16862243754902,1.02800587028892,-0.176274368261409,-0.160385212667877
"176",-0.16862243754902,1.0324849814051,-0.128298808900882,-0.222631202803447
"177",-0.16862243754902,1.02176696194473,-0.129968232392691,-0.164669314356035
"178",-0.16862243754902,1.0268395659425,-0.0843526806290723,-0.217449119234091
"179",-0.16862243754902,1.02343589264136,-0.116704800744901,-0.183850525780346
"180",-0.16862243754902,1.02441487952377,-0.116369160251859,-0.189430894871948
"181",-0.16862243754902,1.02418958518536,-0.191461329441562,-0.110936313850019
"182",-0.16862243754902,1.02662986592704,-0.0659322119259772,-0.222759567794338
"183",-0.16862243754902,1.03933542435338,-0.19311376964296,-0.20718396726123
"184",-0.16862243754902,1.02634216834247,-0.176124793464681,-0.149526932841379
"185",-0.16862243754902,1.05315823054382,-0.282240829770205,-0.171704317280647
"186",-0.16862243754902,1.04882766284336,-0.1684128877096,-0.267724794516278
"187",-0.16862243754902,1.02659630867931,-0.211065078400061,-0.0967032247339813
"188",-0.16862243754902,1.00885493197506,-0.00199917135488336,-0.133357703505662
"189",-0.16862243754902,1.02061883208154,-0.199510750814076,-0.0431075481683429
"190",-0.16862243754902,1.02667933121371,-0.226304311006123,-0.0534491156286112
"191",-0.16862243754902,1.02434189085415,-0.124378340713884,-0.183864998626465
"192",-0.16862243754902,1.00001139231998,-0.000874708178352936,-0.00469251055839307
"193",-0.16862243754902,1.01280963922105,-0.140668240723296,-0.0774326245899364
"194",-0.16862243754902,1.03297268312911,-0.258652541538743,0.0114641548536063
"195",-0.16862243754902,1.03429861972098,-0.211975624934081,-0.15760700869739
"196",-0.16862243754902,1.00003887417309,0.00457819436946184,-0.00753591359443343
"197",-0.16862243754902,1.01765851883858,-0.0950898953818945,-0.16305450855769
"198",-0.16862243754902,1.03244409849523,-0.0634329287646854,-0.248831429015634
"199",-0.16862243754902,1.01789687214797,-0.160618710947993,-0.101566096813961
"200",-0.16862243754902,1.01146807496755,-0.105554631201621,-0.109205707316296
"201",-0.16862243754902,1.02147090190683,-0.0964921647543133,-0.184640368238832
"202",-0.16862243754902,1.01748755482666,-0.146640487607165,-0.117377560127457
"203",-0.16862243754902,1.02545935798161,-0.226407698342075,-0.0175056848906756
"204",-0.16862243754902,1.01440317769137,-0.128442366877977,-0.111876562787455
"205",-0.16862243754902,1.04589448029746,-0.175006755016948,-0.251531110630745
"206",-0.16862243754902,1.02378265348881,-0.20175010117783,-0.0861847913458038
"207",-0.16862243754902,1.03070001588228,-0.241617243538381,-0.0629573694228158
"208",-0.16862243754902,1.00463778666364,-0.0884712700432845,-0.038339493598055
"209",-0.16862243754902,1.02125309686269,-0.203480393289748,-0.0394159536011851
"210",-0.16862243754902,1.0357037069977,-0.223472748180727,-0.150804839144251
"211",-0.16862243754902,1.01614836470786,-0.0589929328520185,-0.170520769913749
"212",-0.16862243754902,1.00372321791987,-0.0857569697788507,-0.0102975883474986
"213",-0.16862243754902,1.03547934770117,-0.217943006818473,-0.157220626174048
"214",-0.16862243754902,1.01430709260778,0.0740088866987135,-0.152779458056584
"215",-0.16862243754902,1.00484356718428,-0.0970513116260049,-0.0170773950969095
"216",-0.16862243754902,1.00927266928303,-0.130444428763992,-0.0401941782615134
"217",-0.16862243754902,1.01395787204546,-0.166913405166757,-0.0158266060350447
"218",-0.16862243754902,1.00530279299854,-0.0260645785066505,-0.0997714556269837
"219",-0.16862243754902,1.00180201812906,-0.0291695486669383,-0.0525016281464146
"220",-0.16862243754902,1.02711973675659,-0.15397757911934,-0.176821544964026
"221",-0.16862243754902,1.03197910575249,-0.12598482613221,-0.221604824618375
"222",-0.16862243754902,1.0398907255991,-0.252829015881524,-0.132099242675375
"223",-0.16862243754902,1.00384061057182,-0.0781848576799039,-0.0397881824512917
"224",-0.16862243754902,1.02988419945408,-0.160390706148093,-0.186912508052515
"225",-0.16862243754902,1.01960014404757,-0.183001099164301,-0.0780708104638825
"226",-0.16862243754902,1.0048491347202,-0.0756386053046741,-0.0632501773555416
"227",-0.16862243754902,1.00735849333335,-0.0563904362283457,-0.107662680594609
"228",-0.16862243754902,1.00435604651109,-0.00553776877141898,-0.0932759415949548
"229",-0.16862243754902,1.02497560639462,-0.159915843172919,-0.158119944366018
"230",-0.16862243754902,1.01628683800758,-0.13755217439786,-0.11797599936368
"231",-0.16862243754902,1.01996702928875,-0.0298959816601495,-0.198592474975002
"232",-0.16862243754902,1.00228258413751,-0.0220120483414408,-0.0639206398057142
"233",-0.16862243754902,1.02751034205966,-0.2223502019525,-0.0796108706851261
"234",-0.16862243754902,1.02837538988803,-0.141066321338057,-0.194052146371828
"235",-0.16862243754902,1.02427090685785,-0.197885026459214,-0.0998619393895558
"236",-0.16862243754902,1.00936764634958,-0.133565880857167,-0.0313560355933629
"237",-0.16862243754902,1.02619688713022,-0.217432023529072,-0.07617982869374
"238",-0.16862243754902,1.01075300550328,-0.0898100811008013,-0.1164293239119
"239",-0.16862243754902,1.03149338676258,-0.107734858715883,-0.228848874046629
"240",-0.16862243754902,1.01100897716396,-0.0690094775322022,-0.131821257454338
"241",-0.16862243754902,1.00819047472612,-0.0458117466436614,-0.119788635512416
"242",-0.16862243754902,1.00547543882571,-0.0884710070480375,-0.0561581605258996
"243",-0.16862243754902,1.00920121160853,-0.0485114890893366,-0.127018585012033
"244",-0.16862243754902,1.01755716339705,-0.10134093203352,-0.15859570068329
"245",-0.16862243754902,1.01484123701852,-0.139832953166662,-0.101732401731066
"246",-0.16862243754902,1.00479718934741,-0.00360011907271981,-0.0980021982565995
"247",-0.16862243754902,1.01686916559418,-0.0197869093591686,-0.183388598757432
"248",-0.16862243754902,1.03762091859554,-0.199698068163313,-0.191775525755751
"249",-0.16862243754902,1.0487705770976,-0.210433769448733,-0.235875713165264
"250",-0.16862243754902,1.01316952593472,-0.112174421113185,-0.118022826312153
"251",-0.16862243754902,1.01946825266973,-0.0735188923257315,-0.184148012947901
"252",-0.16862243754902,1.00902294859065,-0.131455458920989,-0.0290993660144805
"253",-0.16862243754902,1.02664900005502,-0.198923849142268,-0.120156030045889
"254",-0.16862243754902,1.02177627666431,-0.0520815302524672,-0.203259129587177
"255",-0.16862243754902,1.01869180758327,-0.194209129600556,0.00397653329792318
"256",-0.16862243754902,1.00887494530766,-0.0595471523455001,-0.119510635163021
"257",-0.16862243754902,1.02169516175034,-0.00745396538885572,-0.209297496267949
"258",-0.16862243754902,1.01143787319025,-0.107091048519002,-0.107415448845699
"259",-0.16862243754902,1.02178411302877,-0.0867220853176508,-0.191107439824167
"260",-0.16862243754902,1.03142374244196,-0.182644649544102,-0.174573389913499
"261",-0.16862243754902,1.02089379624173,-0.187614874657473,-0.0838140919661907
"262",-0.16862243754902,1.02535832464095,-0.167517324397696,-0.152635644386027
"263",-0.16862243754902,1.00759767904517,-0.00522318304364753,-0.123392873279272
"264",-0.16862243754902,1.00020278906109,-0.00126622364786434,0.0201001473442048
"265",-0.16862243754902,1.02927785579719,-0.228973470355138,-0.0835706545862676
"266",-0.16862243754902,1.04303061491502,-0.190244871011955,-0.227419772015634
"267",-0.16862243754902,1.02696994427831,-0.179634475571196,-0.149662024699847
"268",-0.16862243754902,1.03580075006935,-0.242787575575443,-0.118056710908056
"269",-0.16862243754902,1.01192490284685,-0.153895576123291,0.0175545051562504
"270",-0.16862243754902,1.02341736260134,-0.180768353217686,-0.121267887541783
"271",-0.16862243754902,1.01470362297163,-0.133370189540922,-0.108792623893197
"272",-0.16862243754902,1.00286370448012,-0.00892449188871629,-0.075206138101349
"273",-0.16862243754902,1.02359648742512,-0.178877332984714,-0.125509636336488
"274",-0.16862243754902,1.02626916697547,-0.0876701140978772,-0.213406546709753
"275",-0.16862243754902,1.02036339714466,-0.167222836831437,-0.114795405285421
"276",-0.16862243754902,1.01395901559713,-0.0990688127306635,-0.135271045145818
"277",-0.16862243754902,1.00398800674366,-0.0760641547392466,-0.04696979932807
"278",-0.16862243754902,1.02446583384017,-0.13043041418111,-0.180327900676443
"279",-0.16862243754902,1.03463282038297,-0.138785612134952,-0.226282184181503
"280",-0.16862243754902,1.00812381378132,-0.0814734569875781,-0.0983651346742432
"281",-0.16862243754902,1.04713298232739,-0.269584245771307,-0.15431078092527
"282",-0.16862243754902,1.01786099374943,-0.126803336183313,-0.141286646677463
"283",-0.16862243754902,1.02894042313962,-0.0706227051526102,-0.23179911105886
"284",-0.16862243754902,1.03522401802595,-0.259293219597083,-0.066751732327915
"285",-0.16862243754902,1.02156168000239,-0.109676025271288,-0.177649755220746
"286",-0.16862243754902,1.01382579874528,-0.129954135541415,-0.104664573076061
"287",-0.16862243754902,1.01122038215565,-0.150219908723271,0.000800193840487688
"288",-0.16862243754902,1.00594722820881,-0.108258601098154,-0.0144879684313558
"289",-0.16862243754902,1.02825165407388,-0.108610046540362,-0.213319764429291
"290",-0.16862243754902,1.02187306044208,-0.144826885435099,-0.152478604769423
"291",-0.16862243754902,1.00341855016295,-0.0622764037144815,-0.0545017096200458
"292",-0.16862243754902,1.05795014367554,-0.0494682083540171,-0.341776831961077
"293",-0.16862243754902,1.02099694820258,-0.163404935574495,-0.125433628939266
"294",-0.16862243754902,1.01375510643801,-0.12182367509195,0.113394920592693
"295",-0.16862243754902,1.0117957315755,-0.0109353163680276,-0.153658782014996
"296",-0.16862243754902,1.03825398017612,-0.134000264189028,-0.244980114598784
"297",-0.16862243754902,1.03861020368141,-0.206252513846741,-0.190186896822699
"298",-0.16862243754902,1.01656670375844,-0.0614724600516208,-0.172130763797485
"299",-0.16862243754902,1.00902162177319,-0.132010110953913,-0.0264190047451732
"300",-0.16862243754902,1.03756272427972,-0.239321661880949,-0.13878598261095
"301",-0.16862243754902,1.01798915918087,-0.115786680916546,-0.151312169808356
"302",-0.16862243754902,1.03157827087988,-0.174726780065514,-0.183369248456376
"303",-0.16862243754902,1.00442937615867,-0.0399774411568099,-0.0853239467503511
"304",-0.16862243754902,1.03751942671562,-0.244680002839279,-0.128756580503249
"305",-0.16862243754902,1.02191828806783,-0.112487494480919,-0.177942549922399
"306",-0.16862243754902,1.03794618876325,-0.24995764644492,-0.121874795392119
"307",-0.16862243754902,1.02850257365774,-0.15773428975386,-0.18148674292202
"308",-0.16862243754902,1.0243472324054,-0.191752760661164,-0.111884455200103
"309",-0.16862243754902,1.0162577694638,-0.0794454082379621,-0.162690752980762
"310",-0.16862243754902,1.0274533779311,-0.190925521966441,-0.138592528239724
"311",-0.16862243754902,1.03657545610323,-0.0417847581264764,-0.269708565277287
"312",-0.16862243754902,1.01527693675328,-0.174672719214896,-0.0166342858340133
"313",-0.16862243754902,1.03251558661964,-0.230781003037952,-0.113263256395403
"314",-0.16862243754902,1.02265820291808,-0.165730938142853,-0.135510354356862
"315",-0.16862243754902,1.03988871514667,-0.174459979015996,-0.225681757373383
"316",-0.16862243754902,1.0417249771364,-0.178216787866915,-0.231148663228314
"317",-0.16862243754902,1.00736595864362,-0.0739016137017138,-0.0965646215042989
"318",-0.16862243754902,1.01772971730886,-0.10903279265336,-0.154549757747386
"319",-0.16862243754902,1.03436586349037,-0.176667723486901,-0.196726345546656
"320",-0.16862243754902,1.01734810583651,-0.148286860280353,-0.114053388890189
"321",-0.16862243754902,1.00798415607919,-0.0442635185263687,-0.118628832221961
"322",-0.16862243754902,1.04920662293175,-0.289124936341413,-0.131306164323777
"323",-0.16862243754902,1.00738701738004,-0.118739199828944,0.0270112052644515
"324",-0.16862243754902,1.01565102117051,-0.148830133484541,-0.0969360003902992
"325",-0.16862243754902,1.00184674963044,-0.0351363254448137,-0.04962205537164
"326",-0.16862243754902,1.01910446798734,-0.119387464691399,-0.155950472735128
"327",-0.16862243754902,1.01014114915671,-0.030186976000071,-0.13954887208293
"328",-0.16862243754902,1.01649713722132,-0.161735723613295,-0.0843088707457961
"329",-0.16862243754902,1.00204771929083,-0.0380319025365795,-0.0515092819345345
"330",-0.16862243754902,1.01504353108548,-0.104824573278345,-0.139015030969649
"331",-0.16862243754902,1.0109312814618,-0.131169252022072,-0.0691135526649252
"332",-0.16862243754902,1.0174696172647,-0.144636889560877,-0.119685388560748
"333",-0.16862243754902,1.01492128822836,-0.140451913674631,-0.101678322390953
"334",-0.16862243754902,1.01036658080001,-0.0421224348541519,-0.138080875140097
"335",-0.16862243754902,1.02422850704307,-0.192937325334546,-0.108716250544377
"336",-0.16862243754902,1.0224694525769,-0.209975175364882,-0.0367995541194135
"337",-0.16862243754902,1.00546219352339,-0.0825897460259013,-0.0642896294611504
"338",-0.16862243754902,1.0189151357478,-0.183171471605425,-0.0680901303116758
"339",-0.16862243754902,1.02423491384675,-0.0757736145204739,-0.208123804705663
"340",-0.16862243754902,1.016045147326,-0.124011485861051,-0.130264702737366
"341",-0.16862243754902,1.03878283720317,-0.239508081652726,-0.147328414404318
"342",-0.16862243754902,1.00892675234057,-0.0976894545950335,-0.0915967360193929
"343",-0.16862243754902,1.01936062174043,-0.13796530226452,-0.14163916310858
"344",-0.16862243754902,1.00987383399449,-0.0202830162428319,-0.139405020852287
"345",-0.16862243754902,1.02718609356251,-0.222879272462863,-0.073729917364957
"346",-0.16862243754902,1.01474869222045,-0.135507555777242,-0.106548630635907
"347",-0.16862243754902,1.00530815190124,-0.0379268366452383,-0.09594808669884
"348",-0.16862243754902,1.00679538609319,-0.0786475214139087,-0.0863221688443312
"349",-0.16862243754902,1.0103626192362,-0.136028416794991,0.0482585968929545
"350",-0.16862243754902,1.04086823342593,-0.193926091371335,-0.214007827989216
"351",-0.16862243754902,1.03422717078103,-0.135312850770215,-0.226530954172192
"352",-0.16862243754902,1.02352374296087,-0.198911124064244,-0.0896393726446482
"353",-0.16862243754902,1.01092421007323,-0.103351551682847,-0.106236600458296
"354",-0.16862243754902,1.01265130782309,-0.101916218320361,-0.122783368902657
"355",-0.16862243754902,1.02177944134721,-0.0703791971324827,-0.197686608982021
"356",-0.16862243754902,1.03823252606295,-0.18923516521791,-0.205223854412693
"357",-0.16862243754902,1.00999028826482,-0.0636040771484234,-0.126629000467312
"358",-0.16862243754902,1.02520557813699,-0.0408545523818438,-0.222210222521102
"359",-0.16862243754902,1.03250517935728,-0.25572594394652,0.0259072768207374
"360",-0.16862243754902,1.00957453411154,0.0367831899290626,-0.133745044264018
"361",-0.16862243754902,1.01615945738798,0.0161458460081578,-0.179775845139772
"362",-0.16862243754902,1.00885463512415,-0.0907959904373301,-0.0976921846003645
"363",-0.16862243754902,1.01652166520518,-0.154134464409083,-0.0977694364964511
"364",-0.16862243754902,1.02427493808273,-0.103745134410766,-0.195898177302564
"365",-0.16862243754902,1.03024252008608,-0.229230617994848,-0.0940902437397684
"366",-0.16862243754902,1.0060283743565,-0.109349501671905,-0.0116523171291355
"367",-0.16862243754902,1.0140703677233,-0.0835820783619603,-0.146125791259337
"368",-0.16862243754902,1.00903507781889,-0.134723576199304,0.00116029523926539
"369",-0.16862243754902,1.03660654538828,-0.181914871048134,-0.203617557281687
"370",-0.16862243754902,1.02821635334362,-0.213115963403744,-0.108675919254178
"371",-0.16862243754902,1.02271297218339,-0.064773528645932,-0.204318901374644
"372",-0.16862243754902,1.002929749956,-0.054776799952237,-0.0535498415852609
"373",-0.16862243754902,1.00709332437941,-0.0564511362284621,-0.105120089555131
"374",-0.16862243754902,1.00702345443531,-0.0886522640294412,-0.07897476726954
"375",-0.16862243754902,1.01767463346153,-0.0846719260476774,-0.168796695851645
"376",-0.16862243754902,1.01090945112827,-0.0977447923855824,-0.11128285556171
"377",-0.16862243754902,1.01523539868186,-0.144077754854874,-0.0997221905730493
"378",-0.16862243754902,1.02993559553219,-0.187156404783959,-0.160436314756327
"379",-0.16862243754902,1.01346433422194,-0.102620792311834,-0.128759192779437
"380",-0.16862243754902,1.00391747907539,0.0126094542117814,-0.08770009382868
"381",-0.16862243754902,1.01953407004155,-0.0607551223537761,-0.189099273090265
"382",-0.16862243754902,1.01840629001176,-0.0843463720104681,-0.17331203381239
"383",-0.16862243754902,1.02442759815721,-0.188260984980265,-0.118362601358743
"384",-0.16862243754902,1.02404840217771,-0.114263127760467,-0.188730145014285
"385",-0.16862243754902,1.03015436209127,-0.10504439670168,-0.224017152149683
"386",-0.16862243754902,1.01700767179042,-0.104815482627389,-0.15270336958353
"387",-0.16862243754902,1.02636360355382,-0.187781883834518,-0.134759826370971
"388",-0.16862243754902,1.00489400264047,-0.0901273234576851,-0.0410977141595617
"389",-0.16862243754902,1.00455839529575,-0.0790209132973761,-0.0537890771515089
"390",-0.16862243754902,1.01833031733938,-0.0733352291034945,-0.177816139269933
"391",-0.16862243754902,1.04714551147662,-0.219634729001935,-0.219714150709247
"392",-0.16862243754902,1.02520946581506,-0.17407059268469,-0.144062061484602
"393",-0.16862243754902,1.01168618835423,-0.127269329971959,-0.0855070836551219
"394",-0.16862243754902,1.01148967775944,-0.118570716446544,-0.0951438564240852
"395",-0.16862243754902,1.00282131316098,0.0208876552095247,-0.0722100546306702
"396",-0.16862243754902,1.00287944422881,-0.00515499565781969,-0.075766784783653
"397",-0.16862243754902,1.0249085171778,-0.223716864961657,-0.0197036269586707
"398",-0.16862243754902,1.03534839214141,-0.144353283692766,-0.226071720029115
"399",-0.16862243754902,1.0034145144045,-0.0625268097421526,-0.0541395029630619
"400",-0.16862243754902,1.01904585894695,-0.181325443528256,-0.0746695799251837
"401",-0.16862243754902,1.00904161205889,-0.0724184929019981,-0.11366853897282
"402",-0.16862243754902,1.00495357102092,-0.0810894043914731,-0.0579326195086361
"403",-0.16862243754902,1.01005460163819,-0.0422532815856084,-0.135738566685088
"404",-0.16862243754902,1.01544942637024,-0.0828805347754158,-0.155783036531582
"405",-0.16862243754902,1.00822446104392,-0.115602206249597,-0.0561488535727099
"406",-0.16862243754902,1.00933340044083,-0.066162530935295,-0.119901762896469
"407",-0.16862243754902,1.03111435980522,-0.244266122462973,-0.0594212454719421
"408",-0.16862243754902,1.03924525926328,-0.0680175720800124,-0.274598468294245
"409",-0.16862243754902,1.03414255475213,-0.0310306832251395,-0.261701968368305
"410",-0.16862243754902,1.03775355309041,-0.275089524619997,-0.0354709796327646
"411",-0.16862243754902,1.01880110312933,-0.107474485892065,-0.162495915701853
"412",-0.16862243754902,1.01140773067988,-0.132889289363258,-0.072705119844167
"413",-0.16862243754902,1.03325855979779,-0.174895467822209,-0.192444347099735
"414",-0.16862243754902,1.00426438795202,-0.0346819040251168,-0.0856978788642518
"415",-0.16862243754902,1.01434425740752,-0.161538373710646,-0.0529114954857788
"416",-0.16862243754902,1.02469769061087,-0.175510482688794,-0.138569215952142
"417",-0.16862243754902,1.03031000023314,-0.197148816693378,-0.150569056106505
"418",-0.16862243754902,1.01517158347868,-0.1532137252861,-0.0842549600116383
"419",-0.16862243754902,1.02345456066172,-0.116360290162517,-0.184172529473219
"420",-0.16862243754902,1.01209360767533,-0.134422519360633,0.0791457957570066
"421",-0.16862243754902,1.04178858314709,-0.239230412822297,-0.167607462711199
"422",-0.16862243754902,1.00951062910853,-0.135492756056384,0.0274485580557481
"423",-0.16862243754902,1.01741440878143,-0.176753109298532,-0.062373211793016
"424",-0.16862243754902,1.00074973304231,0.0263331147726399,-0.0284006206029703
"425",-0.16862243754902,1.02376745486423,-0.175015235641699,-0.132172118589632
"426",-0.16862243754902,1.01015030469536,-0.100292184903068,-0.101710942004796
"427",-0.16862243754902,1.00410435888604,-0.0451999426868316,-0.0786290577017232
"428",-0.16862243754902,1.02367716156806,-0.177161637233484,-0.128563935101513
"429",-0.16862243754902,1.0244467120369,-0.181370977983297,-0.128824043363807
"430",-0.16862243754902,1.01050690592096,-0.054611731164768,-0.134691372155548
"431",-0.16862243754902,1.01617075238937,-0.178259018200877,0.0287527466798085
"432",-0.16862243754902,1.02720876945439,-0.169377636034002,-0.162693185030987
"433",-0.16862243754902,1.02544997145996,-0.226674919319608,-0.0128889456001899
"434",-0.16862243754902,1.02974006344636,0.0355416836133988,-0.243107768268397
"435",-0.16862243754902,1.0287253370119,-0.209365888252265,-0.120173806824044
"436",-0.16862243754902,1.02335896391142,-0.176426188121904,-0.127032945186007
"437",-0.16862243754902,1.02109452530067,-0.184761591973429,-0.0921801699415085
"438",-0.16862243754902,1.01682472599334,-0.126498852610883,-0.133905054719995
"439",-0.16862243754902,1.00165424694953,-0.0323655467497543,-0.0475783755042039
"440",-0.16862243754902,1.00497488904817,-0.0775187594603022,-0.0629711803059376
"441",-0.16862243754902,1.02117884122119,-0.154117495859734,-0.138036311265493
"442",-0.16862243754902,1.03302966459945,-0.172251215467425,-0.193597021445178
"443",-0.16862243754902,1.0211747515448,-0.186682252610356,-0.0891493676528998
"444",-0.16862243754902,1.01305207666101,-0.148862029470945,-0.0641451963048401
"445",-0.16862243754902,1.00815071267039,-0.0848533858091067,-0.095748432752427
"446",-0.16862243754902,1.01848689835933,-0.157864919378412,-0.11132937329949
"447",-0.16862243754902,1.01455755646692,-0.0943099516131916,-0.142942885135452
"448",-0.16862243754902,1.02621007098753,-0.230434074615927,-0.00269203494200112
"449",-0.16862243754902,1.01917770817464,-0.115010313304671,-0.159674132763193
"450",-0.16862243754902,1.04166445155576,-0.0941504555581301,-0.276044419166836
"451",-0.16862243754902,1.013371842362,-0.116452261107412,-0.11559135683569
"452",-0.16862243754902,1.0052694037592,-0.102655376104976,0.00533365644877862
"453",-0.16862243754902,1.0101742574965,-0.0764675944197866,-0.1208500621111
"454",-0.16862243754902,1.02677676276766,-0.158406653458375,-0.170815258978107
"455",-0.16862243754902,1.02330094394233,-0.142649323499021,-0.163694814757655
"456",-0.16862243754902,1.04695544850093,-0.239174563802949,-0.197259319616216
"457",-0.16862243754902,1.02492522734311,-0.116091843281004,-0.19233929803328
"458",-0.16862243754902,1.00732589751787,-0.120228052066303,-0.0158328552864597
"459",-0.16862243754902,1.01989980539066,-0.140138561896493,-0.143376415443725
"460",-0.16862243754902,1.04944352554785,-0.186184695965251,-0.258199481607969
"461",-0.16862243754902,1.01267992282814,-0.130917439476332,-0.0915491678835477
"462",-0.16862243754902,1.02899404789379,-0.19047589374529,-0.150158864216482
"463",-0.16862243754902,1.03922013533491,-0.0952183608031295,-0.266292984232555
"464",-0.16862243754902,1.04207878029749,-0.209913180747173,-0.204608506408994
"465",-0.16862243754902,1.05167860666329,-0.24250770933312,-0.217296807678447
"466",-0.16862243754902,1.01593860650108,-0.170034575258244,-0.0567405974245839
"467",-0.16862243754902,1.01190676327713,-0.0320031814620174,-0.151430161930535
"468",-0.16862243754902,1.01540788238195,-0.046865813364408,-0.16987278516905
"469",-0.16862243754902,1.02459761734095,-0.144736792837813,-0.169857405666556
"470",-0.16862243754902,1.00717622855992,-0.0195584886030605,-0.118412080885974
"471",-0.16862243754902,1.00008897551911,0.00175863749865757,-0.013223696495434
"472",-0.16862243754902,1.02218553848192,-0.174438990244138,-0.120142888945556
"473",-0.16862243754902,1.00337366464215,-0.00331637609278579,-0.0821444614507576
"474",-0.16862243754902,1.00725345072911,-0.0438785461467076,-0.112401900312046
"475",-0.16862243754902,1.0179573089535,-0.114332087988146,-0.152201368285955
"476",-0.16862243754902,1.01387175737779,-0.114976562907946,-0.121310883230674
"477",-0.16862243754902,1.01891562619765,-0.0650678726652054,-0.184269436577442
"478",-0.16862243754902,1.03665082250603,-0.148732517160558,-0.229180204514969
"479",-0.16862243754902,1.02822622538228,-0.200781352669586,-0.130138460817905
"480",-0.16862243754902,1.02799103504944,-0.143744975650657,-0.190007763307724
"481",-0.16862243754902,1.02163749602041,-0.0953868185359163,-0.186130406232941
"482",-0.16862243754902,1.02343270885417,-0.146907532825058,-0.160725500004939
"483",-0.16862243754902,1.02699063149616,-0.188232165868829,-0.138846710127419
"484",-0.16862243754902,1.01248175641868,-0.158398887204119,0.00539440572762868
"485",-0.16862243754902,1.00505058715254,-0.0995261884495516,-0.0148734847421062
"486",-0.16862243754902,1.02830710249515,-0.109366286835191,-0.213200638708824
"487",-0.16862243754902,1.01175823034702,-0.129283253947355,-0.0833100049436339
"488",-0.16862243754902,1.03521285715408,-0.111820780207103,-0.243231931972302
"489",-0.16862243754902,1.02784980949114,-0.119881210360505,-0.205191925458744
"490",-0.16862243754902,1.01638129997726,-0.165518646750524,-0.0750634699527647
"491",-0.16862243754902,1.04476846047133,-0.230673827290887,-0.195782331681418
"492",-0.16862243754902,1.01591307115745,-0.0476045344192669,-0.172664925364974
"493",-0.16862243754902,1.02207750687336,-0.211266338956201,-0.00299400743388215
"494",-0.16862243754902,1.01820580377143,-0.0935582511462944,-0.167301860349121
"495",-0.16862243754902,1.01968284750214,-0.127813435482865,-0.153025603087003
"496",-0.16862243754902,1.01175567265326,-0.146671784313291,0.0462269275682852
"497",-0.16862243754902,1.01874728043033,-0.166124735875817,-0.101235337280953
"498",-0.16862243754902,1.02914242016812,0.0687312264710431,-0.233259811149035
"499",-0.16862243754902,1.027604086604,-0.160040255494595,-0.17423339354575
"500",-0.16862243754902,1.02476469619477,-0.154858335834802,-0.161745412267641
"501",-0.16862243754902,1.02411385719973,-0.175393494821858,-0.134336571650063
"502",-0.16862243754902,1.01286436336039,-0.160914921284049,0.00077889254115871
"503",-0.16862243754902,1.00220042471512,-0.0242320580616808,-0.061794001822692
"504",-0.16862243754902,1.00395200089345,0.0119602233255021,-0.088184880540661
"505",-0.16862243754902,1.03706457156062,-0.25997465875064,-0.0889724811033749
"506",-0.16862243754902,1.0217449868307,-0.198899261735564,-0.0663468295753933
"507",-0.16862243754902,1.02866986797787,-0.180096899301315,-0.160395773471968
"508",-0.16862243754902,1.00568250426096,-0.0634329272029332,0.0858694539581159
"509",-0.16862243754902,1.02452169130101,-0.206448824673871,-0.0838067940984504
"510",-0.16862243754902,1.03422298498017,-0.221293584317577,-0.143688316160984
"511",-0.16862243754902,1.01335803274131,-0.144312288050647,-0.0779003596842057
"512",-0.16862243754902,1.01681822787422,-0.158726307507375,-0.0934091421775567
"513",-0.16862243754902,1.02612106353831,-0.18187050410388,-0.140881357084549
"514",-0.16862243754902,1.01037110256549,-0.111491669680256,-0.0917571386395696
"515",-0.16862243754902,1.02260409878789,-0.0777707634730231,-0.199175428219978
"516",-0.16862243754902,1.01572671457426,-0.177798323272133,0.00940823795630598
"517",-0.16862243754902,1.01672928788508,-0.125340570725884,-0.134269081226476
"518",-0.16862243754902,1.00896426280837,-0.0957532556629418,-0.0940223252977039
"519",-0.16862243754902,1.02606209786154,-0.192683241245026,-0.125206218740628
"520",-0.16862243754902,1.03077623957178,-0.199823320383476,-0.150234139584393
"521",-0.16862243754902,1.04165527777385,-0.260803767316624,-0.130487979015581
"522",-0.16862243754902,1.02244964585859,-0.00456037850249462,-0.213031643809724
"523",-0.16862243754902,1.00627086049391,-0.0944671640915142,-0.0604731311216544
"524",-0.16862243754902,1.02711459492503,-0.137010324379499,-0.190243428589358
"525",-0.16862243754902,1.01797757510683,-0.165998128624435,-0.0933968131874216
"526",-0.16862243754902,1.01423220073384,-0.143999847968878,-0.0890561664925544
"527",-0.16862243754902,1.00182949482416,-0.00156588159309728,-0.0604969810359346
"528",-0.16862243754902,1.04834286536536,-0.195962813970471,-0.246214010371512
"529",-0.16862243754902,1.00853409550664,-0.0563565901077524,-0.118173417276599
"530",-0.16862243754902,1.02028783229984,-0.100694009550852,-0.175635922235986
"531",-0.16862243754902,1.02897735857446,-0.0654261531973961,-0.23348195419917
"532",-0.16862243754902,1.00690109177113,-0.11606298849297,0.0194728352322077
"533",-0.16862243754902,1.01404415441448,-0.140947928741861,-0.091756353924732
"534",-0.16862243754902,1.016270797875,-0.153236113470036,-0.0965661852932211
"535",-0.16862243754902,1.00301505132754,-0.05016770966308,-0.0593497607134295
"536",-0.16862243754902,1.00793516975642,-0.0905385274915343,-0.0879549968538826
"537",-0.16862243754902,1.00366234029678,-0.0807370356330273,-0.0286290832406715
"538",-0.16862243754902,1.01628666255153,-0.143231374678072,-0.11101060214213
"539",-0.16862243754902,1.01338885573303,-0.149089183643365,-0.0687705477980591
"540",-0.16862243754902,1.03287448451159,-0.109853831264965,-0.234012470846071
"541",-0.16862243754902,1.00861525438625,-0.0734796620728701,-0.109112192913068
"542",-0.16862243754902,1.00930025645267,-0.0287625172725788,-0.133640283131847
"543",-0.16862243754902,1.01967292429161,-0.143974120977257,-0.137856175132758
"544",-0.16862243754902,1.00020904658272,-0.0199961865140196,-0.00427660973333288
"545",-0.16862243754902,1.02076858028385,-0.0676017614078931,-0.193386908422609
"546",-0.16862243754902,1.04232244416726,-0.217626409162236,-0.197673527944333
"547",-0.16862243754902,1.03688772384767,-0.23765119142569,-0.13659452068054
"548",-0.16862243754902,1.04002210793577,-0.0398317286024798,-0.282947730847402
"549",-0.16862243754902,1.02126840157678,-0.160801037821194,-0.130889931984171
"550",-0.16862243754902,1.01698989438361,-0.0884431694783928,-0.162623033580729
"551",-0.16862243754902,1.00397037331366,-0.0579941857339091,-0.067773039718155
"552",-0.16862243754902,1.02221260337166,-0.14863162714152,-0.151086881975678
"553",-0.16862243754902,1.00202642801143,-0.0636942312095306,8.5696943301187e-05
"554",-0.16862243754902,1.00896453371855,-0.131524976359268,-0.0266572859757198
"555",-0.16862243754902,1.003163128282,-0.0698417715785412,-0.0381888581565302
"556",-0.16862243754902,1.03130159470928,-0.229647902384563,-0.104138466381384
"557",-0.16862243754902,1.01218652136318,-0.0876445427425488,-0.12976897994797
"558",-0.16862243754902,1.01974901423251,-0.148207884631198,-0.133874848128112
"559",-0.16862243754902,1.01993278011275,-0.15760750968137,-0.124188360326362
"560",-0.16862243754902,1.00446843304796,-0.0836689756790916,-0.0442304815555284
"561",-0.16862243754902,1.03503518892083,-0.261207122579313,-0.0553956805014571
"562",-0.16862243754902,1.0341671541439,-0.237902874041975,-0.113595445475031
"563",-0.16862243754902,1.00859831190656,-0.0148562463378436,-0.130575061652366
"564",-0.16862243754902,1.00016933399836,0.00719880788580474,-0.0169373503166194
"565",-0.16862243754902,1.04104425042447,-0.235698884304321,-0.167985616287647
"566",-0.16862243754902,1.02204861795659,-0.108410460665295,-0.18119202379057
"567",-0.16862243754902,1.00501178702811,0.0352302292189244,-0.0938484044329337
"568",-0.16862243754902,1.03290431256032,-0.215569409200699,-0.142902584730155
"569",-0.16862243754902,1.02281515410791,-0.117728830813934,-0.179696304547348
"570",-0.16862243754902,1.02916570450475,-0.197843384405973,-0.141562857330392
"571",-0.16862243754902,1.02736260508497,-0.14305653351404,-0.187106254694825
"572",-0.16862243754902,1.0079016200474,-0.0540323973448317,-0.113781262654858
"573",-0.16862243754902,1.01150576835332,-0.0335070385245764,-0.148395410243552
"574",-0.16862243754902,1.03232517625836,-0.226144391678098,-0.120639892446031
"575",-0.16862243754902,1.0131435207762,-0.107689967513354,-0.121912528428221
"576",-0.16862243754902,1.0124996519197,-0.126922856865158,-0.0951111641328648
"577",-0.16862243754902,1.00674184047535,0.0164527129956971,-0.115145306455679
"578",-0.16862243754902,1.03161496518335,-0.10349440991934,-0.231340319671467
"579",-0.16862243754902,1.00927405340967,-0.06931059649662,-0.117601684083429
"580",-0.16862243754902,1.00227847703803,0.0177806630783153,-0.0651612887699633
"581",-0.16862243754902,1.02962000290573,-0.0233193090798143,-0.244076955503056
"582",-0.16862243754902,1.00433983180708,-0.0901216485068039,0.0240122099086725
"583",-0.16862243754902,1.00381881852013,-0.0423098219757226,-0.0765643479664324
"584",-0.16862243754902,1.02209225939262,-0.09407439009036,-0.189268581226378
"585",-0.16862243754902,1.02550685610187,-0.157122705864474,-0.164246056920017
"586",-0.16862243754902,1.02869110086153,-0.225719694916347,-0.0851821596261943
"587",-0.16862243754902,1.02378713473197,-0.179630174483809,-0.125988482241921
"588",-0.16862243754902,1.02755943765591,-0.160457613820453,-0.17358499959033
"589",-0.16862243754902,1.03432644393091,-0.18601110180679,-0.187699394296785
"590",-0.16862243754902,1.00697493824336,-0.0804553181088371,-0.0867494555499739
"591",-0.16862243754902,1.01690990250427,-0.154678315990918,-0.100897811539474
"592",-0.16862243754902,1.00873825661726,-0.0308319558593126,-0.12884976081124
"593",-0.16862243754902,1.01787223610302,-0.131449500815071,-0.137058081720203
"594",-0.16862243754902,1.00598042366683,-0.0786674727612019,-0.0762105080042449
"595",-0.16862243754902,1.01827673129164,-0.102223209129214,-0.162597407744734
"596",-0.16862243754902,1.00336639830637,-0.0730906605172705,-0.0374417493642283
"597",-0.16862243754902,1.00490650365814,-0.0932168412462974,-0.0338777449440282
"598",-0.16862243754902,1.0438289551051,-0.233266535137056,-0.18752496127437
"599",-0.16862243754902,1.01237459428402,-0.00870991700934222,-0.157564134552975
"600",-0.16862243754902,1.01305087275472,-0.117114248644967,-0.112055002357923
"601",-0.16862243754902,1.01871500900441,-0.190208866169618,-0.0400107085832102
"602",-0.16862243754902,1.04060963499507,-0.131148302775885,-0.256258726921811
"603",-0.16862243754902,1.02326710103478,-0.110291613052921,-0.186845712153944
"604",-0.16862243754902,1.00003648181188,-0.00293873849788595,-0.00802052184913678
"605",-0.16862243754902,1.02200985064298,-0.173346483543014,-0.120229494944255
"606",-0.16862243754902,1.01723341105815,-0.147982241257213,-0.113424286841445
"607",-0.16862243754902,1.05049353227154,-0.134825196122168,-0.292162331307369
"608",-0.16862243754902,1.0037232214355,-0.0210183118566299,-0.083776702104821
"609",-0.16862243754902,1.03426828251849,-0.237310884026715,-0.115734284229934
"610",-0.16862243754902,1.00013558914076,0.00347836850692715,-0.0160965095120146
"611",-0.16862243754902,1.01210378076599,-0.146781921186414,-0.0530012325671102
"612",-0.16862243754902,1.02994461013611,-0.209348875270972,-0.130226527141014
"613",-0.16862243754902,1.01743486796723,-0.172417789118755,-0.073795775969201
"614",-0.16862243754902,1.00817728443718,-0.112304070149506,-0.0617189815452449
"615",-0.16862243754902,1.01225268295114,-0.156930771681927,-0.00531291267578454
"616",-0.16862243754902,1.02275298522749,-0.0280794785073979,-0.212685711035055
"617",-0.16862243754902,1.00658535003775,-0.00824669181734594,-0.114656264480793
"618",-0.16862243754902,1.01334200068654,-0.148875323941279,-0.0685430395939491
"619",-0.16862243754902,1.00863133131419,-0.0916975154556789,-0.0944919476352026
"620",-0.16862243754902,1.03542624778672,-0.155177513747494,-0.219151668560461
"621",-0.16862243754902,1.03176301706725,-0.17379611011047,-0.18528312254004
"622",-0.16862243754902,1.02035172149287,-0.145539124265281,-0.141194896726352
"623",-0.16862243754902,1.01325498147811,-0.15172736145251,-0.0605348269748188
"624",-0.16862243754902,1.03731557492011,-0.238002895333992,-0.139205688764738
"625",-0.16862243754902,1.01564382340292,-0.172320611700967,-0.0428717016165853
"626",-0.16862243754902,1.03743235954841,-0.217816478307916,-0.169770086928521
"627",-0.16862243754902,1.0297175076519,-0.215837219801397,-0.117185494466033
"628",-0.16862243754902,1.00404792881171,-0.073113317525176,0.0525992980137995
"629",-0.16862243754902,1.01623367852847,-0.116989727266792,-0.138001061914584
"630",-0.16862243754902,1.02545450579724,-0.180196433328123,-0.138152773680788
"631",-0.16862243754902,1.00032777121475,0.0195889211893849,0.016490119166195
"632",-0.16862243754902,1.03674605905725,-0.185135883171929,-0.20141274967807
"633",-0.16862243754902,1.01245435923808,-0.15033112457078,-0.0496425475321317
"634",-0.16862243754902,1.03418157831966,-0.182520615679408,-0.190309647122145
"635",-0.16862243754902,1.03744982100292,-0.243814088287359,-0.12983382244853
"636",-0.16862243754902,1.02963995586789,-0.0733627338015696,-0.234043474612702
"637",-0.16862243754902,1.02491732661489,-0.100392007487149,-0.200940218045349
"638",-0.16862243754902,1.00280473752433,-0.0584290541417381,-0.0469402517393157
"639",-0.16862243754902,1.04093520649664,-0.271096645677115,-0.100263217716222
"640",-0.16862243754902,1.02509032283673,-0.103299027783736,-0.20034839862713
"641",-0.16862243754902,1.0017093402633,-0.0511981794270844,-0.028290436442193
"642",-0.16862243754902,1.01319171472814,-0.109125770324267,-0.121033123750851
"643",-0.16862243754902,1.00494541187138,-0.0743659510453282,-0.0662192280721191
"644",-0.16862243754902,1.02389690358101,-0.0225531907624407,-0.218760651738851
"645",-0.16862243754902,1.03540982558648,-0.254687796104201,-0.0848977822831785
"646",-0.16862243754902,1.02951128416172,-0.226603863413894,-0.0924346975015678
"647",-0.16862243754902,1.02626250540725,-0.172746630487073,-0.152883392362083
"648",-0.16862243754902,1.00519938283938,-0.0889177164151014,-0.0501940132704022
"649",-0.16862243754902,1.00632926639817,-0.0616700119190047,-0.0943154390298131
"650",-0.16862243754902,1.01548351945616,-0.168990417519885,-0.0514686027936806
"651",-0.16862243754902,1.01058679430369,-0.0999223493518559,-0.106307069007695
"652",-0.16862243754902,1.01895432158773,-0.0523829897419812,-0.188477934697924
"653",-0.16862243754902,1.02418275383996,-0.20804272264868,-0.0752896992698072
"654",-0.16862243754902,1.03044961714317,-0.195695025398988,-0.153394493071308
"655",-0.16862243754902,1.00624857098109,-0.111920515699279,0.00315986820831398
"656",-0.16862243754902,1.01908997084926,-0.150295610839885,-0.126315470342373
"657",-0.16862243754902,1.01078448984211,-0.0916859526864835,-0.11523441753807
"658",-0.16862243754902,1.02384031075816,-0.21769137411015,-0.0293163362545972
"659",-0.16862243754902,1.02279753209971,-0.146953896341298,-0.156586538436003
"660",-0.16862243754902,1.00688757730655,-0.0738342021084593,-0.0914937371259047
"661",-0.16862243754902,1.02098306353246,-0.181214478816161,-0.0978147672262061
"662",-0.16862243754902,1.02610498815104,-0.191510733019962,-0.127338469625634
"663",-0.16862243754902,1.01764151873265,-0.146868891391639,-0.11842208151305
"664",-0.16862243754902,1.00929126328352,-0.136402598841601,-0.00794890996906332
"665",-0.16862243754902,1.02879185161069,-0.140237625217878,-0.196840245919864
"666",-0.16862243754902,1.00193301716048,-0.0347248110876399,-0.0516135483302356
"667",-0.16862243754902,1.02568527460522,-0.148406754392898,-0.173221585815832
"668",-0.16862243754902,1.01849629614462,-0.0849820926676091,-0.173530254382738
"669",-0.16862243754902,1.01091906120136,-0.0721084994990535,-0.129451584000518
"670",-0.16862243754902,1.01089735038851,-0.0879823639938675,-0.119048547444117
"671",-0.16862243754902,1.00953915969348,-0.0956047837914208,-0.100145096089707
"672",-0.16862243754902,1.03520194610441,-0.247088813864476,-0.102908635601725
"673",-0.16862243754902,1.04342434591128,-0.0200711842993267,-0.297206179614756
"674",-0.16862243754902,1.03063203713789,0.00500235899454841,-0.249353909894142
"675",-0.16862243754902,1.03076170991654,-0.184278170308391,-0.168852771898674
"676",-0.16862243754902,1.01015947542165,-0.108336925694043,-0.0931948298743233
"677",-0.16862243754902,1.02436625541731,-0.0846176260255132,-0.205343815595899
"678",-0.16862243754902,1.0052175717441,-0.102234494794304,0.00323645133742019
"679",-0.16862243754902,1.00381352195844,-0.0621136724868447,-0.0615099874557329
"680",-0.16862243754902,1.02036580541472,-0.128981310994007,-0.156557332226557
"681",-0.16862243754902,1.00857190969525,-0.0813233272363303,-0.102974819609123
"682",-0.16862243754902,1.01698914797128,-0.152901332712919,-0.104346104603664
"683",-0.16862243754902,1.02386298851308,-0.137885304466415,-0.171122944280254
"684",-0.16862243754902,1.01477549331127,-0.112858417895671,-0.130507774999123
"685",-0.16862243754902,1.00437572895529,-0.0630929860796359,-0.0692089591167186
"686",-0.16862243754902,1.02339900394459,-0.154531070788084,-0.153185082288906
"687",-0.16862243754902,1.03856733531339,-0.173407848742177,-0.220344793391101
"688",-0.16862243754902,1.01776473687532,-0.170837096902999,-0.0816072665186223
"689",-0.16862243754902,1.02758064527671,-0.210961252372948,-0.106851918768617
"690",-0.16862243754902,1.01748833818045,-0.0954896585098833,-0.161753650502477
"691",-0.16862243754902,1.02482752519698,-0.201626476678731,-0.0980725257321305
"692",-0.16862243754902,1.01287091785341,-0.0878419030100226,-0.134875113748966
"693",-0.16862243754902,1.01577827538989,-0.0630846510989403,-0.16681076568912
"694",-0.16862243754902,1.01682451837589,-0.056127083443472,-0.175447575288153
"695",-0.16862243754902,1.03884497736507,-0.210920987216119,-0.186309484858973
"696",-0.16862243754902,1.02481712779508,-0.0918336256245,-0.204491394994572
"697",-0.16862243754902,1.02372322857415,-0.186634604575483,-0.114790126305508
"698",-0.16862243754902,1.04343276443013,-0.213666450928093,-0.207601978878078
"699",-0.16862243754902,1.01606581278259,-0.0540303920606307,-0.17166960313149
"700",-0.16862243754902,1.01461353899136,0.00746048725694723,-0.171420461539645
"701",-0.16862243754902,1.02243454866017,-0.173777903267445,-0.123181356665271
"702",-0.16862243754902,1.03328293880004,-0.194992241188614,-0.172196566433482
"703",-0.16862243754902,1.03004532639755,-0.229446355848535,-0.0913659905066075
"704",-0.16862243754902,1.03644988619502,-0.259783058230476,-0.0821043802125768
"705",-0.16862243754902,1.00549371219992,-0.0992491144816291,-0.0341645803162594
"706",-0.16862243754902,1.00744669405427,-0.0214659628648091,-0.120366331667847
"707",-0.16862243754902,1.01442295411005,-0.137834772147368,-0.100277143020968
"708",-0.16862243754902,1.0060517421855,-0.0605487646971578,-0.092054087623123
"709",-0.16862243754902,1.02498196159574,-0.192785268482876,-0.115852759365665
"710",-0.16862243754902,1.01543123398123,-0.161014086601073,-0.0719378541566237
"711",-0.16862243754902,1.02529716072502,-0.205227937023209,-0.0954764979247646
"712",-0.16862243754902,1.00670790417152,-0.0667481092471046,-0.0948972825393723
"713",-0.16862243754902,1.01442136641067,0.0498482239367292,-0.162990377632684
"714",-0.16862243754902,1.0103507275995,-0.11957953397898,-0.080680405391893
"715",-0.16862243754902,1.00278979676504,-0.0723062957635907,-0.0189519415633366
"716",-0.16862243754902,1.01465378497257,-0.1140260917978,-0.128531528227468
"717",-0.16862243754902,1.04005892716699,-0.176205818709456,-0.225109043427131
"718",-0.16862243754902,1.02712973228653,-0.234370500208131,0.00812130403300222
"719",-0.16862243754902,1.02127725666769,-0.206779425490331,-0.015795701331757
"720",-0.16862243754902,1.01984952342619,-0.193678716062749,-0.050809500852814
"721",-0.16862243754902,1.0127950933287,-0.117385419951499,-0.10942835214654
"722",-0.16862243754902,1.02743599521265,-0.190921877733841,-0.138468627714692
"723",-0.16862243754902,1.01474737238171,-0.069495844355576,-0.157742059619155
"724",-0.16862243754902,1.02902219652362,0.0138729448022682,-0.242268905022537
"725",-0.16862243754902,1.0246850181473,-0.147560703443283,-0.167944113367683
"726",-0.16862243754902,1.0119442057177,-0.140691490353696,-0.0650920888255862
"727",-0.16862243754902,1.03329061242269,-0.253593897718079,-0.0581345401719966
"728",-0.16862243754902,1.02068725542885,-0.10360254574924,-0.176263966564812
"729",-0.16862243754902,1.03762689829706,-0.232887503702643,-0.149776469075495
"730",-0.16862243754902,1.01064713525038,-0.0514703598250783,-0.136961432707422
"731",-0.16862243754902,1.0147597794289,-0.129814064231745,-0.113515279474726
"732",-0.16862243754902,1.02050448209324,-0.136315322629256,-0.151153996933157
"733",-0.16862243754902,1.02724632568846,-0.172747842241005,-0.159352429041791
"734",-0.16862243754902,1.03517556705862,-0.166081544841441,-0.209774581630397
"735",-0.16862243754902,1.00300166839397,-0.06930160345942,-0.0347798010208153
"736",-0.16862243754902,1.00587489784088,-0.052591794649149,-0.0949653265249065
"737",-0.16862243754902,1.03503862069341,0.0467280015601307,-0.262909566575887
"738",-0.16862243754902,1.02075260545963,-0.177637450339426,-0.101886298340461
"739",-0.16862243754902,1.01569459230194,-0.0442983176843394,-0.172259002324258
"740",-0.16862243754902,1.01472312317615,-0.0584079275063719,-0.162023241273477
"741",-0.16862243754902,1.00169468387267,-0.00310024975661051,-0.0581603658019712
"742",-0.16862243754902,1.02448096750026,-0.174087937526745,-0.138761099656744
"743",-0.16862243754902,1.01400233992463,-0.111745988649202,-0.125353816828337
"744",-0.16862243754902,1.007078669802,-0.113695172556126,-0.0357890333425959
"745",-0.16862243754902,1.01337566354242,-0.129480201596156,-0.100822184337898
"746",-0.16862243754902,1.00240823738946,-0.0482518147135557,-0.0499403320283433
"747",-0.16862243754902,1.01746064750668,-0.175636275103736,-0.06616697131039
"748",-0.16862243754902,1.03402723068033,-0.244019367052887,-0.0983202028656455
"749",-0.16862243754902,1.01249514555295,-0.0003418274384935,-0.158575858573384
"750",-0.16862243754902,1.03159376393231,-0.120095007469159,-0.223075957837258
"751",-0.16862243754902,1.01979186662053,-0.169435700926224,-0.106146099678772
"752",-0.16862243754902,1.02513180209591,-0.18408531676517,-0.130413986289324
"753",-0.16862243754902,1.00504716679522,-0.00733496454478742,-0.100329486085689
"754",-0.16862243754902,1.03812808259135,-0.271375985409017,0.0637572772950912
"755",-0.16862243754902,1.01323541629789,-0.0943887414326794,-0.133179481644539
"756",-0.16862243754902,1.00045590108939,-0.00991673039715797,-0.0285248748080095
"757",-0.16862243754902,1.02494955083544,-0.181845399868221,-0.13211295282653
"758",-0.16862243754902,1.02162467381879,-0.0760063319623575,-0.194781959269767
"759",-0.16862243754902,1.0177739891833,-0.178035561947021,-0.064554099329865
"760",-0.16862243754902,1.0266683679695,-0.0816281068895006,-0.217680476742407
"761",-0.16862243754902,1.04722401418772,-0.281687768410489,-0.131643978287534
"762",-0.16862243754902,1.03340562573905,-0.124221312162782,-0.229120607789146
"763",-0.16862243754902,1.01962917721393,-0.108964757738763,-0.166644353630373
"764",-0.16862243754902,1.02210234543778,-0.183735567974799,-0.104567899521697
"765",-0.16862243754902,1.0196747076351,-0.162713383245659,-0.115155826181239
"766",-0.16862243754902,1.03823916135789,-0.209011687594853,-0.185080173508378
"767",-0.16862243754902,1.02070975836282,-0.187717171304164,-0.0813060539852838
"768",-0.16862243754902,1.00400046064257,-0.0664026311981862,-0.0600634293098537
"769",-0.16862243754902,1.00753334661675,-0.0947854947035621,0.0783527570577425
"770",-0.16862243754902,1.03071644960885,0.0558663917791386,-0.24342420948594
"771",-0.16862243754902,1.02511837043422,-0.13210780455108,-0.182798253214855
"772",-0.16862243754902,1.02752944338571,-0.11145516182638,-0.208313475144546
"773",-0.16862243754902,1.01470623870668,-0.135179461798441,-0.106561080973064
"774",-0.16862243754902,1.00536887991483,-0.102083370031803,-0.0185895202775536
"775",-0.16862243754902,1.03383089352318,-0.211864213343003,-0.154660504032177
"776",-0.16862243754902,1.00793017274812,-0.117751613326402,-0.0453628779410402
"777",-0.16862243754902,1.03866694405264,-0.110361621330016,-0.258165321461001
"778",-0.16862243754902,1.01998772333701,-0.140607861376106,-0.143542276272378
"779",-0.16862243754902,1.03317962551286,-0.192540510468536,-0.174322374936225
"780",-0.16862243754902,1.03207360378872,-0.24073509502506,-0.084985514416937
"781",-0.16862243754902,1.03576390049471,-0.234962748649249,0.132662595765383
"782",-0.16862243754902,1.00931385922643,-0.0944658758912231,-0.0989477878411099
"783",-0.16862243754902,1.02499534813774,-0.191363894696419,-0.118301832236932
"784",-0.16862243754902,1.01737196110704,-0.100817696456891,-0.157738705864844
"785",-0.16862243754902,1.01348972901118,-0.104092887628332,-0.127773634042204
"786",-0.16862243754902,1.00169042857493,-0.0581360800754139,0.00197759755317981
"787",-0.16862243754902,1.01565325972933,-0.172538840476778,-0.0422124688420261
"788",-0.16862243754902,1.00643794171483,-0.0892656683170542,-0.0703489231125899
"789",-0.16862243754902,1.02153068689815,-0.20692852024712,-0.026561848259196
"790",-0.16862243754902,1.00678398034259,-0.107889653676352,-0.0444275331755283
"791",-0.16862243754902,1.02087037831374,-0.171087496391899,-0.113601927346308
"792",-0.16862243754902,1.00615243516975,-0.0997132460843839,-0.0489897066058396
"793",-0.16862243754902,1.00862414164882,-0.114508904971164,-0.0648873623991324
"794",-0.16862243754902,1.01492993108618,-0.105964790926139,-0.137310699140931
"795",-0.16862243754902,1.01498859416748,-0.1397133944171,-0.103353827749749
"796",-0.16862243754902,1.02043598607027,-0.147310548499902,-0.139961437431417
"797",-0.16862243754902,1.01145351143897,-0.0575160833446742,-0.140463895570728
"798",-0.16862243754902,1.0236710189788,-0.0722825922603435,-0.20658553181001
"799",-0.16862243754902,1.01431598410724,-0.120279586471931,-0.119873836568233
"800",-0.16862243754902,1.01927971679832,-0.127983661161887,-0.150170981058492
"801",-0.16862243754902,1.00232802435758,0.0037012121160471,-0.0681745512741768
"802",-0.16862243754902,1.00698972529666,-0.108457239876201,0.0475955247000537
"803",-0.16862243754902,1.01151241038954,-0.146634724019356,-0.0406892379361677
"804",-0.16862243754902,1.02478231077142,-0.0907378827052122,-0.204805813179675
"805",-0.16862243754902,1.04010075297555,-0.27267634336744,-0.0863550120610219
"806",-0.16862243754902,1.01831595725306,-0.166183539118874,-0.0966975704045105
"807",-0.16862243754902,1.03228755418517,-0.10153143797589,-0.235178573913836
"808",-0.16862243754902,1.03847284317089,-0.18654600399944,-0.208869419483279
"809",-0.16862243754902,1.0111854395695,-0.0841046368386319,-0.124186968960505
"810",-0.16862243754902,1.03245443488204,-0.0931511833094294,-0.239342886160512
"811",-0.16862243754902,1.01516230313118,-0.137067471512753,-0.108475849624206
"812",-0.16862243754902,1.00550923575645,0.000156745133755182,-0.105113265682721
"813",-0.16862243754902,1.01849511884335,-0.134043317773997,-0.139157091331558
"814",-0.16862243754902,1.01042373166517,-0.120108617312498,-0.0808086478011253
"815",-0.16862243754902,1.00756488259661,0.0287134332593875,-0.119843779114189
"816",-0.16862243754902,1.00975171310996,-0.0668055947065083,-0.123026560727384
"817",-0.16862243754902,1.01562335764536,-0.176321812572083,0.0200355435696415
"818",-0.16862243754902,1.00246617839075,-0.0654057389951691,0.0257007416984705
"819",-0.16862243754902,1.03456280666483,-0.154837219599094,-0.215280366873136
"820",-0.16862243754902,1.0044101818207,-0.093946674310263,-0.00371964126440423
"821",-0.16862243754902,1.01292017626431,-0.0915701001666019,-0.132748635544036
"822",-0.16862243754902,1.01236578129233,-0.105492023918616,-0.117285583177086
"823",-0.16862243754902,1.02008855771134,-0.159829959282916,-0.122617493406208
"824",-0.16862243754902,1.03169509686327,-0.231548121261912,-0.103827936663492
"825",-0.16862243754902,1.01529822072018,-0.0906634776375196,-0.15036825070552
"826",-0.16862243754902,1.02585602197754,-0.191864706455705,-0.124773844391554
"827",-0.16862243754902,1.00742293861315,-0.122067962927544,-0.00062423608016967
"828",-0.16862243754902,1.02300532450872,-0.158332929680205,-0.146528418240561
"829",-0.16862243754902,1.02021663047688,-0.190552491386687,-0.0673180594485886
"830",-0.16862243754902,1.01255088898562,-0.129640744037672,-0.0919379153066232
"831",-0.16862243754902,1.02481344366003,-0.0486995699569079,-0.218794301096569
"832",-0.16862243754902,1.00456918723828,-0.053839129495435,-0.0791239539188107
"833",-0.16862243754902,1.008343613694,-0.0948549121686218,-0.088087393621068
"834",-0.16862243754902,1.02015701958076,-0.14960005233176,-0.13542587988356
"835",-0.16862243754902,1.02275036683055,-0.178824896872692,-0.118490375602773
"836",-0.16862243754902,1.00252446616808,-0.0602034455223203,-0.0378265834147116
"837",-0.16862243754902,1.02508315905873,-0.199856383319185,-0.104177296146517
"838",-0.16862243754902,1.01751161250316,-0.102107630499846,-0.157809737888668
"839",-0.16862243754902,1.0437909766613,-0.146083160590425,-0.261073386524668
"840",-0.16862243754902,1.0392330527923,-0.217084587011969,-0.181327383750648
"841",-0.16862243754902,1.01459138911523,-0.143388622077308,0.0939967548670409
"842",-0.16862243754902,1.01434137144121,-0.094172973324785,-0.141491586012782
"843",-0.16862243754902,1.01532247077099,-0.0763380086813588,-0.158278956539
"844",-0.16862243754902,1.00780607159738,-0.098058824485385,-0.0778302312028936
"845",-0.16862243754902,1.03234226827533,-0.229330637918401,-0.11462119079729
"846",-0.16862243754902,1.00933969375477,-0.133471663833195,-0.0308534008266634
"847",-0.16862243754902,1.05430924365414,-0.287022358963284,-0.170839534972772
"848",-0.16862243754902,1.00919958489494,-0.115686687667257,-0.07141703192305
"849",-0.16862243754902,1.00651512422647,-0.101741693406351,-0.0521663025280038
"850",-0.16862243754902,1.0119784530231,-0.153696514869559,-0.0218579665105954
"851",-0.16862243754902,1.0212485984006,-0.172338940034425,-0.115099910873093
"852",-0.16862243754902,1.01217575451508,-0.0825690156132414,-0.132974116612336
"853",-0.16862243754902,1.03369889238019,-0.0924435723213183,-0.244923633086921
"854",-0.16862243754902,1.00294623790319,-0.00283332261173562,-0.0767667141875175
"855",-0.16862243754902,1.01507942574221,-0.106902391424908,-0.137688486347885
"856",-0.16862243754902,1.04561756134438,-0.0712389869898906,-0.297054020885809
"857",-0.16862243754902,1.00906305195197,-0.10045170818839,-0.0900982637827084
"858",-0.16862243754902,1.01364139389529,0.0420130850409255,-0.160323972328942
"859",-0.16862243754902,1.01312873613567,-0.160226963543606,0.027516470294158
"860",-0.16862243754902,1.01487014354835,-0.145116435259789,-0.0943537412259963
"861",-0.16862243754902,1.01399695955151,-0.085075985355776,-0.144747748498706
"862",-0.16862243754902,1.03958603117814,-0.19292387691013,-0.208613264052603
"863",-0.16862243754902,1.02884445286069,-0.170181068124492,-0.171928218260461
"864",-0.16862243754902,1.02503714118714,-0.190994805811705,-0.119256551040406
"865",-0.16862243754902,1.01286589418429,-0.119006305662186,-0.10832736872265
"866",-0.16862243754902,1.02459309697666,-0.139053235770174,-0.174514217168875
"867",-0.16862243754902,1.01749100590592,-0.148494249326115,-0.115053922212656
"868",-0.16862243754902,1.02227961181393,-0.167045626465988,-0.130963213953453
"869",-0.16862243754902,1.05160692101223,-0.115784319937787,-0.304090623955028
"870",-0.16862243754902,1.03091872445241,-0.12728255111076,-0.215853118136677
"871",-0.16862243754902,1.01739843261346,-0.14533042328311,-0.118231293457716
"872",-0.16862243754902,1.0048608197579,-0.0526114355010599,-0.0835302576258632
"873",-0.16862243754902,1.00877568509926,-0.08248818421167,-0.104038850017366
"874",-0.16862243754902,1.02354036807135,-0.114813729269186,-0.185614365400262
"875",-0.16862243754902,1.00698310971479,-0.0319416175796983,-0.113994369673554
"876",-0.16862243754902,1.01150441264396,-0.00397914512313428,-0.15207019169548
"877",-0.16862243754902,1.02291316685241,-0.137621554236863,-0.165564654227426
"878",-0.16862243754902,1.02525623387486,-0.0796533356727926,-0.211673548691063
"879",-0.16862243754902,1.00446171412338,-0.0736567395579523,-0.0593128979006284
"880",-0.16862243754902,1.01301486386091,-0.116349551547559,-0.112525091680991
"881",-0.16862243754902,1.03023776023505,-0.143851095097937,-0.20173424363071
"882",-0.16862243754902,1.05281289661542,-0.28139237788286,-0.170977556858171
"883",-0.16862243754902,1.04126426542292,-0.172584215539173,-0.233336578772934
"884",-0.16862243754902,1.01282985911013,-0.0719321711093156,-0.143701378784458
"885",-0.16862243754902,1.03018298848336,-0.233623660778581,-0.0818350468009329
"886",-0.16862243754902,1.02093239487087,-0.136432813183838,-0.153912450385002
"887",-0.16862243754902,1.01136112715946,-0.0989864611768934,-0.114249770384596
"888",-0.16862243754902,1.01969371575082,-0.164805988524872,-0.112313223122023
"889",-0.16862243754902,1.04025988167264,-0.196655488128382,-0.208487986240345
"890",-0.16862243754902,1.01267445421164,-0.0785746186659097,-0.13905243440639
"891",-0.16862243754902,1.02564707964217,-0.00258003400374965,-0.227915061817024
"892",-0.16862243754902,1.00566921099431,-0.0560257055486297,-0.090728618746754
"893",-0.16862243754902,1.01945791132835,-0.138441084637256,-0.141874941601504
"894",-0.16862243754902,1.00589251416917,-0.0517143916271931,-0.0956314370916114
"895",-0.16862243754902,1.02605792539198,-0.182436576196658,-0.139684508537433
"896",-0.16862243754902,1.02437556508358,-0.182489919506631,-0.126659889541884
"897",-0.16862243754902,1.01260141646481,-0.149606251248196,-0.0545856960567184
"898",-0.16862243754902,1.0205967032894,-0.0926653109452494,-0.181743695661265
"899",-0.16862243754902,1.00889908218071,0.0615066682019408,-0.118719365698138
"900",-0.16862243754902,1.02583715864142,-0.0964879625947275,-0.207441435407257
"901",-0.16862243754902,1.01764009854831,-0.136460241401285,-0.13026884773466
"902",-0.16862243754902,1.03531590193521,-0.159652360780675,-0.215383705272867
"903",-0.16862243754902,1.00510124421887,-0.0514535958971473,-0.0870691598648141
"904",-0.16862243754902,1.0098287025248,-0.0767943748830698,-0.117714198078364
"905",-0.16862243754902,1.0392277394584,-0.137765081235786,-0.247012301013345
"906",-0.16862243754902,1.04937095713402,-0.314479744017196,-0.0477691980175294
"907",-0.16862243754902,1.02272004472312,-0.159775527514986,-0.142926801845465
"908",-0.16862243754902,1.04828233671513,-0.112124281456325,-0.293809467132767
"909",-0.16862243754902,1.00371582336248,-0.0610778906589439,-0.0609503514418047
"910",-0.16862243754902,1.04531048280279,-0.304321451821358,-0.00790312714893357
"911",-0.16862243754902,1.01796087265083,0.0760023579579478,-0.1745507944206
"912",-0.16862243754902,1.04210110855324,-0.186066976169685,-0.226613770161837
"913",-0.16862243754902,1.00243845357785,-0.0612574428468529,-0.0336211080635425
"914",-0.16862243754902,1.05088263787214,-0.320727759953187,-0.0385748956772522
"915",-0.16862243754902,1.01799645974912,-0.185372393102418,-0.0442025784000986
"916",-0.16862243754902,1.00596756043745,-0.0890942834169127,-0.0635054431910856
"917",-0.16862243754902,1.00003160376308,-0.00745248229854354,0.00276930181540553
"918",-0.16862243754902,1.01221118754553,-0.154713788179625,0.0252018241291715
"919",-0.16862243754902,1.01799181395984,-0.113748775881338,-0.152867750931105
"920",-0.16862243754902,1.01001313993889,-0.132978244893937,-0.049430043841251
"921",-0.16862243754902,1.02208098788629,-0.102886993622038,-0.184563843539401
"922",-0.16862243754902,1.00314887186262,-0.0532069242429761,-0.0589633982386031
"923",-0.16862243754902,1.02935813830528,-0.147268667851519,-0.194653837271586
"924",-0.16862243754902,1.00692569324547,-0.0818587285709008,-0.0848439760656145
"925",-0.16862243754902,1.00359169779319,-0.00409966147423044,-0.0847318632818448
"926",-0.16862243754902,1.02551549517088,-0.138913471039461,-0.179958546335966
"927",-0.16862243754902,1.03173002883659,-0.198815992802136,-0.157921035360268
"928",-0.16862243754902,1.0103043243005,-0.139607010807779,-0.0349958602351667
"929",-0.16862243754902,1.05209920319567,-0.256401473257715,-0.202906426404474
"930",-0.16862243754902,1.01987319279126,-0.188053125201834,-0.0691183873947917
"931",-0.16862243754902,1.02765418098686,0.000183879469866469,-0.236797554649791
"932",-0.16862243754902,1.018168614673,-0.15454829804474,-0.113058177398257
"933",-0.16862243754902,1.02442868953762,-0.204729225244847,-0.0868336586722101
"934",-0.16862243754902,1.00686876971368,-0.0966871708898625,-0.0666056334707872
"935",-0.16862243754902,1.00768511456052,-0.0996911343370382,-0.0741010650493561
"936",-0.16862243754902,1.00789853292002,-0.125740764902771,0.00697944868903774
"937",-0.16862243754902,1.01762803647244,-0.0698066942156745,-0.175196592596516
"938",-0.16862243754902,1.01605455997519,-0.17323265018262,-0.0485522168090822
"939",-0.16862243754902,1.03077283015567,-0.229664508209885,-0.0987260910592396
"940",-0.16862243754902,1.0182787392104,-0.155917086235315,-0.112167076042021
"941",-0.16862243754902,1.0251240018972,-0.186839034252788,-0.12637402638684
"942",-0.16862243754902,1.00268458962209,-0.0732381577908356,0.00354379867059172
"943",-0.16862243754902,1.00888920710061,-0.0306080867992509,-0.130079119102936
"944",-0.16862243754902,1.01799739619406,-0.160130210142176,-0.103329639783133
"945",-0.16862243754902,1.01955079360277,-0.193791880293372,-0.0439150073255827
"946",-0.16862243754902,1.001704982817,-0.0566730397145136,-0.0141788282282458
"947",-0.16862243754902,1.03602583722559,-0.0803047940917546,-0.258651648834625
"948",-0.16862243754902,1.01970215890549,-0.109760687612952,-0.166568557450836
"949",-0.16862243754902,1.00639382567549,-0.0777615498840709,-0.0823509181331499
"950",-0.16862243754902,1.01520526798886,-0.0368295156274705,-0.171129550139564
"951",-0.16862243754902,1.02613912476806,-0.206821903219194,-0.100926724550809
"952",-0.16862243754902,1.02323090956834,-0.20756053906274,-0.0626108370813871
"953",-0.16862243754902,1.02384609519065,-0.174992293055585,-0.132810105068417
"954",-0.16862243754902,1.01789273363593,-0.156641979977672,-0.107558855039902
"955",-0.16862243754902,1.01596844232312,-0.12972498835677,-0.123948792621372
"956",-0.16862243754902,1.04851751568335,-0.259523580094439,-0.17898740757312
"957",-0.16862243754902,1.04018278093034,-0.208495608323908,-0.196239137415628
"958",-0.16862243754902,1.01944423711938,-0.161154738048676,-0.115306994585696
"959",-0.16862243754902,1.01488771715217,-0.170724992137793,-0.0291557110339527
"960",-0.16862243754902,1.03070226029905,-0.186461792860321,-0.166069711834787
"961",-0.16862243754902,1.00155398009874,-0.0530090939015027,-0.0173323690060805
"962",-0.16862243754902,1.01327966870666,-0.130946408931584,-0.0979220353251038
"963",-0.16862243754902,1.02031060143785,-0.184838032925573,-0.0828771680902777
"964",-0.16862243754902,1.01589130639631,-0.168003204555837,-0.0617257618063268
"965",-0.16862243754902,1.02683332647405,-0.179445984192401,-0.148949048721294
"966",-0.16862243754902,1.02221621369798,-0.202207472499223,-0.063546247824037
"967",-0.16862243754902,1.02636626314597,-0.214147927999956,-0.0869963853131134
"968",-0.16862243754902,1.02100909985996,-0.055482398576551,-0.198447185530665
"969",-0.16862243754902,1.04802462889407,-0.209013467909633,-0.233814013696666
"970",-0.16862243754902,1.02932324931921,-0.117897725677522,-0.213556732202752
"971",-0.16862243754902,1.00099134842435,-0.0398453387200956,0.0199004673986561
"972",-0.16862243754902,1.01749280208159,-0.103987611593091,-0.156455038023755
"973",-0.16862243754902,1.01398364254184,-0.101824932531641,-0.133396066123943
"974",-0.16862243754902,1.02499051085366,-0.146367354577134,-0.170827822248409
"975",-0.16862243754902,1.02478129687219,-0.155279847618571,-0.161446199529755
"976",-0.16862243754902,1.01925972453777,-0.128425182567689,-0.149657470736553
"977",-0.16862243754902,1.01078521727554,-0.133005215594393,-0.063216833892996
"978",-0.16862243754902,1.01382903302924,-0.0984505708039805,-0.134747145874706
"979",-0.16862243754902,1.019174498109,-0.126070561635193,-0.151072403451829
"980",-0.16862243754902,1.01724715305655,-0.115108592752872,-0.146771190211528
"981",-0.16862243754902,1.01566902708611,-0.14585773457994,-0.101533707926261
"982",-0.16862243754902,1.00385159534334,-0.0877725831536161,0.00374153977744077
"983",-0.16862243754902,1.01931120040631,-0.187360550087803,-0.0623806664324078
"984",-0.16862243754902,1.01276075130278,-0.153707914037198,-0.0453675714768419
"985",-0.16862243754902,1.05421694467068,-0.233723947133275,-0.23821520305643
"986",-0.16862243754902,1.05201133033616,-0.281614077672066,-0.16559393229396
"987",-0.16862243754902,1.00780543378216,-0.1179821989685,-0.0418568164987065
"988",-0.16862243754902,1.00489925329477,0.0253926327617676,-0.0958004356661107
"989",-0.16862243754902,1.01462245291597,-0.167275967151664,-0.0384379080426894
"990",-0.16862243754902,1.0122628468117,-0.129399531786606,-0.0890608343142071
"991",-0.16862243754902,1.02311934660961,-0.161975424921156,-0.14330791718702
"992",-0.16862243754902,1.0120271438131,-0.113999951503339,-0.105843993082907
"993",-0.16862243754902,1.00513824242333,-0.0422661255474582,-0.0922846737712612
"994",-0.16862243754902,1.00787349845669,-0.0951227051787439,-0.0822232318192419
"995",-0.16862243754902,1.01918686362432,-0.176288785188397,-0.08754500100619
"996",-0.16862243754902,1.00897078162723,-0.0665755574990209,-0.116575011564056
"997",-0.16862243754902,1.00215239708502,-0.0516212980605905,-0.0405545135564404
"998",-0.16862243754902,1.01473562773298,-0.156675228361285,-0.0717026290214038
"999",-0.16862243754902,1.02840192057377,-0.0147112055678331,-0.239570638164541
"1000",-0.16862243754902,1.01900400457089,-0.184055468399625,-0.0670279485267434
