"","t","","",""
"1",-0.16862243754902,1.06565879783188,-0.36797719045288,-0.0148815557950766
"2",-0.16862243754902,1.00717734912043,0.114551961563071,0.0358337924774314
"3",-0.16862243754902,1.08061507355665,0.0961601057437546,-0.3980981929891
"4",-0.16862243754902,1.00195289162771,0.010713425894517,-0.061602106674456
"5",-0.16862243754902,1.01065525641944,-0.142942763002667,-0.0314867247169289
"6",-0.16862243754902,1.00996490679139,0.0232445289867467,-0.139602309516447
"7",-0.16862243754902,1.02189398888464,-0.0962393939713822,-0.187097043179691
"8",-0.16862243754902,1.00445908641722,0.0379071451498097,-0.0866089177435151
"9",-0.16862243754902,1.0066321921242,-0.115355216817613,-0.00124264787084975
"10",-0.16862243754902,1.05854854041357,-0.249750007510112,-0.241142999401602
"11",-0.16862243754902,1.02000248298672,-0.112692496364514,-0.16644959165529
"12",-0.16862243754902,1.02438544752002,0.126557970043061,-0.182616059834228
"13",-0.16862243754902,1.02298537067211,0.0224750288832664,-0.214461981912515
"14",-0.16862243754902,1.01575009081769,0.160022239518971,0.0783653613242596
"15",-0.16862243754902,1.01025590787627,-0.142923973114314,-0.0137745166203679
"16",-0.16862243754902,1.01713608614302,-0.134652235899936,-0.128197476970081
"17",-0.16862243754902,1.00773792973155,-0.0502275096961513,-0.114074240253233
"18",-0.16862243754902,1.0423206859864,-0.174314277965832,-0.23674235981845
"19",-0.16862243754902,1.00351049896448,-0.0463269887075456,0.0699080227815431
"20",-0.16862243754902,1.09387770778072,0.228923359954093,-0.379687417288131
"21",-0.16862243754902,1.03434300518009,-0.200878836905496,-0.171793903408949
"22",-0.16862243754902,1.00641520195457,0.042464454575244,-0.105206125405759
"23",-0.16862243754902,1.02639602597983,0.103921048063612,-0.206613692471097
"24",-0.16862243754902,1.01368261913671,-0.113697167788216,-0.120935546374095
"25",-0.16862243754902,1.01774606470263,-0.165042707840544,-0.0925632584039609
"26",-0.16862243754902,1.0096196791897,0.125170119802848,-0.0605337733471472
"27",-0.16862243754902,1.11752137980835,-0.431496143103861,0.25033000782017
"28",-0.16862243754902,1.04320210433936,-0.259868978311568,-0.144009529578357
"29",-0.16862243754902,1.04005661731187,-0.284359688482676,-0.0292802797159879
"30",-0.16862243754902,1.00540789838301,-0.0948716897103093,-0.0429465321352327
"31",-0.16862243754902,1.07884005945029,-0.144299763817392,-0.378250514919616
"32",-0.16862243754902,1.00436734210252,-0.0516445406615856,-0.0780166604126229
"33",-0.16862243754902,1.02744654066142,0.130326394848811,-0.196625086707753
"34",-0.16862243754902,1.00995248160152,0.000883193367032413,-0.14143279344812
"35",-0.16862243754902,1.01633151087388,-0.178474001938234,-0.0328141833257771
"36",-0.16862243754902,1.0415658790926,0.0192555854543592,-0.290669404854986
"37",-0.16862243754902,1.0333125683868,0.231504384190204,-0.118914187912312
"38",-0.16862243754902,1.06024639435467,-0.0898915991840656,-0.340649258238151
"39",-0.16862243754902,1.03574064063595,-0.235595399228935,-0.131352512450782
"40",-0.16862243754902,1.01856642916825,-0.0620937856859302,-0.183362843585479
"41",-0.16862243754902,1.04582960931271,-0.121056373060444,-0.281255979948219
"42",-0.16862243754902,1.0035543895456,-0.0831724273122447,-0.0142744566004186
"43",-0.16862243754902,1.03357382945479,-0.209069717239943,-0.156731344239305
"44",-0.16862243754902,1.07375145685382,-0.389948149121686,0.0297091247309222
"45",-0.16862243754902,1.01833800713899,-0.150253531263179,-0.120150626826283
"46",-0.16862243754902,1.02996168012765,0.140011738590541,-0.203021613598698
"47",-0.16862243754902,1.04591047201182,-0.178720651339566,-0.248973179777946
"48",-0.16862243754902,1.04526377787922,-0.302519748391526,-0.0325294816967913
"49",-0.16862243754902,1.03171182193423,-0.0250621873322864,-0.25258893539696
"50",-0.16862243754902,1.02334889164321,0.0820891379035977,-0.201256869362606
"51",-0.16862243754902,1.01211363728635,-0.0188125696929216,-0.154984199202894
"52",-0.16862243754902,1.02786064194845,-0.210653197514873,0.110103268087014
"53",-0.16862243754902,1.025322494524,-0.0950559490901176,0.205549469275613
"54",-0.16862243754902,1.01964089901591,-0.196377466008088,0.0332182749433765
"55",-0.16862243754902,1.04062015586055,-0.214172889867398,-0.192406554018002
"56",-0.16862243754902,1.04489122003605,-0.219394183949334,-0.208958976255221
"57",-0.16862243754902,1.01787017699248,-0.0124516519636783,-0.189485233129354
"58",-0.16862243754902,1.06036165770353,0.0596358478877823,-0.347577920435809
"59",-0.16862243754902,1.04119729774557,-0.283286343278521,0.0619730630562068
"60",-0.16862243754902,1.03137846456992,-0.229719549659457,-0.10473999084809
"61",-0.16862243754902,1.13473567171806,-0.427940931490764,-0.323251610706373
"62",-0.16862243754902,1.01611455536933,-0.173426222810639,-0.0491134897460596
"63",-0.16862243754902,1.07374120636341,-0.376006378024059,-0.107421515200548
"64",-0.16862243754902,1.02836076239837,-0.127161164241427,-0.203361490821933
"65",-0.16862243754902,1.00783246760584,0.0677410504858939,-0.105534036403152
"66",-0.16862243754902,1.02380952458839,-0.219480296813918,-0.00378707649386219
"67",-0.16862243754902,1.06063944462406,-0.304417292320691,-0.179683453964369
"68",-0.16862243754902,1.03749193059732,-0.0319740533501017,-0.274530810596777
"69",-0.16862243754902,1.01148041652509,-0.150766302129613,0.0190303745608877
"70",-0.16862243754902,1.01012108369114,-0.133195714017331,0.0510245576636605
"71",-0.16862243754902,1.00381567924044,-0.0843461571295391,-0.0230573993856347
"72",-0.16862243754902,1.07784005074563,-0.401740839140105,-0.0185330288499323
"73",-0.16862243754902,1.05869252491512,-0.334457864450467,0.0946984647097329
"74",-0.16862243754902,1.06622238934581,-0.332141162249223,-0.162826385705851
"75",-0.16862243754902,1.07777290145022,-0.367865721788937,-0.162077875828631
"76",-0.16862243754902,1.05766336035438,0.0836935378009974,-0.334136462491702
"77",-0.16862243754902,1.02121052982053,-0.173770476221615,-0.112582271295443
"78",-0.16862243754902,1.05057439640431,-0.284798853521723,-0.150320242858363
"79",-0.16862243754902,1.06422295940702,-0.252622955036825,-0.262206311742315
"80",-0.16862243754902,1.01248793902097,-0.0239407559035058,0.156712050811963
"81",-0.16862243754902,1.01909191287232,-0.113196920066075,0.160420647577895
"82",-0.16862243754902,1.02640207472514,-0.228599530394065,-0.0352629225062077
"83",-0.16862243754902,1.00504025230249,-0.0999226838405411,-0.0110166239087212
"84",-0.16862243754902,1.08189674938104,0.102977265573497,-0.399870302843649
"85",-0.16862243754902,1.01160719530156,-0.101412183724,-0.114300859918969
"86",-0.16862243754902,1.01929727918336,-0.136047433027246,-0.143031602512523
"87",-0.16862243754902,1.01508286548748,-0.17340962578634,-0.0179534256037812
"88",-0.16862243754902,1.01953999144473,-0.110406611915966,-0.165142890250688
"89",-0.16862243754902,1.0029533259729,-0.0757677205102248,-0.0132146361578081
"90",-0.16862243754902,1.12518270712653,-0.105962953507191,-0.50478507991087
"91",-0.16862243754902,1.05037186579682,-0.290082152644075,-0.138323538036251
"92",-0.16862243754902,1.11735047814587,-0.00325190616139126,-0.498459141875361
"93",-0.16862243754902,1.00341779883663,-0.0800998403178509,-0.0207676335483054
"94",-0.16862243754902,1.03142255753488,-0.0494669836392582,-0.247760993139421
"95",-0.16862243754902,1.05340395891019,-0.0889155772130357,-0.318988903845464
"96",-0.16862243754902,1.05428488317127,-0.149408554588513,-0.298653141117289
"97",-0.16862243754902,1.02106728158516,0.0932619518526117,-0.18406684074094
"98",-0.16862243754902,1.03674843818825,-0.16500684347996,-0.218220222918381
"99",-0.16862243754902,1.00759830670716,-0.116336847123856,-0.0414739156628723
"100",-0.16862243754902,1.00000006128766,0.000147587523467613,-0.000317479527151876
"101",-0.16862243754902,1.01081643122297,-0.0619944233144586,0.133815354530935
"102",-0.16862243754902,1.03563418220606,0.00461515247790124,-0.269289546253152
"103",-0.16862243754902,1.02110235179247,-0.158925884194422,0.131880916622298
"104",-0.16862243754902,1.00501834015244,-0.0638993041249108,-0.0773223316715455
"105",-0.16862243754902,1.07237150714368,-0.203332504955654,-0.329600579128836
"106",-0.16862243754902,1.06583264135647,-0.070925589848803,0.361896090177138
"107",-0.16862243754902,1.05216884682708,-0.316018840665226,-0.0848019727248454
"108",-0.16862243754902,1.03469390534152,-0.147352226121778,-0.221085502029991
"109",-0.16862243754902,1.0452837390271,-0.288509950121657,-0.0968509357480392
"110",-0.16862243754902,1.03848910054043,-0.26464214659076,-0.0917831476312904
"111",-0.16862243754902,1.03243942702344,-0.191907371530151,-0.170595226266387
"112",-0.16862243754902,1.01567241712014,0.0484267039667503,-0.17101261135243
"113",-0.16862243754902,1.11522079740884,-0.435809405939053,-0.231921514026294
"114",-0.16862243754902,1.00253375338051,-0.0174770805912568,-0.0690541694701754
"115",-0.16862243754902,1.03593953223194,-0.162504214429392,-0.21624776237828
"116",-0.16862243754902,1.02482417465824,-0.144158917202811,-0.171705548992625
"117",-0.16862243754902,1.01695127944004,-0.18218003329933,-0.0316281555229909
"118",-0.16862243754902,1.00492153075673,0.0546374318644531,-0.082958025637696
"119",-0.16862243754902,1.00528937934587,-0.041012200058406,-0.0944708191557917
"120",-0.16862243754902,1.03789095693273,-0.277878797005402,-0.00100630887911186
"121",-0.16862243754902,1.03567014634802,-0.122521637944757,-0.24000229222209
"122",-0.16862243754902,1.01354229261285,-0.146398867360113,-0.0763894662279785
"123",-0.16862243754902,1.0001162889561,0.00524185114048361,0.0143218166426621
"124",-0.16862243754902,1.0058050396979,-0.0374197741674122,0.101210366973674
"125",-0.16862243754902,1.01277128432896,0.141784501426591,-0.0748520508506413
"126",-0.16862243754902,1.03261497997461,-0.238005330208951,0.0982199555085548
"127",-0.16862243754902,1.01426061182907,0.116550990974308,-0.123046557086274
"128",-0.16862243754902,1.00301069786885,-0.0529900967037403,-0.0567671532726145
"129",-0.16862243754902,1.00060285048947,-0.0347281857881072,0.000132361292141923
"130",-0.16862243754902,1.06676908518615,-0.0318010350209112,-0.37011481364637
"131",-0.16862243754902,1.01220919536293,-0.113018400533399,-0.108601548414992
"132",-0.16862243754902,1.06506259877247,-0.358619167341998,-0.075832922394587
"133",-0.16862243754902,1.01061702374105,0.0968405562077133,0.109401441254705
"134",-0.16862243754902,1.11153799514539,-0.0552589521818955,-0.48214433819717
"135",-0.16862243754902,1.00923931207001,-0.135539648746594,0.0138921792820316
"136",-0.16862243754902,1.00962701386519,0.0505719502203147,0.129573087395715
"137",-0.16862243754902,1.03308342361342,-0.149550436940804,-0.211886825818996
"138",-0.16862243754902,1.0610777854575,-0.147024447750286,-0.322908467766204
"139",-0.16862243754902,1.01301675069846,-0.161609275171104,0.00924009601316048
"140",-0.16862243754902,1.00914960952813,-0.0520655654130297,0.125188303403307
"141",-0.16862243754902,1.00669898365403,0.0873937904371148,-0.0761916601938627
"142",-0.16862243754902,1.01404276425618,0.0937221075740035,-0.13963844131253
"143",-0.16862243754902,1.01895600388745,0.0388754411605418,0.191729074302422
"144",-0.16862243754902,1.00244767012846,0.024247034512422,0.0656765762150987
"145",-0.16862243754902,1.06591391090581,0.0144239537361058,-0.368733528474333
"146",-0.16862243754902,1.00056451648624,0.00504940533630917,-0.0332243157504212
"147",-0.16862243754902,1.01193711660998,-0.140681451323303,-0.0650035170317655
"148",-0.16862243754902,1.02222880364492,-0.174306471904858,-0.120702033344086
"149",-0.16862243754902,1.02002790415595,0.129285958540218,-0.154084607216678
"150",-0.16862243754902,1.05159384018464,-0.195150795919479,-0.260318596274409
"151",-0.16862243754902,1.0083343990094,-0.0743404449817173,-0.105885591397332
"152",-0.16862243754902,1.01891097242038,-0.105123070606863,-0.164707952888806
"153",-0.16862243754902,1.03914121158269,-0.279865842572372,0.0385949189763454
"154",-0.16862243754902,1.00847490819371,-0.0154813503085411,-0.129545236303541
"155",-0.16862243754902,1.0101840323131,0.073299400923536,-0.12287789453197
"156",-0.16862243754902,1.02623269686511,0.163579261394263,-0.162466529958434
"157",-0.16862243754902,1.00442744449696,-0.00309158752859571,-0.0941537749920169
"158",-0.16862243754902,1.03937925559442,-0.275012348675724,-0.0683918491918176
"159",-0.16862243754902,1.00362121605665,0.00115303801928248,-0.0851716843930872
"160",-0.16862243754902,1.07598262994207,-0.397162547152947,0.000728749642410147
"161",-0.16862243754902,1.00163223814458,0.0569907580138883,0.00438109478586262
"162",-0.16862243754902,1.00199598591939,-0.00161718203759689,-0.0631928834666824
"163",-0.16862243754902,1.05605509049021,-0.139808074039006,-0.309363954887734
"164",-0.16862243754902,1.09626522782909,-0.20747503062517,-0.398436395694782
"165",-0.16862243754902,1.02903532792806,-0.0571496855598305,-0.235897476808079
"166",-0.16862243754902,1.035990323015,-0.191941493180633,-0.190878004432982
"167",-0.16862243754902,1.01461054597077,-0.158449810086538,-0.0657891911991677
"168",-0.16862243754902,1.0061206545928,0.101589057893974,0.0442542078728844
"169",-0.16862243754902,1.00868108004299,0.0297063003364011,-0.128666456223084
"170",-0.16862243754902,1.00102232508533,0.0184844968688754,0.0412797613213549
"171",-0.16862243754902,1.06739176527634,-0.163451726833636,-0.335572218121292
"172",-0.16862243754902,1.0697344759457,-0.331343024210597,-0.185859219125111
"173",-0.16862243754902,1.09064419336949,-0.289716328718097,-0.324914150822464
"174",-0.16862243754902,1.00673074522516,-0.114335794664099,-0.020835533113712
"175",-0.16862243754902,1.07012636427237,0.370275934611832,-0.0898118464243228
"176",-0.16862243754902,1.03037988762129,-0.246441470771444,-0.0308109444593764
"177",-0.16862243754902,1.00789788655455,-0.109624734810066,0.0619723102599672
"178",-0.16862243754902,1.00351072365103,-0.0770926055991269,-0.0330227594932003
"179",-0.16862243754902,1.05142013190376,-0.302846408521572,0.117338598159827
"180",-0.16862243754902,1.09919092122798,-0.348024693240663,0.295126234355335
"181",-0.16862243754902,1.01127726150835,-0.0109670578841404,-0.150204604740303
"182",-0.16862243754902,1.02637923519792,-0.137604412708297,-0.185793864399969
"183",-0.16862243754902,1.00676683113564,0.111845928135802,-0.0327099470242559
"184",-0.16862243754902,1.04591588079847,-0.293526360907808,0.0882173744715599
"185",-0.16862243754902,1.05323993500141,-0.330171921332339,0.0173454041605296
"186",-0.16862243754902,1.04615788025413,0.212243506692175,-0.22225886773047
"187",-0.16862243754902,1.00313730905742,-0.0488962409309484,-0.0623988657411159
"188",-0.16862243754902,1.01879442272909,-0.162108547104827,-0.107994882931832
"189",-0.16862243754902,1.07016012332724,-0.209370560575302,-0.318444120567744
"190",-0.16862243754902,1.04497121514542,-0.0464383882879267,-0.29968035734046
"191",-0.16862243754902,1.01377915167936,-0.158484333799203,-0.0512921467668382
"192",-0.16862243754902,1.09365395396348,-0.147663482526095,-0.417461934729647
"193",-0.16862243754902,1.00993843516502,-0.0337430593016856,-0.137248128484609
"194",-0.16862243754902,1.02542568353904,-0.0553620333820644,-0.220074709408691
"195",-0.16862243754902,1.02851734130567,-0.233237069946696,-0.0587229986391094
"196",-0.16862243754902,1.00171707640812,0.00881355443287638,-0.0579605247206492
"197",-0.16862243754902,1.00002571372029,0.00702654433184798,0.00143379794099436
"198",-0.16862243754902,1.09887503741557,-0.451663740224995,-0.059381930088516
"199",-0.16862243754902,1.02652089942448,-0.0362683215509179,-0.228975469880786
"200",-0.16862243754902,1.03040432962001,-0.165857212789681,0.18499856071142
"201",-0.16862243754902,1.00528188315304,-0.0782567587701758,-0.0668396910713811
"202",-0.16862243754902,1.03643316203245,-0.0925998162976874,-0.256162006125437
"203",-0.16862243754902,1.02760738748708,-0.224895055587289,-0.0734789547449778
"204",-0.16862243754902,1.0343818464161,-0.26393270150035,0.0168918108534486
"205",-0.16862243754902,1.10445032690022,-0.382313696214789,-0.271379369659133
"206",-0.16862243754902,1.02914685178768,-0.233028542219475,0.0695768715563527
"207",-0.16862243754902,1.06755358215697,-0.356141086237483,-0.113288028801657
"208",-0.16862243754902,1.01900993622315,0.11552270795682,-0.158226906902155
"209",-0.16862243754902,1.05330409740692,-0.246167399681944,-0.221022924032842
"210",-0.16862243754902,1.02947016746821,-0.242733936017504,-0.0298171429295522
"211",-0.16862243754902,1.07308156270237,-0.217091307770256,-0.323071825299502
"212",-0.16862243754902,1.00486971921984,-0.0868078947787782,-0.0471968432104115
"213",-0.16862243754902,1.06413929817914,-0.173915203759739,-0.319602796968989
"214",-0.16862243754902,1.01790651396519,-0.181558182262178,-0.0563053960683264
"215",-0.16862243754902,1.0628596309306,-0.334184606742494,-0.134131441796091
"216",-0.16862243754902,1.0138785364279,-0.0648380441896968,-0.154096445951366
"217",-0.16862243754902,1.00310328054625,0.0629106093081893,-0.047523117312831
"218",-0.16862243754902,1.01872490638856,-0.13084509818085,-0.143805407333775
"219",-0.16862243754902,1.05115077092893,-0.302062583134961,-0.116945025949433
"220",-0.16862243754902,1.00524128079016,0.0132321281040679,-0.10166092361615
"221",-0.16862243754902,1.0013747424885,0.0143653047486187,-0.05044812100951
"222",-0.16862243754902,1.05414743411984,-0.271138991264014,-0.194191813107001
"223",-0.16862243754902,1.01270424795009,-0.158888836314283,-0.0180064297083403
"224",-0.16862243754902,1.07124028416338,0.207175957038583,-0.323471589540069
"225",-0.16862243754902,1.00153591902687,-0.0270672610814275,0.048389673263563
"226",-0.16862243754902,1.07046080476238,-0.273604298894395,-0.266508953243669
"227",-0.16862243754902,1.03736290726477,-0.0639074166730479,-0.268398292585852
"228",-0.16862243754902,1.0068254966612,-0.0954747857815292,0.0676915504848774
"229",-0.16862243754902,1.00616124170811,-0.0927915738501795,-0.0612386163953546
"230",-0.16862243754902,1.03591029323138,-0.251306761461325,-0.0997749831698665
"231",-0.16862243754902,1.03435579682361,-0.0430034202941203,-0.260849804036002
"232",-0.16862243754902,1.01045681063183,-0.103716364708811,-0.101320688133438
"233",-0.16862243754902,1.06001175441268,0.106479811787028,-0.335092478541138
"234",-0.16862243754902,1.020107421073,-0.110110909390644,-0.168803845220941
"235",-0.16862243754902,1.03269869785141,-0.0174875095522698,-0.257217393567478
"236",-0.16862243754902,1.01675325015603,-0.151780639282939,-0.103681286844442
"237",-0.16862243754902,1.00362814682725,-0.072621568979643,-0.0446717452405905
"238",-0.16862243754902,1.03413420102817,-0.167521943644671,-0.203396027821783
"239",-0.16862243754902,1.06536750963971,0.00477354513721564,-0.36740324421912
"240",-0.16862243754902,1.05283561323927,-0.323051874092597,0.0640337032364389
"241",-0.16862243754902,1.0852387781188,-0.350635542550434,-0.234089559427914
"242",-0.16862243754902,1.02640587259678,-0.165008697149557,0.162114605036585
"243",-0.16862243754902,1.03280672679929,-0.0921555316538576,-0.241240736417919
"244",-0.16862243754902,1.01451972697612,-0.0817646844724612,0.150215887298295
"245",-0.16862243754902,1.02501959906335,-0.210237915815776,-0.0804064500983611
"246",-0.16862243754902,1.01821151314075,-0.178463427970151,0.0700392059458034
"247",-0.16862243754902,1.0021026199841,-0.0614576521257984,-0.0207994705266817
"248",-0.16862243754902,1.00607702409283,-0.040404973423881,-0.102754155780202
"249",-0.16862243754902,1.07506610321201,-0.394501834143088,0.0116374023388481
"250",-0.16862243754902,1.02613380889971,-0.220593087839674,-0.0654926206864398
"251",-0.16862243754902,1.00355704401568,-0.0755931388508607,-0.0375821493819691
"252",-0.16862243754902,1.04412577259754,-0.292765216893462,-0.0669862432125638
"253",-0.16862243754902,1.01068357552049,-0.14638096587772,0.00734184279302345
"254",-0.16862243754902,1.0063984307982,-0.0619599015267077,-0.094861858066732
"255",-0.16862243754902,1.03249898560884,-0.254230387922605,-0.0376970176541081
"256",-0.16862243754902,1.08228049245953,-0.113094372274042,-0.398171730938286
"257",-0.16862243754902,1.05714871561916,-0.297721508379158,-0.170074426013064
"258",-0.16862243754902,1.00718586730949,-0.0807529336120233,0.0888950787221488
"259",-0.16862243754902,1.01667264621152,0.158444321462981,-0.0922966226406707
"260",-0.16862243754902,1.03554135795962,-0.246171637190878,-0.108376330845898
"261",-0.16862243754902,1.01073220236001,-0.0191172900071019,-0.145650657775053
"262",-0.16862243754902,1.03743419782014,0.031994983655681,-0.274310108868746
"263",-0.16862243754902,1.02574144150625,0.221236738217689,-0.0565668673881757
"264",-0.16862243754902,1.01952600001671,-0.193113581037195,-0.0462645601845451
"265",-0.16862243754902,1.01949409649273,-0.143196491170536,0.137342556041389
"266",-0.16862243754902,1.0067799094444,-0.114975150882173,-0.0196596220840399
"267",-0.16862243754902,1.02753635036833,-0.229607056855537,-0.0557812761632244
"268",-0.16862243754902,1.04300728528914,0.179625311407194,-0.235794284638322
"269",-0.16862243754902,1.00605386708344,-0.109043502883804,0.0159341756101968
"270",-0.16862243754902,1.07208957069112,-0.129952558616917,-0.363989532945098
"271",-0.16862243754902,1.00083717682784,-0.0115814286934395,-0.0392546179467125
"272",-0.16862243754902,1.00890565817347,-0.12496099778834,-0.0477009027815895
"273",-0.16862243754902,1.04471773347058,-0.0840236742564792,-0.290474034626771
"274",-0.16862243754902,1.01918162956179,-0.193561166639576,0.035570617163034
"275",-0.16862243754902,1.02892774332962,-0.208060149962555,0.124109931072964
"276",-0.16862243754902,1.02556174131371,-0.20280471345892,0.103184947764959
"277",-0.16862243754902,1.0057654642235,0.0650297115854937,-0.0856463988490558
"278",-0.16862243754902,1.12273096087272,-0.487373997765845,-0.151629142330617
"279",-0.16862243754902,1.07088957116445,-0.382025043790781,0.0293485867705082
"280",-0.16862243754902,1.04664577089557,-0.308570193364296,-0.0158683805318966
"281",-0.16862243754902,1.02218971900879,0.0947924649560198,-0.189436559921358
"282",-0.16862243754902,1.01627381861141,-0.166986460017917,-0.0701996906381548
"283",-0.16862243754902,1.07316587136585,-0.287367261143869,-0.262878383833857
"284",-0.16862243754902,1.05189619860996,-0.270468430371584,-0.182571741576865
"285",-0.16862243754902,1.03960549948081,-0.258835452979939,0.117404441276402
"286",-0.16862243754902,1.00101081713282,-0.0180234718988223,-0.0412044958423201
"287",-0.16862243754902,1.01819381347336,-0.0425978933509536,-0.186826286366472
"288",-0.16862243754902,1.02326894156885,-0.142372619294235,-0.163735652973736
"289",-0.16862243754902,1.03264232984459,-0.136680371258133,-0.21833153116211
"290",-0.16862243754902,1.07778375556113,-0.354064249936419,-0.19041095207058
"291",-0.16862243754902,1.08593291605886,-0.197519804111129,-0.374481274784212
"292",-0.16862243754902,1.00582241072997,-0.0795141153451078,0.073186251355992
"293",-0.16862243754902,1.04208267670303,-0.247879968025697,-0.156498647074444
"294",-0.16862243754902,1.08524837213467,-0.389578014301553,-0.161223447407047
"295",-0.16862243754902,1.00620432995694,0.0128774824219373,-0.110821135486721
"296",-0.16862243754902,1.00578448057941,-0.0208298643089179,0.105681304530445
"297",-0.16862243754902,1.02876591407129,-0.236457902280825,-0.0494668212430766
"298",-0.16862243754902,1.03912164016021,0.261696958524064,0.106247282075852
"299",-0.16862243754902,1.13913069946685,-0.234159068571765,-0.492735508232814
"300",-0.16862243754902,1.03633966224108,-0.00851657138281063,-0.271895868938529
"301",-0.16862243754902,1.01421424770117,0.103776934309236,-0.133644633807072
"302",-0.16862243754902,1.05573290355011,-0.271102964770691,-0.202670042509684
"303",-0.16862243754902,1.00592856259279,-0.107850256370251,0.0161429625800279
"304",-0.16862243754902,1.00115078221489,-0.0100713983827446,0.0469196724637683
"305",-0.16862243754902,1.05364204135402,-0.331789143098798,-0.00880430749263988
"306",-0.16862243754902,1.07410335437691,-0.357395154245301,-0.161141923799169
"307",-0.16862243754902,1.01879276711664,-0.18690352582153,0.0548249429061646
"308",-0.16862243754902,1.10641798630162,-0.326387959534349,-0.342974722512821
"309",-0.16862243754902,1.08663218778332,-0.368560376093039,-0.211973490561709
"310",-0.16862243754902,1.02642433495925,-0.218892499640993,-0.0750532410856297
"311",-0.16862243754902,1.00005136944046,-0.00133321186292214,0.0100480876724028
"312",-0.16862243754902,1.02047876866228,0.0362632023133079,-0.200154683803482
"313",-0.16862243754902,1.06891709965683,-0.23089895045515,-0.298779920037262
"314",-0.16862243754902,1.0274175392214,-0.181230601829336,-0.150805400633876
"315",-0.16862243754902,1.00247315504311,-0.0483167537733015,-0.0511655928030685
"316",-0.16862243754902,1.03595596493325,-0.15263723130656,0.223397933965019
"317",-0.16862243754902,1.04991605096165,-0.316143219607413,-0.0487563202382173
"318",-0.16862243754902,1.03017393958999,-0.123068893673431,-0.214737964087299
"319",-0.16862243754902,1.01767968775932,-0.131358587441486,-0.135708763104253
"320",-0.16862243754902,1.07616262936835,-0.396008710071996,-0.0360985650145862
"321",-0.16862243754902,1.01387820186557,0.0457649260159212,-0.160793593668762
"322",-0.16862243754902,1.07366987782075,-0.193056623706452,-0.33984724006925
"323",-0.16862243754902,1.08331681274186,-0.415871193422325,0.0250293278110103
"324",-0.16862243754902,1.02543035470691,-0.132406956841829,-0.184325283491485
"325",-0.16862243754902,1.01056973494945,0.0246074843311872,0.143685980216178
"326",-0.16862243754902,1.08703465028929,-0.415430012988261,-0.0951957732157234
"327",-0.16862243754902,1.01425525097156,0.154135072019641,0.0703995290955533
"328",-0.16862243754902,1.00612644372872,0.0345478689346333,-0.105341660905292
"329",-0.16862243754902,1.02981174953403,-0.209397150244111,-0.129093272280138
"330",-0.16862243754902,1.04000035581116,-0.245738576532637,-0.145647835861189
"331",-0.16862243754902,1.01242501002732,-0.0554498392509306,-0.148086853757747
"332",-0.16862243754902,1.006305365817,-0.112419834536568,-0.00350286666276731
"333",-0.16862243754902,1.02584980400969,-0.228784775245282,-0.00503458068671079
"334",-0.16862243754902,1.0391173019019,-0.10604437041253,-0.261762026687775
"335",-0.16862243754902,1.00520084225629,0.0482259513406061,-0.0900166145222721
"336",-0.16862243754902,1.02338739979761,-0.213780451333979,0.0402453561537991
"337",-0.16862243754902,1.01080521786183,-0.128794556859856,-0.0716878691270941
"338",-0.16862243754902,1.07170081531713,-0.269254991688743,-0.275761467580418
"339",-0.16862243754902,1.03190886917202,-0.145024432810652,-0.209293641001874
"340",-0.16862243754902,1.00905071653988,-6.01749828213229e-05,-0.134845633702457
"341",-0.16862243754902,1.058702430698,-0.33340377960826,-0.0984517978951497
"342",-0.16862243754902,1.00180224631904,-0.0431159870499957,0.0418180868832124
"343",-0.16862243754902,1.02964341530899,-0.17389080851267,0.172995807475147
"344",-0.16862243754902,1.04190464697421,0.00854841125757143,-0.292390523190166
"345",-0.16862243754902,1.01460038600007,-0.0552335873274258,-0.162367466268468
"346",-0.16862243754902,1.01477279687682,-0.0618705104036785,-0.161046171092608
"347",-0.16862243754902,1.06232291535543,-0.352634786528379,0.0646427398812275
"348",-0.16862243754902,1.03977122383015,-0.282637827175793,-0.0352144367353144
"349",-0.16862243754902,1.00695166623975,-0.115337489157948,0.0254739423282286
"350",-0.16862243754902,1.04531733354398,-0.245880181586877,-0.179530677351525
"351",-0.16862243754902,1.01122421476958,-0.0114920993508633,-0.149807690686661
"352",-0.16862243754902,1.00472926945676,0.0530837302993407,-0.0816273390514631
"353",-0.16862243754902,1.04671309658513,-0.283234647298402,-0.124042094196221
"354",-0.16862243754902,1.01129704288792,-0.0747160639309934,0.130916839041127
"355",-0.16862243754902,1.00354964227689,-0.0753414824476073,-0.0378885937543238
"356",-0.16862243754902,1.03319324966417,-0.259002533603471,0.0201489140795688
"357",-0.16862243754902,1.0148658070646,-0.17300887923265,0.00453145181489921
"358",-0.16862243754902,1.0066907605521,-0.109177719997443,-0.0388138227584949
"359",-0.16862243754902,1.05180230798026,-0.0550297547665052,-0.321340662168593
"360",-0.16862243754902,1.01318198011514,-0.162722979666867,-0.00767832783720312
"361",-0.16862243754902,1.0119814920761,-0.0341258852400409,-0.151466049863142
"362",-0.16862243754902,1.02936740464077,0.234844927563061,-0.0666716861551941
"363",-0.16862243754902,1.03111220212864,-0.22827550198176,-0.105274254086863
"364",-0.16862243754902,1.00211637429096,0.0337423252607758,0.0556658163333518
"365",-0.16862243754902,1.06425469365858,-0.339759128944488,-0.131155584224227
"366",-0.16862243754902,1.00299552972673,-0.0498765184717568,-0.0592652137171564
"367",-0.16862243754902,1.01246184188479,0.150020847412459,-0.0507220525450427
"368",-0.16862243754902,1.01524841013753,-0.174968926551014,0.010733546868445
"369",-0.16862243754902,1.03824635439286,-8.14959661190123e-05,-0.279205096243732
"370",-0.16862243754902,1.00682290694542,-0.10151756333196,0.0581940743131767
"371",-0.16862243754902,1.01970386151844,-0.046491394519575,-0.193996173754121
"372",-0.16862243754902,1.02115072253169,-0.205974083925714,-0.0179854073611621
"373",-0.16862243754902,1.01710985551666,-0.18487422124331,-0.0182751336189822
"374",-0.16862243754902,1.008985114268,0.12025934298188,0.0599053523483607
"375",-0.16862243754902,1.07799480467974,-0.324945909014569,-0.23766142962458
"376",-0.16862243754902,1.02088632994436,-0.121096427566631,-0.165965520207879
"377",-0.16862243754902,1.03325720593827,0.0771026929386838,-0.248345783867925
"378",-0.16862243754902,1.08219408100643,-0.315213876532383,-0.267925812505604
"379",-0.16862243754902,1.07448929364464,-0.384687069579093,-0.080889434758801
"380",-0.16862243754902,1.01139707057358,-0.108210745184835,-0.105898389937488
"381",-0.16862243754902,1.05268203076531,-0.326351409658136,0.040425429006132
"382",-0.16862243754902,1.01047142176353,-0.120259728788776,-0.0811793805868754
"383",-0.16862243754902,1.0296101860988,-0.239816627102856,0.050844082088479
"384",-0.16862243754902,1.00252572097883,-0.0301042020619801,-0.0644325868046924
"385",-0.16862243754902,1.01220582736807,-0.156398127449915,-0.0100131257881464
"386",-0.16862243754902,1.01944073739097,-0.0970495784881466,-0.172744888108184
"387",-0.16862243754902,1.04339876409682,-0.0390757921805489,-0.295218670453323
"388",-0.16862243754902,1.06383794445108,-0.168564797053101,-0.321460854923804
"389",-0.16862243754902,1.03054061990058,-0.242250956541214,-0.0576926626178704
"390",-0.16862243754902,1.06325865156004,-0.149867415608466,-0.328722858736841
"391",-0.16862243754902,1.00131357979263,0.0502110969920682,-0.0103793456433749
"392",-0.16862243754902,1.00941669735054,-0.133916812397497,-0.0314381336496609
"393",-0.16862243754902,1.0155882316632,-0.174688994735071,0.0300534758596377
"394",-0.16862243754902,1.00092510032338,-0.0429072042952715,-0.00316674548003366
"395",-0.16862243754902,1.01105482867092,-0.0741126715467287,-0.129379977179552
"396",-0.16862243754902,1.00852124496689,-0.0968126910931176,-0.0879909335834186
"397",-0.16862243754902,1.00669594358325,-0.104637444783263,-0.0498771287886456
"398",-0.16862243754902,1.05439352154696,-0.250204925468775,-0.221682641520179
"399",-0.16862243754902,1.02014905346507,-0.179587613842808,-0.0919368274410749
"400",-0.16862243754902,1.06933474026715,-0.0772487291471204,-0.370822626854644
"401",-0.16862243754902,1.02202929165679,-0.054168781694411,-0.20398435257199
"402",-0.16862243754902,1.05354398935809,0.141381890470467,-0.299943492277377
"403",-0.16862243754902,1.01641622290482,-0.0560369268148827,0.173094774667658
"404",-0.16862243754902,1.01503125278411,0.172823577789367,-0.0205050015499822
"405",-0.16862243754902,1.03107179278875,-0.246396258948016,-0.0489686171034928
"406",-0.16862243754902,1.05377513042313,-0.313120175937382,-0.111345322843943
"407",-0.16862243754902,1.00808678269003,-0.0329395795635192,-0.123101362837737
"408",-0.16862243754902,1.00646131430204,-0.047162084278838,-0.103634526066699
"409",-0.16862243754902,1.10141129635396,-0.444243976751865,-0.125515468591714
"410",-0.16862243754902,1.05233792038723,0.0647981671773323,-0.321272931034322
"411",-0.16862243754902,1.11927449226332,-0.250941527289953,-0.435664709280764
"412",-0.16862243754902,1.01993510600936,-0.175515122757181,-0.0972731317160796
"413",-0.16862243754902,1.05107066219033,-0.307714140666673,-0.100307250739905
"414",-0.16862243754902,1.02633405936088,-0.0603283332945661,-0.222984514274137
"415",-0.16862243754902,1.03026457562302,0.097168444682648,-0.228042516083369
"416",-0.16862243754902,1.02990429038438,0.0351636406746738,-0.243857265068432
"417",-0.16862243754902,1.03860496543381,-0.0723889776405168,-0.271035256267374
"418",-0.16862243754902,1.04771833110785,-0.238834562292984,-0.201672390757244
"419",-0.16862243754902,1.04457786507231,-0.273050512096597,-0.128787942148365
"420",-0.16862243754902,1.02612132278381,0.0809447967968791,-0.215343699566759
"421",-0.16862243754902,1.02249522400473,-0.165520874715457,-0.134533724938851
"422",-0.16862243754902,1.00615428856629,-0.0920359761977872,-0.0622561762852779
"423",-0.16862243754902,1.00466908129756,-0.0218989971667376,-0.0942358574979461
"424",-0.16862243754902,1.10397600642714,-0.306365197697852,-0.353416734757102
"425",-0.16862243754902,1.1069995219804,0.10963142542617,-0.461983649303595
"426",-0.16862243754902,1.00739429254448,0.030044953433857,-0.118070154672334
"427",-0.16862243754902,1.01641734221567,-0.128818753771654,-0.12849102004998
"428",-0.16862243754902,1.04443224625558,-0.263132312182817,-0.14696973601327
"429",-0.16862243754902,1.02270726832074,0.212622995079484,0.0268629603635997
"430",-0.16862243754902,1.02136098888023,-0.0769455594630828,-0.193022409282744
"431",-0.16862243754902,1.05917178999237,-0.174654098751314,-0.302226449049383
"432",-0.16862243754902,1.07072381799914,-0.303099912910744,-0.233623494589369
"433",-0.16862243754902,1.04330097513675,-0.24856307262021,-0.163380915809947
"434",-0.16862243754902,1.01413398965347,-0.16080635170109,0.0510790194018702
"435",-0.16862243754902,1.00216134151407,-0.0571979115770332,0.03249235812464
"436",-0.16862243754902,1.03525393696178,0.127930600868631,-0.235339064662582
"437",-0.16862243754902,1.00143584377414,0.0308831159432156,-0.0438176031436548
"438",-0.16862243754902,1.00268480530235,-0.0519364630286662,-0.0517631393202354
"439",-0.16862243754902,1.01625421724778,-0.146300092073872,0.106625124305104
"440",-0.16862243754902,1.01412438575907,-0.146301288938385,0.0839297482789733
"441",-0.16862243754902,1.0799665772312,-0.365958661115401,-0.180005739605973
"442",-0.16862243754902,1.01188591415728,-0.147985767528198,-0.0448699886228034
"443",-0.16862243754902,1.00856938994093,-0.094203040162516,-0.091312658213239
"444",-0.16862243754902,1.00887839267112,-0.104684573331317,0.0829261798535382
"445",-0.16862243754902,1.04729599006788,-0.22495331017088,-0.214999765245041
"446",-0.16862243754902,1.00251940024276,0.0186129531715195,-0.0685471067029671
"447",-0.16862243754902,1.04148665221022,-0.053180883506912,-0.286122771483637
"448",-0.16862243754902,1.0035882513639,0.00777335246142283,-0.0844331289669606
"449",-0.16862243754902,1.02698700241066,-0.157912590645869,-0.172528017539035
"450",-0.16862243754902,1.03144968201831,-0.140222243855703,0.210300187502874
"451",-0.16862243754902,1.00902073928521,-0.133222915317722,-0.0193521870062773
"452",-0.16862243754902,1.04226056097068,-0.115806664484658,-0.269992395107463
"453",-0.16862243754902,1.08745339816973,0.0621023950208363,0.422727081843087
"454",-0.16862243754902,1.05855974956594,-0.33113862773275,-0.104383679875661
"455",-0.16862243754902,1.01365211599671,-0.0567736873135683,-0.155779846878332
"456",-0.16862243754902,1.01467149339093,-0.167901717140889,-0.0369763827505475
"457",-0.16862243754902,1.02773455679762,-0.019557327940282,-0.236338380632169
"458",-0.16862243754902,1.01667770300545,-0.169356630435875,-0.0703696206885568
"459",-0.16862243754902,1.07737441777907,-0.350086666039572,-0.19538414046715
"460",-0.16862243754902,1.03308113539983,0.154871703382164,-0.2080177584018
"461",-0.16862243754902,1.03465832958163,-0.167671569275442,-0.205922567557235
"462",-0.16862243754902,1.02323217928279,-0.104821183726196,-0.189780431451815
"463",-0.16862243754902,1.02011325201638,0.0835458086609571,-0.18344248361442
"464",-0.16862243754902,1.04927518942411,-0.315296599335716,0.0395787517278556
"465",-0.16862243754902,1.01868530659225,-0.14509262481584,-0.129104159851619
"466",-0.16862243754902,1.03757639099589,-0.217309832430754,-0.171292743223345
"467",-0.16862243754902,1.05602224481393,-0.278810866420049,0.193513519703281
"468",-0.16862243754902,1.01035486008157,-0.0538789945947657,-0.13384318149203
"469",-0.16862243754902,1.01457320266462,-0.171171935481279,-0.00767802505446734
"470",-0.16862243754902,1.02985922904753,-0.245608427213403,-0.0169272601482647
"471",-0.16862243754902,1.08009996494053,0.134235577277767,-0.38548248216676
"472",-0.16862243754902,1.10202278004672,-0.314601321619548,-0.339823801663649
"473",-0.16862243754902,1.01594839606204,-0.0944866623097734,-0.152392303304971
"474",-0.16862243754902,1.01388129539366,-0.0421614351548092,-0.161795224079102
"475",-0.16862243754902,1.03650560128745,-0.256397145408104,-0.0927597182338798
"476",-0.16862243754902,1.03966092435392,-0.280909790370493,-0.0445480336540755
"477",-0.16862243754902,1.01205230675415,-0.0664560213464896,-0.140831348900692
"478",-0.16862243754902,1.01329970703403,-0.134284460447465,-0.0935092506524999
"479",-0.16862243754902,1.02010540032375,-0.0238258903927521,-0.200118351773798
"480",-0.16862243754902,1.0442692246159,-0.103074977327821,-0.282619465940982
"481",-0.16862243754902,1.01791619888747,-0.118826693368969,-0.148437208611958
"482",-0.16862243754902,1.02831802939871,-0.208821566653363,-0.117607495028533
"483",-0.16862243754902,1.00145611507925,-0.0218653711835659,-0.0493584437825306
"484",-0.16862243754902,1.02837195363427,-0.216349213369502,0.10364310346549
"485",-0.16862243754902,1.06700098330559,-0.0987140458379274,-0.358812814054071
"486",-0.16862243754902,1.04123136887201,-0.061737450172563,-0.28346296190027
"487",-0.16862243754902,1.01501913916466,-0.110893715138713,0.134038937675996
"488",-0.16862243754902,1.02504134772013,0.0260995063570101,-0.223670696122293
"489",-0.16862243754902,1.06255744220479,-0.154929680924639,-0.324075781189167
"490",-0.16862243754902,1.01061412828948,-0.0854212523854309,-0.118507915091002
"491",-0.16862243754902,1.08159553263406,-0.411342249588846,-0.025425379390197
"492",-0.16862243754902,1.05318512907696,-0.107095543834127,-0.312617115014084
"493",-0.16862243754902,1.0276665042494,0.115237355989353,-0.206927029990663
"494",-0.16862243754902,1.01225567512229,-0.152872439975408,0.0359384044337318
"495",-0.16862243754902,1.00299751402733,0.00893326383417781,-0.0769688894441928
"496",-0.16862243754902,1.03558200382322,-0.169466184969488,0.209072472588804
"497",-0.16862243754902,1.02572762363958,-0.0392370785724597,-0.224894663259062
"498",-0.16862243754902,1.0247640852839,-0.0929121327823225,-0.203737002210166
"499",-0.16862243754902,1.07222885454241,-0.377060477788186,-0.0866031904924452
"500",-0.16862243754902,1.00020925798131,0.014285821882864,0.0146449665298129
"501",-0.16862243754902,1.02161884117839,-0.206098874366871,-0.0350472628800834
"502",-0.16862243754902,1.01950008176222,-0.188926928891596,0.0607209375154556
"503",-0.16862243754902,1.05448975016292,-0.304852543953507,-0.137889664745921
"504",-0.16862243754902,1.01760178367714,-0.0715761591570629,-0.174327977052524
"505",-0.16862243754902,1.03120724554512,-0.23615251726288,-0.0872947412801295
"506",-0.16862243754902,1.06592603414883,-0.250548629142285,-0.270968069541725
"507",-0.16862243754902,1.0170759933045,-0.182591594598905,-0.0332247759684593
"508",-0.16862243754902,1.01231084728144,-0.157359952065142,-0.00333121745408417
"509",-0.16862243754902,1.0589121344874,-0.00263274420420886,-0.348264234773846
"510",-0.16862243754902,1.01402361615299,-0.0178090549954415,0.167112930906461
"511",-0.16862243754902,1.01728868692811,0.0245129628271819,-0.185136131550138
"512",-0.16862243754902,1.06633482397064,-0.149505401311008,-0.338700593136962
"513",-0.16862243754902,1.00628492210367,-0.0855861318934511,-0.0726935931200606
"514",-0.16862243754902,1.03949808868593,-0.215576095589231,0.184616422325334
"515",-0.16862243754902,1.02147165521453,0.177127751291513,-0.109681822236495
"516",-0.16862243754902,1.01645043870047,-0.179119083934203,-0.0329825424269905
"517",-0.16862243754902,1.01566385716464,0.0718617485078868,-0.162508337792084
"518",-0.16862243754902,1.05531432293372,0.103309577683434,-0.320960202124702
"519",-0.16862243754902,1.13658978901763,-0.538179176030463,-0.046899072339617
"520",-0.16862243754902,1.0498117339209,-0.0958727742972946,-0.304816482209443
"521",-0.16862243754902,1.02197243750329,-0.196214283225286,0.0769910259368777
"522",-0.16862243754902,1.03408781058279,-0.0223313189996069,-0.262371706149205
"523",-0.16862243754902,1.03337519710542,-0.252764246112807,-0.06304390438172
"524",-0.16862243754902,1.03403917254028,-0.0929386280380887,-0.246169498041865
"525",-0.16862243754902,1.01571700455731,-0.151179750786183,-0.0939452835383051
"526",-0.16862243754902,1.00594915240791,0.108750638692221,0.0103438781033432
"527",-0.16862243754902,1.0211905036808,-0.205226956287232,0.0266822266860138
"528",-0.16862243754902,1.01382916627377,-0.0548740846085309,-0.157602072403058
"529",-0.16862243754902,1.04806070469233,-0.260887822352875,-0.174266419221158
"530",-0.16862243754902,1.00930473509419,-0.0761217661526974,-0.113584880161683
"531",-0.16862243754902,1.04883421565261,-0.263746994898693,-0.174615963203656
"532",-0.16862243754902,1.04743454613402,-0.181132532277513,-0.253594428538399
"533",-0.16862243754902,1.0213416015616,-0.200830179073818,0.0529708056724423
"534",-0.16862243754902,1.03089943978864,-0.171767542315541,-0.182344636234266
"535",-0.16862243754902,1.07029720010366,-0.207091022083096,-0.320389458506858
"536",-0.16862243754902,1.04040658813201,-0.284489674146265,-0.0388779363218624
"537",-0.16862243754902,1.0206610953536,-0.00959164646796045,-0.204100641563035
"538",-0.16862243754902,1.00955526884697,-0.134473365681206,0.0334477918410639
"539",-0.16862243754902,1.03074417049714,-0.242727342290739,0.0593041509365668
"540",-0.16862243754902,1.01881432781108,-0.0199892204306699,-0.193863523179904
"541",-0.16862243754902,1.0222130877692,0.191177347432757,-0.0914921780001641
"542",-0.16862243754902,1.03465936785907,-0.107747713647745,-0.24271472493902
"543",-0.16862243754902,1.01862001826306,0.00611523314478902,-0.193776535034098
"544",-0.16862243754902,1.03463115297784,-0.251381328580002,-0.08525872596757
"545",-0.16862243754902,1.02530835248155,-0.22299747733183,0.0391068123487077
"546",-0.16862243754902,1.03619461168094,-0.0960177681441364,-0.253928851210775
"547",-0.16862243754902,1.00185209075196,-0.0552586433212992,0.0255752630946831
"548",-0.16862243754902,1.07215413213163,0.236538331365922,-0.305882495153881
"549",-0.16862243754902,1.03927191952338,0.0889070329663905,-0.268666451569465
"550",-0.16862243754902,1.00062646488783,0.0346480831932093,-0.00726860130712332
"551",-0.16862243754902,1.00763296923953,-0.113211567636661,-0.0500733626962977
"552",-0.16862243754902,1.01767682922193,-0.174914802099782,-0.0712105381358912
"553",-0.16862243754902,1.09266326377223,-0.335733238604967,-0.284949470070034
"554",-0.16862243754902,1.03584136629423,-0.257798232982856,-0.0806685018902006
"555",-0.16862243754902,1.02091998770376,-0.117488999026535,-0.168742278047894
"556",-0.16862243754902,1.01997588061328,-0.0331830737659985,-0.198115321588918
"557",-0.16862243754902,1.0247621471948,0.141533833691507,-0.173509746826746
"558",-0.16862243754902,1.08211800113863,-0.303155119504991,-0.281205159814303
"559",-0.16862243754902,1.03486283277314,-0.179351559126601,-0.196911403666988
"560",-0.16862243754902,1.02557655717663,-0.207182591942046,-0.0942478022366628
"561",-0.16862243754902,1.06388221502004,-0.278423526462708,-0.233078757822346
"562",-0.16862243754902,1.10268432158609,-0.464491200655936,-0.0126742883419796
"563",-0.16862243754902,1.02560087890619,-0.193946292743427,-0.119339843909044
"564",-0.16862243754902,1.02434686812056,-0.221071559025305,0.0203438447330853
"565",-0.16862243754902,1.06454241209244,-0.263914908169902,-0.25218935026933
"566",-0.16862243754902,1.00341225707487,-0.0361114366857181,-0.0743782346427391
"567",-0.16862243754902,1.05405836225596,-0.245023034733771,-0.225837869923492
"568",-0.16862243754902,1.05848083861561,-0.298987677955142,-0.176034241406002
"569",-0.16862243754902,1.00990360100896,-0.0882256487137993,-0.110097766734351
"570",-0.16862243754902,1.03089326672163,-0.22286737584094,-0.114328737235083
"571",-0.16862243754902,1.02265727343572,-0.212710939834097,0.0241237431977092
"572",-0.16862243754902,1.02378436703599,-0.20869153698477,0.0676924853895824
"573",-0.16862243754902,1.06195053759379,-0.256481626662468,-0.248909862159606
"574",-0.16862243754902,1.02395832616351,-0.220187202378841,0.00287221659287025
"575",-0.16862243754902,1.06680619756424,-0.307458063167255,-0.208674393625339
"576",-0.16862243754902,1.06938902060857,0.189129314327347,-0.328364096484715
"577",-0.16862243754902,1.08952133290647,-0.150379773071908,-0.405515300215828
"578",-0.16862243754902,1.01064091734674,0.0830361937151506,-0.120416171458613
"579",-0.16862243754902,1.04673814897482,0.121878422317249,-0.284264670145074
"580",-0.16862243754902,1.0422653778404,-0.293596828652797,-0.0108637033194093
"581",-0.16862243754902,1.01742921266172,-0.0478744047866084,-0.181301528244475
"582",-0.16862243754902,1.02910416903049,-0.117984727443043,-0.212449981892525
"583",-0.16862243754902,1.0822905138747,-0.0683017684521732,-0.408273958083877
"584",-0.16862243754902,1.04816250994988,-0.293615297281105,0.111511006035058
"585",-0.16862243754902,1.00917509566492,-0.045126874497551,0.12805443728504
"586",-0.16862243754902,1.01391836431396,-0.150709460185014,0.072918503165108
"587",-0.16862243754902,1.03534012121798,-0.232977418928937,-0.132855895137819
"588",-0.16862243754902,1.0139845641164,0.146973192476508,-0.0810159055963102
"589",-0.16862243754902,1.01571056889512,-0.144586442606256,-0.103743531748765
"590",-0.16862243754902,1.01829117055807,-0.182082089306522,-0.0613434657506166
"591",-0.16862243754902,1.01111806818479,-0.100714666872461,-0.110527388852289
"592",-0.16862243754902,1.02106783106858,0.146536300737069,-0.145281203909517
"593",-0.16862243754902,1.05834597145246,0.0949581659667532,-0.333285376225658
"594",-0.16862243754902,1.00593560601579,-0.0100893144331263,-0.108649202411334
"595",-0.16862243754902,1.02444861072795,-0.0272159183673418,-0.220803645372632
"596",-0.16862243754902,1.01693853559172,-0.181931543116084,-0.0326327870528706
"597",-0.16862243754902,1.00715179483177,0.0906148286257524,0.078381698539763
"598",-0.16862243754902,1.00594030399605,0.0965761444026974,-0.0508816620794836
"599",-0.16862243754902,1.01283336190587,-0.114363289569669,-0.112926777109515
"600",-0.16862243754902,1.03500989146539,-0.240154329716298,0.116496237491683
"601",-0.16862243754902,1.00352844262616,-0.0798910222765843,0.0262061008030052
"602",-0.16862243754902,1.0031650806731,0.0291972732400663,-0.0740790005143961
"603",-0.16862243754902,1.01100394076829,-0.138107050369936,-0.0552757712485592
"604",-0.16862243754902,1.00528322890044,-0.100523519499736,-0.022122213629664
"605",-0.16862243754902,1.02127165867916,-0.118605524779965,-0.170083891985525
"606",-0.16862243754902,1.01268031924643,0.064938737674931,-0.145960232043686
"607",-0.16862243754902,1.00083124932434,0.0129396571502897,-0.0386749905876471
"608",-0.16862243754902,1.09282731405037,-0.249528407489733,-0.363327830189475
"609",-0.16862243754902,1.05036062385758,0.0581531120121677,-0.316031099282634
"610",-0.16862243754902,1.12749545715742,-0.519511536285373,-0.0367936078284617
"611",-0.16862243754902,1.00800262453827,-0.104368738945404,-0.0719476018153407
"612",-0.16862243754902,1.03026559623347,-0.243672939623269,0.0455049148736117
"613",-0.16862243754902,1.0752556182797,-0.000713536979410343,-0.39518873403356
"614",-0.16862243754902,1.00488543627222,-0.0624567417814275,-0.0767717098810705
"615",-0.16862243754902,1.00692943195961,0.0883875284704387,-0.0780674436457483
"616",-0.16862243754902,1.03765179977634,-0.275705482333261,0.0266034695192817
"617",-0.16862243754902,1.0215261361016,0.198214902489445,0.0650115310523003
"618",-0.16862243754902,1.0116755623204,-0.0642379983324817,-0.139143533685679
"619",-0.16862243754902,1.02350149908017,0.0672256923230624,-0.207451259121352
"620",-0.16862243754902,1.05345956730297,-0.0964293772241065,-0.316983335761264
"621",-0.16862243754902,1.02077559595231,-0.0839867086639559,-0.186893151451833
"622",-0.16862243754902,1.01658560054221,-0.165791318669405,0.0771979396332814
"623",-0.16862243754902,1.01611343740839,-0.178344165968972,0.0260744347346091
"624",-0.16862243754902,1.02944527681121,-0.240242877526677,-0.0451767389993153
"625",-0.16862243754902,1.13866084213156,-0.328673892809067,-0.434191185527162
"626",-0.16862243754902,1.02803825636963,-0.0550813862771137,-0.232010123583634
"627",-0.16862243754902,1.07253850619352,-0.333405558495795,-0.197938325828867
"628",-0.16862243754902,1.09698738987168,-0.314129025585554,-0.323580420949953
"629",-0.16862243754902,1.00208573377433,-0.0645337291550228,-0.0033489752728005
"630",-0.16862243754902,1.00999832236032,-0.141694976898757,-0.00437546481187279
"631",-0.16862243754902,1.02009012007887,-0.00360982932139591,-0.201422000324673
"632",-0.16862243754902,1.03330832488154,-0.0309947475392791,-0.258390053783944
"633",-0.16862243754902,1.013400041537,-0.0430075322235601,-0.158524434581007
"634",-0.16862243754902,1.02076012358353,-0.204430084946712,0.012632112529229
"635",-0.16862243754902,1.00974448255939,-0.00864864178489922,-0.139675055233243
"636",-0.16862243754902,1.06642938430451,-0.30936104904361,-0.203880781445273
"637",-0.16862243754902,1.02265832221878,0.0808292254767581,-0.198233903034182
"638",-0.16862243754902,1.02972527963016,-0.239096611315119,-0.0562757671386841
"639",-0.16862243754902,1.0021363026909,0.0421349541277527,0.0500181448239784
"640",-0.16862243754902,1.02831288370712,-0.179452690119504,-0.158821027596899
"641",-0.16862243754902,1.02589961515472,-0.0501708306902803,-0.223501472304871
"642",-0.16862243754902,1.01851178548935,0.073519493967653,-0.178776791523521
"643",-0.16862243754902,1.01542745245265,-0.0457946442508436,-0.170281419281222
"644",-0.16862243754902,1.03760901782722,-0.190263179716415,-0.20107808513251
"645",-0.16862243754902,1.00313183343213,-0.00413084562416689,-0.0790974801074309
"646",-0.16862243754902,1.00318677424546,-0.0735520345725871,-0.0312058044480491
"647",-0.16862243754902,1.03992570944187,-0.187072280494019,-0.215521328478041
"648",-0.16862243754902,1.04147514947695,-0.249025693200668,-0.150521397495405
"649",-0.16862243754902,1.01355677931205,-0.0866294640645173,-0.140686462907099
"650",-0.16862243754902,1.06408229487162,-0.1222568889399,-0.342526471044203
"651",-0.16862243754902,1.07288461412716,-0.379758065181765,0.0828565456689548
"652",-0.16862243754902,1.02330962753863,-0.185780862189523,-0.112463616593829
"653",-0.16862243754902,1.00628627327115,-0.0952146261169048,-0.0595503043431976
"654",-0.16862243754902,1.01333005073717,-0.148640189229032,-0.0688758729378913
"655",-0.16862243754902,1.01581162425239,0.111985224734842,0.139041595960934
"656",-0.16862243754902,1.01899993853119,-0.195619435839234,-0.00969077130661187
"657",-0.16862243754902,1.06255967353002,-0.285140567522544,-0.218467197915728
"658",-0.16862243754902,1.10050971461705,-0.454109580103866,0.0700437093848711
"659",-0.16862243754902,1.01139848396098,-0.137723639767231,-0.0629213191838874
"660",-0.16862243754902,1.00241366072795,-0.0628184025423941,0.0297824699449638
"661",-0.16862243754902,1.01716450251652,-0.0468818533751213,-0.180071421951942
"662",-0.16862243754902,1.0107889857475,0.133026325985055,-0.0632326680077858
"663",-0.16862243754902,1.02468436423021,-0.220986938261949,-0.0338056121890483
"664",-0.16862243754902,1.00799427388658,-0.124370736137391,-0.0241738739298174
"665",-0.16862243754902,1.04697844165954,-0.269317405247196,-0.153727006510721
"666",-0.16862243754902,1.00277181924946,0.0212867269871761,-0.0714016577891916
"667",-0.16862243754902,1.03504383786141,0.0329658005418705,-0.265007551382036
"668",-0.16862243754902,1.04061015474583,-0.106122437790099,-0.267595819021188
"669",-0.16862243754902,1.07673302707342,-0.34013336433515,-0.208957665704686
"670",-0.16862243754902,1.01624425897504,-0.17823859162614,-0.0313591829429846
"671",-0.16862243754902,1.04001429074986,-0.236823149055712,-0.159826534202796
"672",-0.16862243754902,1.00946347982553,0.0714238110421527,-0.117962520817789
"673",-0.16862243754902,1.06079083043012,-0.301709306751122,-0.185063989323644
"674",-0.16862243754902,1.0423175945944,-0.288362790658112,0.0572089937416353
"675",-0.16862243754902,1.08644684108574,-0.275988047205392,-0.322796121886454
"676",-0.16862243754902,1.00108745688705,-0.0385208674103516,-0.0263104372926036
"677",-0.16862243754902,1.03187299364931,-0.194777841939708,-0.163778714465887
"678",-0.16862243754902,1.0473488211839,0.0251967533927528,-0.310329948367488
"679",-0.16862243754902,1.06258907823615,-0.275233745105531,-0.230958729520941
"680",-0.16862243754902,1.00214523080773,0.0612966948370113,-0.0231900589204228
"681",-0.16862243754902,1.0181645424411,-0.143710275750739,0.126516370987885
"682",-0.16862243754902,1.12802482327219,-0.178850805332433,-0.490359451168431
"683",-0.16862243754902,1.00189751821637,-0.0611412072098198,-0.00777108673580085
"684",-0.16862243754902,1.00894264412614,-0.134034488742798,0.00012232619129697
"685",-0.16862243754902,1.00831911983239,-0.124223011623493,-0.0357224131709773
"686",-0.16862243754902,1.00787021340053,-0.0471993379773589,-0.116510040573929
"687",-0.16862243754902,1.01113146031952,-0.140846058077892,-0.0504897808651423
"688",-0.16862243754902,1.06224711847365,-0.330393299483275,-0.138597288437169
"689",-0.16862243754902,1.01405379076635,-0.0756574551360727,0.150269890696529
"690",-0.16862243754902,1.05341045948547,-0.252426232798874,-0.214370224491096
"691",-0.16862243754902,1.12595351143417,-0.418295074809136,-0.304631811046327
"692",-0.16862243754902,1.01876039372959,0.149206748081053,-0.124940330394767
"693",-0.16862243754902,1.01306386202311,0.0177354232326956,-0.161195047380316
"694",-0.16862243754902,1.11603180524816,-0.292662955801455,-0.399844200441893
"695",-0.16862243754902,1.06161106453331,-0.111031370764634,-0.338659249165992
"696",-0.16862243754902,1.0529721664374,-0.303490291743847,0.129011728571916
"697",-0.16862243754902,1.0698869812857,-0.12219269039643,-0.360176483322145
"698",-0.16862243754902,1.01548180842687,-0.168755058160398,-0.0522018542887823
"699",-0.16862243754902,1.03422427381047,-0.15500773903861,-0.213523884792615
"700",-0.16862243754902,1.07342633401367,-0.270782464684585,-0.280928730060452
"701",-0.16862243754902,1.01290064841006,-0.153628403176555,0.0486419293093254
"702",-0.16862243754902,1.0174573215257,0.100273549986325,-0.158633591333602
"703",-0.16862243754902,1.02513811972514,0.108894907753789,-0.197610889322641
"704",-0.16862243754902,1.0344159002857,0.0588840956196614,-0.257970769752942
"705",-0.16862243754902,1.01192593570758,-0.123704171140925,-0.0932275570847637
"706",-0.16862243754902,1.02684974914488,-0.200207254441954,-0.119739143924292
"707",-0.16862243754902,1.0364816022955,-0.255258036021373,-0.0955899939509824
"708",-0.16862243754902,1.03059074295484,-0.185224020382165,-0.166761331661998
"709",-0.16862243754902,1.02388102835805,-0.0536097351179331,-0.213209653937428
"710",-0.16862243754902,1.02604738643922,0.212787352670895,-0.0865724076253946
"711",-0.16862243754902,1.09221599272301,-0.121289480451269,-0.422166598266337
"712",-0.16862243754902,1.01822864789383,-0.154927058575107,0.113080440010447
"713",-0.16862243754902,1.02493224924735,-0.122492491727737,-0.188365880715055
"714",-0.16862243754902,1.07578204254603,-0.367727118835954,-0.148606087146906
"715",-0.16862243754902,1.01539435952005,0.0705329574595728,-0.161402624690954
"716",-0.16862243754902,1.04057621882457,-0.171628635360643,-0.230959907142939
"717",-0.16862243754902,1.02436845516677,-0.121828658260828,-0.185710823505601
"718",-0.16862243754902,1.00446850093262,-0.0946362213368149,0.000977229205292111
"719",-0.16862243754902,1.06113876349854,-0.187350962823321,-0.301521296309855
"720",-0.16862243754902,1.01109058006457,-0.144708268641036,0.0369280121617769
"721",-0.16862243754902,1.01012630870265,-0.0165910741961458,-0.141703548968475
"722",-0.16862243754902,1.06149879980607,-0.250108461256893,-0.253427424714536
"723",-0.16862243754902,1.02534874264159,-0.221665842281892,0.0469499563594047
"724",-0.16862243754902,1.02087804606333,-0.0966118365492954,-0.181268138327335
"725",-0.16862243754902,1.07668122818792,-0.222776090011134,-0.331078964677001
"726",-0.16862243754902,1.0385207177376,-0.144892037505701,-0.239857413138847
"727",-0.16862243754902,1.03746994133282,-0.176604858043883,-0.212496125339809
"728",-0.16862243754902,1.00736662349527,-0.0927404369495645,-0.0786557403287703
"729",-0.16862243754902,1.01500018855305,0.111346012563579,-0.133519467677616
"730",-0.16862243754902,1.00646599221604,0.0649086218048939,0.0935984204076042
"731",-0.16862243754902,1.02979599574886,-0.179622325639792,-0.167975036812435
"732",-0.16862243754902,1.06236074277075,-0.351639032851586,-0.0704296695691809
"733",-0.16862243754902,1.08807113120038,-0.428235615565879,-0.0226504770941265
"734",-0.16862243754902,1.01533744990322,0.0430948294455765,-0.170449326343736
"735",-0.16862243754902,1.02651192598504,-0.147511436086574,-0.178793485376843
"736",-0.16862243754902,1.01010994611388,-0.10653621653287,-0.0947213693157728
"737",-0.16862243754902,1.01332320954813,-0.163713197239426,0.0046814590214494
"738",-0.16862243754902,1.0310890483787,-0.0386809716687829,-0.248290974699559
"739",-0.16862243754902,1.03285462281399,0.0139683637651425,-0.258057274034196
"740",-0.16862243754902,1.01234634107827,0.00231686274775971,-0.157606302036363
"741",-0.16862243754902,1.07903367871437,0.200894659275752,-0.352072457988913
"742",-0.16862243754902,1.07303766512543,-0.231021447934674,-0.313111675560022
"743",-0.16862243754902,1.06365985730676,-0.156803383337541,-0.326779728593644
"744",-0.16862243754902,1.04407687682374,-0.223122552802851,-0.200780604513375
"745",-0.16862243754902,1.07875958643544,-0.177382665190416,-0.363672428727147
"746",-0.16862243754902,1.02830438303869,0.0301107248589692,-0.237704119495308
"747",-0.16862243754902,1.01400427496535,-0.127249694422562,-0.109600113674106
"748",-0.16862243754902,1.00297267975893,0.044928308938346,-0.0627347064929014
"749",-0.16862243754902,1.06173065751446,-0.124930707832312,-0.334162097411725
"750",-0.16862243754902,1.04327764893226,-0.0606920036918096,-0.291109487048267
"751",-0.16862243754902,1.00140401957237,0.0453798939680697,-0.0273984605250297
"752",-0.16862243754902,1.05168798896747,-0.272561056512898,-0.178208015002192
"753",-0.16862243754902,1.04485606914251,-0.186993294831269,-0.238238772898288
"754",-0.16862243754902,1.03395110047687,0.104499697451989,0.241111367234693
"755",-0.16862243754902,1.05772126314192,-0.16786545337283,-0.300990797311948
"756",-0.16862243754902,1.04717912700663,-0.299917596863099,-0.0814466643284394
"757",-0.16862243754902,1.04257230296656,0.0559162577793826,-0.289534763075086
"758",-0.16862243754902,1.03225224769464,0.00845818845192543,-0.255877239938904
"759",-0.16862243754902,1.04822234501449,-0.207927521959401,-0.235661261558846
"760",-0.16862243754902,1.01659883244488,-0.172290173684455,0.0615571456459619
"761",-0.16862243754902,1.0037886584727,-0.0455579985194344,-0.0742707186536919
"762",-0.16862243754902,1.00651989317346,-0.0441355377154416,-0.105519427900669
"763",-0.16862243754902,1.02376030009882,-0.141885615818633,-0.167193373320208
"764",-0.16862243754902,1.04702174055469,-0.0328994617412352,-0.308499838916166
"765",-0.16862243754902,1.06357051295122,-0.303603029701339,-0.197503003459415
"766",-0.16862243754902,1.05647455015981,-0.289556366942107,-0.179709725665221
"767",-0.16862243754902,1.00810606494678,-0.0517899655547025,-0.116600332976889
"768",-0.16862243754902,1.00590846994545,0.00326877500009468,0.108817117302399
"769",-0.16862243754902,1.03575579525692,0.0352629076158266,-0.267481952203825
"770",-0.16862243754902,1.02279554714299,-0.208286965744632,0.05222328174706
"771",-0.16862243754902,1.02578794160419,-0.226307325560842,0.0320296040883731
"772",-0.16862243754902,1.06173870746575,0.212713771362389,-0.286429632551941
"773",-0.16862243754902,1.03127819681848,0.250414661712531,0.0287613704920055
"774",-0.16862243754902,1.00782938553088,-0.00185760020529646,-0.125365942987
"775",-0.16862243754902,1.02088991429111,-0.109375686954721,0.173934402015498
"776",-0.16862243754902,1.10188417197384,-0.39986152520368,-0.23293666329769
"777",-0.16862243754902,1.01879743278883,0.110831575556548,-0.160201657034983
"778",-0.16862243754902,1.00990355301128,-0.0303935183344907,-0.137773075845942
"779",-0.16862243754902,1.05548088757379,0.0724184509732115,-0.329841586207992
"780",-0.16862243754902,1.00048210376289,-0.0117411725551061,-0.0287503881166177
"781",-0.16862243754902,1.03554074698682,-0.226043565404698,-0.145770179423467
"782",-0.16862243754902,1.01219040526722,-0.0863987566159825,-0.130631816071884
"783",-0.16862243754902,1.07854173165041,-0.348555375499424,-0.204356103706063
"784",-0.16862243754902,1.02295440171318,-0.129239708835557,-0.172432031955984
"785",-0.16862243754902,1.02883222083119,-0.213343323715481,-0.113931404127508
"786",-0.16862243754902,1.04854583901681,-0.228362456308912,-0.217483252385174
"787",-0.16862243754902,1.01710394347717,-0.0960468840004907,-0.158982476740671
"788",-0.16862243754902,1.04487066989113,0.0397856422245553,-0.300286229240554
"789",-0.16862243754902,1.00650282722216,-0.0959671975442429,-0.0619535164596303
"790",-0.16862243754902,1.00164219056413,0.00316945289707779,0.0572453708735475
"791",-0.16862243754902,1.10975636758108,-0.0670010609551706,-0.476518680869517
"792",-0.16862243754902,1.03793785999813,-0.126906268511705,-0.24740614428494
"793",-0.16862243754902,1.05714662901376,-0.107766606923715,-0.325492478664739
"794",-0.16862243754902,1.01929262455604,-0.190385747990877,-0.0520645890821715
"795",-0.16862243754902,1.021594473724,-0.140113037425938,-0.154995501504708
"796",-0.16862243754902,1.00933256608709,-0.135091270366804,0.0224182433439376
"797",-0.16862243754902,1.04240383584786,-0.210976436876268,0.205169929749286
"798",-0.16862243754902,1.00000938119931,0.00212093495747075,0.00377678719811575
"799",-0.16862243754902,1.01154428511808,0.0404060753123206,-0.146932603029096
"800",-0.16862243754902,1.06535160900548,-0.365730658227208,-0.0348588072553369
"801",-0.16862243754902,1.01157341508512,-0.140725909454806,-0.0589660284832586
"802",-0.16862243754902,1.05012482698563,-0.0652111740135974,-0.313862477902947
"803",-0.16862243754902,1.00751768245634,0.0880450707312875,0.0856734847085598
"804",-0.16862243754902,1.05210364937625,-0.113774086482498,-0.306557574161693
"805",-0.16862243754902,1.00175996959854,0.0567609915054992,0.017355878928728
"806",-0.16862243754902,1.00058152248377,0.0319952729168487,0.0118188682583466
"807",-0.16862243754902,1.03735174326999,-0.0812453075402127,-0.263624428435582
"808",-0.16862243754902,1.06271416269773,0.102176877538782,-0.344849644475316
"809",-0.16862243754902,1.01492741484653,-0.138534296287227,-0.104335546000671
"810",-0.16862243754902,1.01751817609292,-0.187623621623467,0.0118581317398792
"811",-0.16862243754902,1.00549281238338,-0.0936503450793311,-0.0473857428047006
"812",-0.16862243754902,1.01530861315374,-0.144573829342565,-0.0997496256303215
"813",-0.16862243754902,1.05333983495957,-0.119200168155001,-0.308733101277597
"814",-0.16862243754902,1.05311505770067,-0.148392171941963,-0.295010318569081
"815",-0.16862243754902,1.01415457762629,0.0947822964386996,-0.139734833173969
"816",-0.16862243754902,1.0232748795297,0.0727854751514099,-0.204435206565564
"817",-0.16862243754902,1.00089910518784,-0.0361837401411222,0.0221304251025367
"818",-0.16862243754902,1.01934022496882,-0.0214556350425491,-0.196453938531153
"819",-0.16862243754902,1.00294226209507,0.0764990190996759,0.00640945966218494
"820",-0.16862243754902,1.04464467797183,-0.0838672318236797,-0.290256422221959
"821",-0.16862243754902,1.00293519326299,0.0114849050589942,0.0758096223526872
"822",-0.16862243754902,1.02746483230111,0.0478777304687245,-0.231066450487118
"823",-0.16862243754902,1.02467581620389,-0.206032334902074,0.0866672099926029
"824",-0.16862243754902,1.00567503703541,-0.0651086280266048,-0.0845171383368935
"825",-0.16862243754902,1.02769703565522,-0.19453192781834,-0.135345949898061
"826",-0.16862243754902,1.06311978765432,-0.191865070903656,-0.305632912935262
"827",-0.16862243754902,1.00390541787902,0.0255654622610521,-0.0846905849916474
"828",-0.16862243754902,1.00619178708378,-0.0457721152068018,0.101620991258429
"829",-0.16862243754902,1.03294723944386,-0.195201834729927,-0.169930112672115
"830",-0.16862243754902,1.02449899980467,-0.0510143462223884,-0.216785001972641
"831",-0.16862243754902,1.00206620855187,-0.004030311259165,0.0641906762129769
"832",-0.16862243754902,1.01266527094073,-0.0646355022925171,-0.145990420277701
"833",-0.16862243754902,1.00262171396729,0.0235026077545244,0.0685414381774689
"834",-0.16862243754902,1.00572813030825,-0.0827271877622161,-0.0681563239786993
"835",-0.16862243754902,1.06511841813894,-0.0821048267217418,-0.357401793626984
"836",-0.16862243754902,1.04914389871621,-0.254321938556924,0.189797976232892
"837",-0.16862243754902,1.0003946041423,-0.0277028351722947,-0.00468155107369906
"838",-0.16862243754902,1.06207477969834,-0.252007366413185,-0.253958904047042
"839",-0.16862243754902,1.00673181407936,-0.0766267684463935,-0.0873915547234827
"840",-0.16862243754902,1.01573100261656,-0.102327467110967,0.145734550299869
"841",-0.16862243754902,1.02154251839347,-0.117082792999649,-0.172744714735589
"842",-0.16862243754902,1.00117739137303,0.0451421620449581,-0.017842483078825
"843",-0.16862243754902,1.05154545908905,-0.288433530955518,-0.150179728163723
"844",-0.16862243754902,1.01301124502331,-0.160903729205817,-0.017371599561752
"845",-0.16862243754902,1.0368699674899,-0.250985793054445,-0.110024820687627
"846",-0.16862243754902,1.12650860554248,-0.404699397736376,-0.324407206814349
"847",-0.16862243754902,1.00843125985382,-0.128304209996036,-0.0217171717233776
"848",-0.16862243754902,1.00147969540863,0.0505085129711364,-0.0202600699212725
"849",-0.16862243754902,1.0007553442987,0.0365259793171557,0.0133083423963767
"850",-0.16862243754902,1.02150314676315,-0.202694068310023,0.0488241079688349
"851",-0.16862243754902,1.01615488880795,-0.0863603722177076,-0.158469694764351
"852",-0.16862243754902,1.01898091952935,-0.177046218784624,-0.0835269464241417
"853",-0.16862243754902,1.04577714115854,-0.305839808106397,0.0105754785787872
"854",-0.16862243754902,1.024044309475,-0.218589668543724,-0.0297540681936271
"855",-0.16862243754902,1.02705150424131,0.0671568376749237,-0.224331788915088
"856",-0.16862243754902,1.05199929207544,-0.325424826258217,-0.0283053525334595
"857",-0.16862243754902,1.0125192812986,0.0316397300405265,-0.1555449211141
"858",-0.16862243754902,1.01724749894228,-0.168706704905651,-0.0795645764408248
"859",-0.16862243754902,1.01721481868707,-0.186218373356918,0.00697888106117761
"860",-0.16862243754902,1.00056165917823,-0.0309024373287028,-0.0129874240956091
"861",-0.16862243754902,1.03226154172727,-0.255774262986588,0.0119756804749494
"862",-0.16862243754902,1.08745774621102,0.0251449236971818,-0.426534972313653
"863",-0.16862243754902,1.00226101970377,-0.0149643967669773,0.0655989210814043
"864",-0.16862243754902,1.01158993638519,-0.0840209899459137,-0.127493814141313
"865",-0.16862243754902,1.03363903566356,-0.0972662874543067,-0.242793997809569
"866",-0.16862243754902,1.05385802874211,0.292414245939692,-0.158463413808131
"867",-0.16862243754902,1.06319949781752,0.093532512067261,-0.348776205246033
"868",-0.16862243754902,1.02493239161966,-0.122590749639935,-0.18830272301249
"869",-0.16862243754902,1.02188932244956,0.041292597303235,-0.206283079151859
"870",-0.16862243754902,1.01304563908311,-0.102594405102812,-0.125442635921407
"871",-0.16862243754902,1.03517684029664,0.0956227323692424,-0.249894745324476
"872",-0.16862243754902,1.03509502966268,-0.204168644186162,-0.172443860904266
"873",-0.16862243754902,1.03758442623789,-0.164480291603093,0.222548141411166
"874",-0.16862243754902,1.00949344498205,0.00741160027353304,-0.137920570050743
"875",-0.16862243754902,1.10846392370911,-0.453756474252215,-0.150987854606892
"876",-0.16862243754902,1.01495166776324,0.162144609235097,-0.0619355599907928
"877",-0.16862243754902,1.05579624019022,-0.324462775730555,0.0971061685220223
"878",-0.16862243754902,1.00050268207355,0.0269604462519734,-0.0166958430236466
"879",-0.16862243754902,1.00404326359742,0.0337561896510095,-0.0834469582166302
"880",-0.16862243754902,1.04406416393007,-0.0946651862246176,-0.284795507197795
"881",-0.16862243754902,1.01498495185965,-0.128665384015377,-0.116789004010272
"882",-0.16862243754902,1.01214402952414,0.0823433572666331,-0.132872525434811
"883",-0.16862243754902,1.00421124915007,-0.0474453908844194,-0.0786712641525671
"884",-0.16862243754902,1.06767307780169,-0.367540206031258,-0.0695700942434442
"885",-0.16862243754902,1.00182916514625,-0.0431534762365452,0.0424199673071507
"886",-0.16862243754902,1.03750306340432,-0.0872800676828601,-0.262287621436145
"887",-0.16862243754902,1.03994470723904,-0.251317192320424,-0.135368618810553
"888",-0.16862243754902,1.04268111109132,-0.295130478047565,0.00904988143793918
"889",-0.16862243754902,1.00002999488793,0.00062963332571001,0.00771973039932271
"890",-0.16862243754902,1.03523890781703,0.0337366575294047,-0.265671666153793
"891",-0.16862243754902,1.00210834620307,0.0589813345763525,-0.0272459116465809
"892",-0.16862243754902,1.12495280888984,-0.234572355795147,-0.458796939970031
"893",-0.16862243754902,1.02724600356132,-0.232131418860098,0.0367335842341976
"894",-0.16862243754902,1.04474311055107,-0.214156286627468,-0.213600683383412
"895",-0.16862243754902,1.08565040869914,-0.422470520217004,0.0124687391573655
"896",-0.16862243754902,1.05633853996797,-0.229833829182916,-0.251052827079853
"897",-0.16862243754902,1.02281897641867,0.0576907466888845,-0.206955155211485
"898",-0.16862243754902,1.06986007185404,-0.0655171685578142,-0.374577193608616
"899",-0.16862243754902,1.06210087996726,-0.213956044678848,-0.286846806104967
"900",-0.16862243754902,1.00812193911562,0.0673525495256948,0.10850565975393
"901",-0.16862243754902,1.03734241385194,-0.202376194630758,-0.187411737687227
"902",-0.16862243754902,1.01043999809637,-0.0396037118573945,0.139357582355973
"903",-0.16862243754902,1.04449032668289,0.158006842233297,-0.256892740928177
"904",-0.16862243754902,1.05229068520891,-0.248396159017994,-0.213576764566171
"905",-0.16862243754902,1.05379455027682,-0.0891513637721016,-0.320210850113938
"906",-0.16862243754902,1.0116933025657,-0.0933705867567797,-0.121676916401511
"907",-0.16862243754902,1.06573015126009,-0.35244510470458,0.107532336878894
"908",-0.16862243754902,1.04904837494464,-0.262724206681906,-0.177421769231807
"909",-0.16862243754902,1.03907320158091,-0.181640045003601,-0.216055576865498
"910",-0.16862243754902,1.01544683913965,-0.0744326660013106,-0.159975189797159
"911",-0.16862243754902,1.0719974398003,-0.374260802783109,-0.0954325020028874
"912",-0.16862243754902,1.06804432181089,-0.375042325909548,-0.0078693791909468
"913",-0.16862243754902,1.01764088264344,0.187920499822697,0.0166988554612937
"914",-0.16862243754902,1.03405120896544,-0.201289267235187,-0.169542129451088
"915",-0.16862243754902,1.01896980639202,-0.195607181239685,-0.00610712584219489
"916",-0.16862243754902,1.02899799843147,0.18723167498712,-0.154211480303776
"917",-0.16862243754902,1.00450283977724,-0.0422973144244718,-0.0850699260197895
"918",-0.16862243754902,1.00123099732778,0.0236577867923699,-0.0436327759152177
"919",-0.16862243754902,1.0097989165479,-0.137008255327765,-0.03037416391213
"920",-0.16862243754902,1.11042221241729,-0.0928743032900349,-0.473721282631565
"921",-0.16862243754902,1.00296675131441,0.0315894478299883,0.0703165060848953
"922",-0.16862243754902,1.01832230681664,-0.133610417297023,-0.138306098745058
"923",-0.16862243754902,1.08676292667218,-0.240169705296808,-0.351243749334736
"924",-0.16862243754902,1.11356683208511,-0.284505559078512,-0.398857965162409
"925",-0.16862243754902,1.07445077181417,-0.355890127331663,-0.166693366154478
"926",-0.16862243754902,1.02040113822404,-0.15010874081489,-0.136696191680276
"927",-0.16862243754902,1.08233976417579,-0.413950504793334,-0.0102149252296624
"928",-0.16862243754902,1.03981761853877,-0.284992164787945,-0.00038188102196764
"929",-0.16862243754902,1.01799588496813,-0.122667490738891,-0.14583658158319
"930",-0.16862243754902,1.01308586934369,-0.0072712841572093,-0.162142243387004
"931",-0.16862243754902,1.05074184641407,-0.307665737788392,-0.0969547399397032
"932",-0.16862243754902,1.02494081448634,-0.131617170310713,-0.182155410787934
"933",-0.16862243754902,1.04672948756097,-0.25394542987495,-0.17650591711121
"934",-0.16862243754902,1.00598094983859,-0.0125193966856519,-0.108816065655684
"935",-0.16862243754902,1.01787029290753,-0.122234484685531,-0.145322620184612
"936",-0.16862243754902,1.02009092959876,-0.187007428039541,0.0749248056900367
"937",-0.16862243754902,1.03652126397478,-0.135426192381492,-0.23671940581398
"938",-0.16862243754902,1.01768912626453,-0.135862203918126,-0.131273071357308
"939",-0.16862243754902,1.01667768132809,-0.182829170845432,0.014387564027248
"940",-0.16862243754902,1.01012782031605,-0.00249489979400336,-0.142660396927383
"941",-0.16862243754902,1.0283586677214,-0.0854177082691033,-0.224110161732561
"942",-0.16862243754902,1.13980214715702,-0.296729300477931,-0.459456915174468
"943",-0.16862243754902,1.01897892115333,-0.165515087480888,-0.104512188624078
"944",-0.16862243754902,1.03317558656513,-0.22860888902983,-0.1232467789873
"945",-0.16862243754902,1.03927278926256,-0.277990427913753,-0.0530023819267979
"946",-0.16862243754902,1.04159685534481,-0.291368514213101,-0.0053289763985869
"947",-0.16862243754902,1.06307978072394,-0.359869931333985,0.0251446357250166
"948",-0.16862243754902,1.0052216783904,-0.0971191519783253,0.0322256578678602
"949",-0.16862243754902,1.02981200792642,-0.182371099293428,-0.165086504027292
"950",-0.16862243754902,1.01190966767697,-0.145518200430208,0.0527790572260237
"951",-0.16862243754902,1.02046885589458,-0.198689657650026,0.0433486538857916
"952",-0.16862243754902,1.07743226143082,0.0669911392880567,-0.395439584802567
"953",-0.16862243754902,1.00603097129809,-0.0192335927958701,-0.108297664421478
"954",-0.16862243754902,1.07102492864085,-0.133076095790972,-0.359701474140957
"955",-0.16862243754902,1.01372065376239,-0.11348307779086,0.121454332650444
"956",-0.16862243754902,1.03519904411141,-0.169139460247064,-0.207434095356845
"957",-0.16862243754902,1.00921024264155,-0.0527674059679023,-0.125383071903771
"958",-0.16862243754902,1.05659918280171,-0.261035426372638,-0.219686911935362
"959",-0.16862243754902,1.0249033253775,-0.101628337118421,-0.20024611722678
"960",-0.16862243754902,1.04050613392498,0.107703986210536,-0.266557434880119
"961",-0.16862243754902,1.00727091800243,-0.0928605709551955,0.0772762357735386
"962",-0.16862243754902,1.01959782250174,0.0306128856442371,0.196577137233251
"963",-0.16862243754902,1.01895979490692,-0.143140469864014,-0.133378669673435
"964",-0.16862243754902,1.05069360017224,-0.297981622193133,-0.123142170997774
"965",-0.16862243754902,1.01797854584167,-0.10041865443891,-0.161853061863529
"966",-0.16862243754902,1.03183117705265,-0.23420555241659,-0.0991127497100747
"967",-0.16862243754902,1.00804272354849,-0.0586381274361528,0.112746186231881
"968",-0.16862243754902,1.0063158800474,-0.112075111835557,0.0105270956407049
"969",-0.16862243754902,1.0368140768145,-0.197452654942177,-0.189725799344727
"970",-0.16862243754902,1.00156060814957,-0.0457957711837311,-0.0320374646097965
"971",-0.16862243754902,1.04062436480989,0.194096969453727,-0.212662726129578
"972",-0.16862243754902,1.04109321253095,-0.00485486608850732,-0.289571247628748
"973",-0.16862243754902,1.00605432992141,-0.104690431043008,0.0344271462896555
"974",-0.16862243754902,1.00639588651283,-0.0807764991969507,-0.0794218960201141
"975",-0.16862243754902,1.04945346547994,-0.138892765362471,0.286463568255755
"976",-0.16862243754902,1.00978905083932,-0.0663231964856537,0.123592721480248
"977",-0.16862243754902,1.01177070466742,-0.115731954409115,-0.101420281757928
"978",-0.16862243754902,1.02250654324355,-0.0313695194509039,-0.211034556945782
"979",-0.16862243754902,1.00262875490481,-0.0648333159574697,-0.0325739359599384
"980",-0.16862243754902,1.04251992916283,-0.269864651776598,-0.118409764897846
"981",-0.16862243754902,1.03930217536632,-0.0435675688429418,-0.279733585159668
"982",-0.16862243754902,1.01553824570671,0.0641550000575679,-0.164930483721722
"983",-0.16862243754902,1.02561190282917,-0.219842072251547,0.0595754856717433
"984",-0.16862243754902,1.0071468467745,-0.055713932484147,0.106022302818667
"985",-0.16862243754902,1.02016107167188,-0.183906792418322,-0.0831077845759922
"986",-0.16862243754902,1.04350842044018,0.209492964042328,-0.212185111509536
"987",-0.16862243754902,1.06597995818082,-0.369190469543623,0.00341591003159008
"988",-0.16862243754902,1.01833438126239,0.130174510412235,-0.141631595698132
"989",-0.16862243754902,1.00519095319865,0.0283158609469453,-0.0980156335042857
"990",-0.16862243754902,1.03767411280422,-0.259151678619331,-0.098020262460437
"991",-0.16862243754902,1.06000884637027,-0.135741589065455,-0.324334665709994
"992",-0.16862243754902,1.01931269643767,-0.0135243378387156,-0.197016408974136
"993",-0.16862243754902,1.02155460434774,-0.112564802534055,-0.175792419900665
"994",-0.16862243754902,1.02238867492167,0.0298468627576125,-0.210684046362354
"995",-0.16862243754902,1.06043034516641,-0.3463025883337,-0.0677276477011619
"996",-0.16862243754902,1.01786293142112,-0.0880342844254684,0.168210915005203
"997",-0.16862243754902,1.00356082031696,-0.0624272462792585,0.0568960367444825
"998",-0.16862243754902,1.03937979686013,0.055200121005078,-0.277962783052026
"999",-0.16862243754902,1.02102998851724,-0.0801805031664475,-0.189929787983584
"1000",-0.16862243754902,1.01295676131414,-0.0460796166857535,-0.154783943670295
