"","t","","",""
"1",-0.16862243754902,1.05119976806113,-0.141902333397266,-0.291349755702986
"2",-0.16862243754902,1.01185142838196,-0.117024948052618,-0.100739637938051
"3",-0.16862243754902,1.01445361799727,-0.164038508386491,-0.0469841551386483
"4",-0.16862243754902,1.01146142053147,-0.0900525137318045,-0.122248721850681
"5",-0.16862243754902,1.01476654818155,-0.129525292158189,-0.113904986719754
"6",-0.16862243754902,1.00842686430858,-0.123303402607217,-0.0414850764097514
"7",-0.16862243754902,1.01119416089863,-0.0798651612413342,-0.12702435615024
"8",-0.16862243754902,1.03208010696617,-0.196001600236374,-0.163623714357299
"9",-0.16862243754902,1.02540001403199,-0.0242174265469678,-0.225518746511766
"10",-0.16862243754902,1.03360928605598,-0.0522594243306029,-0.256158366620714
"11",-0.16862243754902,1.05104369609694,-0.320482337192551,-0.0445412466453159
"12",-0.16862243754902,1.01140932524631,-0.0941404434138446,-0.118686141183543
"13",-0.16862243754902,1.01156138652294,-0.136645690178886,-0.0677081535692119
"14",-0.16862243754902,1.0165801863045,-0.0971504750916291,-0.15490984596329
"15",-0.16862243754902,1.0066149745568,-0.106767903958293,-0.0432934369892714
"16",-0.16862243754902,1.02644169854677,-0.192875958710912,-0.127989941272476
"17",-0.16862243754902,1.0091504245606,-0.121114222467821,-0.0609583834009637
"18",-0.16862243754902,1.02699263757915,-0.189111086752786,-0.137662175302303
"19",-0.16862243754902,1.00441731750269,-0.055942638315598,-0.0756608810256652
"20",-0.16862243754902,1.02611368413291,-0.0364493841162188,-0.227113925513957
"21",-0.16862243754902,1.01613223579951,-0.139278690033467,-0.114569486048761
"22",-0.16862243754902,1.02844299671333,-0.139667236230638,-0.195417656859319
"23",-0.16862243754902,1.01691612918108,0.0362582247914358,-0.181118069014684
"24",-0.16862243754902,1.01281821010278,-0.159634045555201,0.0178240908737695
"25",-0.16862243754902,1.05585887984947,-0.300298997366281,-0.157030208360636
"26",-0.16862243754902,1.01948974917531,-0.0985954289838154,-0.172157747595155
"27",-0.16862243754902,1.01732121805421,-0.00534284438292122,-0.186852655098083
"28",-0.16862243754902,1.01001069377482,-0.135384199415203,-0.0423405253652452
"29",-0.16862243754902,1.01422580070259,-0.164758302817493,-0.0388416846121247
"30",-0.16862243754902,1.00737937178263,-0.106233429213967,-0.0593940839698006
"31",-0.16862243754902,1.03799109650238,-0.187766101092035,-0.205351911846262
"32",-0.16862243754902,1.01063085744031,-0.0834797474598021,-0.1200244215757
"33",-0.16862243754902,1.02553699826821,-0.222355578101848,-0.0477925904714345
"34",-0.16862243754902,1.02552258149553,-0.227353439875295,-0.00264169152768073
"35",-0.16862243754902,1.02175893979784,-0.172114844219751,-0.119865806033329
"36",-0.16862243754902,1.02533950485682,-0.173158315743956,-0.146072919833742
"37",-0.16862243754902,1.00584954536898,-0.10530484171185,-0.0253810604785991
"38",-0.16862243754902,1.01888148465868,-0.137941682635731,-0.138172254710886
"39",-0.16862243754902,1.02338138567907,-0.212076266512219,-0.0483023574648314
"40",-0.16862243754902,1.0180662878687,-0.134457367486205,-0.135573532901647
"41",-0.16862243754902,1.01782030254601,-0.188299739192609,-0.0223914379808383
"42",-0.16862243754902,1.01334382526569,-0.0624728338246168,-0.151534990144296
"43",-0.16862243754902,1.02816167899178,-0.160575847750134,-0.17700800904626
"44",-0.16862243754902,1.00601595725825,-0.0913985024855171,-0.0609460417225519
"45",-0.16862243754902,1.01363443483165,-0.0660754804059309,-0.151949986395546
"46",-0.16862243754902,1.01897101416615,-0.15394323586141,-0.120844560669114
"47",-0.16862243754902,1.01197602887152,-0.151265535243398,-0.0348456720139027
"48",-0.16862243754902,1.02432876518842,-0.152352808508765,-0.161363071772701
"49",-0.16862243754902,1.01069534870548,0.0231478153995584,-0.144807688114716
"50",-0.16862243754902,1.00943970941539,-0.11767650314822,-0.0715595385077098
"51",-0.16862243754902,1.02798942815671,-0.149766790601192,-0.185289429906253
"52",-0.16862243754902,1.01186066178407,-0.0573073102669484,-0.143449890401028
"53",-0.16862243754902,1.01413092851075,-0.114663118066146,-0.123749381887004
"54",-0.16862243754902,1.00438837243533,-0.0674034892902776,-0.0652132832695272
"55",-0.16862243754902,1.02152124173922,-0.155756009619816,-0.138728918368673
"56",-0.16862243754902,1.00835705486339,-0.122111793418411,-0.0432742417715511
"57",-0.16862243754902,1.02312092175852,-0.216157431673869,-0.00723776707021634
"58",-0.16862243754902,1.00606568449881,-0.0545231261913498,-0.0958925974013533
"59",-0.16862243754902,1.00202315373158,0.04141276588476,-0.0483258050729271
"60",-0.16862243754902,1.0089158857158,-0.132928563912104,0.0155325898024132
"61",-0.16862243754902,1.02727155440229,-0.193527574856176,-0.133543716641382
"62",-0.16862243754902,1.04879899599127,-0.253078118903091,-0.189554213154909
"63",-0.16862243754902,1.01641801848285,-0.153083631372214,-0.0983411922974788
"64",-0.16862243754902,1.01763470940951,-0.163423627911707,-0.0941972379379888
"65",-0.16862243754902,1.00738037519168,-0.0893317668016818,-0.0826743960450355
"66",-0.16862243754902,1.02968253977403,-0.130887584364554,-0.207640489728523
"67",-0.16862243754902,1.03298986202668,-0.246574463885121,-0.079177577695118
"68",-0.16862243754902,1.00675223134734,-0.107279284729379,-0.0451797564270733
"69",-0.16862243754902,1.01007210611953,-0.047884357760527,-0.1339878645348
"70",-0.16862243754902,1.03176187287686,-0.241841605233924,-0.0777508861701977
"71",-0.16862243754902,1.01938469396627,-0.132692996168643,-0.146757361179939
"72",-0.16862243754902,1.03784502372829,-0.227315111880236,-0.159530978773568
"73",-0.16862243754902,1.01540133225885,-0.124721070244284,-0.124436812037926
"74",-0.16862243754902,1.02293007599594,-0.159003419754161,-0.145271652030051
"75",-0.16862243754902,1.01016797669516,-0.0595891682744223,-0.129955654608647
"76",-0.16862243754902,1.0153884198533,-0.154159886227701,-0.0851373751676531
"77",-0.16862243754902,1.01560280626322,-0.0910538948913844,-0.152178343777439
"78",-0.16862243754902,1.01067100945926,-0.0726943027118617,-0.127166928541358
"79",-0.16862243754902,1.01358373282818,-0.109197493354218,-0.124209061259894
"80",-0.16862243754902,1.01777638723878,-0.0808869008590827,-0.171248602009607
"81",-0.16862243754902,1.04215486856388,-0.118439239904612,-0.268437919307637
"82",-0.16862243754902,1.0570037149212,-0.278690615134109,-0.198968325100741
"83",-0.16862243754902,1.02617743488751,-0.0901352201632516,-0.211933409254961
"84",-0.16862243754902,1.01129406167846,-0.0180673141924857,-0.149630382422765
"85",-0.16862243754902,1.02751769202762,-0.124459895901367,-0.200754431437977
"86",-0.16862243754902,1.01940754063247,-0.160515256738022,-0.115873147245877
"87",-0.16862243754902,1.04250550636721,-0.200366929020425,-0.216034313387672
"88",-0.16862243754902,1.0063189028248,-0.0719400838666338,-0.0866161562052737
"89",-0.16862243754902,1.00832884019944,-0.123105485540907,-0.0396495826924348
"90",-0.16862243754902,1.01032661588807,-0.103472448952835,-0.100266260923296
"91",-0.16862243754902,1.00356593743709,-0.0722870148614541,-0.0438084268880327
"92",-0.16862243754902,1.01094333592002,-0.0480816659556384,-0.140337385753145
"93",-0.16862243754902,1.02097589591802,-0.199592741188307,-0.0505422368968591
"94",-0.16862243754902,1.00935550728466,-0.0591861130574413,-0.123675155577082
"95",-0.16862243754902,1.00256444074407,-0.045948891048465,-0.0549923381561868
"96",-0.16862243754902,1.00031295615973,-0.00776180766125929,-0.0237858067522675
"97",-0.16862243754902,1.00554187580715,0.0230170733935986,-0.102881865914998
"98",-0.16862243754902,1.0118538328651,-0.0609594145807898,-0.141887733288563
"99",-0.16862243754902,1.014796400118,-0.0686939814207799,-0.158407293421138
"100",-0.16862243754902,1.00865450421923,-0.0898437309713536,-0.0964987714267959
"101",-0.16862243754902,1.00275374943125,-0.042441656906447,-0.0609408545842965
"102",-0.16862243754902,1.01666891184982,-0.0292573712755446,-0.180996360593083
"103",-0.16862243754902,1.0218252747194,-0.18272402787455,-0.103628286161031
"104",-0.16862243754902,1.01514515463754,-0.0676443532860131,-0.161071184426591
"105",-0.16862243754902,1.01419619505717,-0.158367024314387,-0.059277379144493
"106",-0.16862243754902,1.00104372229482,0.0356110416096331,-0.0286424101873823
"107",-0.16862243754902,1.03249106174208,-0.0637291505466777,-0.24895057330297
"108",-0.16862243754902,1.01169822906235,-0.0891247014450004,-0.124860299055494
"109",-0.16862243754902,1.0055231451836,-0.104794789907577,-0.00973896853579233
"110",-0.16862243754902,1.00735569942649,-0.0895734773980635,-0.0821102753244245
"111",-0.16862243754902,1.03217656390034,-0.170488760701443,-0.19058342409455
"112",-0.16862243754902,1.03516824004594,-0.157202493600646,-0.216473234386026
"113",-0.16862243754902,1.02285464820872,-0.164191086641931,-0.138826936973769
"114",-0.16862243754902,1.00872100617761,-0.0536630343404283,-0.120989036897363
"115",-0.16862243754902,1.01225062610178,-0.0442969411780581,-0.150629051134582
"116",-0.16862243754902,1.0442599601678,-0.245686189619732,-0.173542964823696
"117",-0.16862243754902,1.01060764591331,-0.134380802469742,-0.0571805378255798
"118",-0.16862243754902,1.03431289527004,-0.13106213168624,-0.22940331941745
"119",-0.16862243754902,1.00913377202933,-0.127539034270892,-0.0456592223695005
"120",-0.16862243754902,1.01108108130785,-0.117371314590129,-0.0922438479793329
"121",-0.16862243754902,1.01098873110495,-0.0577327051582645,-0.136985945177993
"122",-0.16862243754902,1.01798811262572,-0.0516803893761721,-0.183381936954534
"123",-0.16862243754902,1.02512481027125,-0.100549215053845,-0.201917636638615
"124",-0.16862243754902,1.03287667314519,-0.101546421649313,-0.237744707990936
"125",-0.16862243754902,1.03417079941647,-0.138283672297392,-0.224470194773492
"126",-0.16862243754902,1.00481787482856,-0.0779303972067897,-0.0598816730408154
"127",-0.16862243754902,1.03175664438199,-0.188526197940044,-0.170234091522962
"128",-0.16862243754902,1.01810156238795,-0.151763617449318,-0.116183457322819
"129",-0.16862243754902,1.00365158815332,-0.0472888101156167,-0.0712760748114137
"130",-0.16862243754902,1.02639158933302,-0.167231085722267,-0.159729329247086
"131",-0.16862243754902,1.0178756982504,-0.131521666227698,-0.13701455543639
"132",-0.16862243754902,1.02216005585642,-0.0676869570184338,-0.20057331736294
"133",-0.16862243754902,1.00670242456752,-0.0949794511322657,-0.066548294438979
"134",-0.16862243754902,1.02160268647352,-0.204849085639854,-0.0413388572945769
"135",-0.16862243754902,1.0022823281449,-0.0272271515942398,-0.0618752577983959
"136",-0.16862243754902,1.01500022750951,-0.160294509279098,-0.0673136846363555
"137",-0.16862243754902,1.03989233692398,-0.248513754073659,-0.140060652681032
"138",-0.16862243754902,1.04622337424421,-0.266093573647233,-0.154199736960163
"139",-0.16862243754902,1.01716100346371,-0.110156300118311,-0.149940309828794
"140",-0.16862243754902,1.03079590174498,-0.0249759649823724,-0.248830046874243
"141",-0.16862243754902,1.01667892343969,-0.153734415099718,-0.100008814513703
"142",-0.16862243754902,1.001663704021,-0.0519577249890672,-0.0251111681732573
"143",-0.16862243754902,1.0250358832673,-0.123743683218077,-0.188111836015695
"144",-0.16862243754902,1.02827340561177,-0.0976277257239442,-0.218666467155791
"145",-0.16862243754902,1.0182631266897,-0.18818561494759,-0.0380259056785313
"146",-0.16862243754902,1.00261555872377,-0.0723226901518154,-0.00271791908973354
"147",-0.16862243754902,1.02111682412339,-0.198924707095616,-0.0557541874191252
"148",-0.16862243754902,1.01846275107637,-0.145002893150481,-0.127438362779998
"149",-0.16862243754902,1.01950602684681,-0.147689781458235,-0.132590600080769
"150",-0.16862243754902,1.00864002283564,-0.0988256700345165,-0.0871101751123919
"151",-0.16862243754902,1.05030663303387,-0.18784601848521,-0.260495483135886
"152",-0.16862243754902,1.00855348408075,-0.0312642296608252,-0.127289741122903
"153",-0.16862243754902,1.02055452266096,-0.136348764962946,-0.151461374669648
"154",-0.16862243754902,1.01454444307689,-0.0097326744174991,-0.170896758386099
"155",-0.16862243754902,1.00741163155765,-0.0975095797841383,-0.0732808109123205
"156",-0.16862243754902,1.01208093628259,-0.14652963016994,-0.0532624545895442
"157",-0.16862243754902,1.01105348893922,0.0149537933559555,-0.148342649162146
"158",-0.16862243754902,1.0036416602137,-0.0758650020884197,-0.0392566373322365
"159",-0.16862243754902,1.01513410301591,-0.123768926656948,-0.123201054784846
"160",-0.16862243754902,1.02678364736877,-0.224985035230726,-0.0605507425730377
"161",-0.16862243754902,1.04090205506201,-0.185390277666687,-0.221602195790078
"162",-0.16862243754902,1.0047580297337,0.0217250765396118,-0.0952193224282848
"163",-0.16862243754902,1.02366082612925,-0.20137623620994,-0.0856101538460398
"164",-0.16862243754902,1.01372390120598,-0.149577130147243,-0.0725453652081355
"165",-0.16862243754902,1.00452748459356,-0.0618664529929135,-0.0724431452791678
"166",-0.16862243754902,1.00939934158409,-0.124200237884463,-0.0588330833785799
"167",-0.16862243754902,1.01166561889315,-0.102029383564565,-0.114268671734226
"168",-0.16862243754902,1.04166143301862,-0.163214529742747,-0.241701382534867
"169",-0.16862243754902,1.00052439867438,0.0225046810592738,0.0232940265549118
"170",-0.16862243754902,1.0280171754693,-0.218341111619941,-0.0956371896097418
"171",-0.16862243754902,1.02065777493587,-0.0525969266456045,-0.19742304030805
"172",-0.16862243754902,1.03231640085855,-0.230064818576999,-0.112904077582155
"173",-0.16862243754902,1.00684744783009,-0.0734751981626699,-0.09134100096299
"174",-0.16862243754902,1.01533772611333,-0.148286847148877,-0.0944547988809356
"175",-0.16862243754902,1.01703797089746,-0.171163017761214,-0.0712001095371539
"176",-0.16862243754902,1.02302449028521,-0.105737575448002,-0.188145350358942
"177",-0.16862243754902,1.0089337872849,-0.0809464092309842,-0.106747674249463
"178",-0.16862243754902,1.03492360152572,-0.239660853325813,-0.116745605391007
"179",-0.16862243754902,1.02747590536237,-0.215281833123126,-0.0967495138352839
"180",-0.16862243754902,1.01912450597421,-0.164029973614344,-0.108207792849015
"181",-0.16862243754902,1.02054565183143,-0.203436054360814,-0.0112782648551832
"182",-0.16862243754902,1.01779398783482,0.0130348625329762,-0.189036224125042
"183",-0.16862243754902,1.02518972842428,-0.0663115525807696,-0.215909141216825
"184",-0.16862243754902,1.00381139354582,-0.0819708143961091,0.030300155109196
"185",-0.16862243754902,1.00000947161961,-0.00429149441483126,0.000725537471528526
"186",-0.16862243754902,1.00594001780857,-0.0629451324454293,-0.0891808820888327
"187",-0.16862243754902,1.01009737019843,-0.0974832521655698,-0.103892794884923
"188",-0.16862243754902,1.01099196157668,-0.0480995629593766,-0.140681123167903
"189",-0.16862243754902,1.00254011333545,-0.0147250448696914,-0.0697843241727412
"190",-0.16862243754902,1.01253319263619,-0.118626067525073,-0.105599821465656
"191",-0.16862243754902,1.01144860243845,-0.142360420884003,0.0525526967948725
"192",-0.16862243754902,1.00152354756438,-0.0346551888463048,0.0429934205661269
"193",-0.16862243754902,1.02484965104805,-0.172705605414431,-0.143141821672568
"194",-0.16862243754902,1.00771590977779,-0.0889814459823938,-0.0870267607702399
"195",-0.16862243754902,1.02254660259746,-0.20318911235838,-0.0656942851594807
"196",-0.16862243754902,1.01318636679736,-0.14846523449569,-0.0671169725939393
"197",-0.16862243754902,1.00296774102544,-0.0669386380048458,0.0382558267420995
"198",-0.16862243754902,1.02629176760347,-0.0873493413495728,-0.213646635396976
"199",-0.16862243754902,1.02522365510313,-0.173802984141144,-0.144485520681701
"200",-0.16862243754902,1.01667911776073,-0.0607197336034498,-0.173059361035044
"201",-0.16862243754902,1.00660371582369,-0.00358823309486662,-0.115057226167298
"202",-0.16862243754902,1.02280602384102,-0.182693455240742,-0.112939204077542
"203",-0.16862243754902,1.00754936521577,-0.0815112413427272,-0.0922585545164683
"204",-0.16862243754902,1.00997506176925,0.0232607388750645,-0.139673059044305
"205",-0.16862243754902,1.01096674644085,-0.101158036325601,-0.108723567343733
"206",-0.16862243754902,1.05659627347643,-0.21696014702129,-0.263294473411015
"207",-0.16862243754902,1.03459383649072,-0.229523658964825,-0.133053735310131
"208",-0.16862243754902,1.00616865444773,-0.105155112155517,0.0363010134943471
"209",-0.16862243754902,1.03196815502311,-0.122734233665066,-0.223370949025255
"210",-0.16862243754902,1.00634161948821,-0.0664250656972974,-0.0911655952718276
"211",-0.16862243754902,1.01019597845604,-0.107860853836062,-0.0941379365532672
"212",-0.16862243754902,1.05198992070059,-0.220244812211539,-0.241194974967411
"213",-0.16862243754902,1.01997137539555,-0.145351407314712,-0.138616647694015
"214",-0.16862243754902,1.01457671556713,-0.155940889660969,-0.0710517466549706
"215",-0.16862243754902,1.02571444456976,-0.0355300226969847,-0.225450081583913
"216",-0.16862243754902,1.00629030380863,-0.111258523588605,0.0155472334564927
"217",-0.16862243754902,1.01108988837215,-0.147836545120845,-0.0211451719107658
"218",-0.16862243754902,1.00694236194808,-0.102216366703908,-0.0590316412056959
"219",-0.16862243754902,1.03144115683084,-0.0859919523349705,-0.237647310395389
"220",-0.16862243754902,1.0185152915221,-0.169639492036368,-0.0927137627647259
"221",-0.16862243754902,1.01659352790769,-0.12589601920625,-0.132712446032089
"222",-0.16862243754902,1.0032540342828,-0.0678434082576991,-0.043771329208583
"223",-0.16862243754902,1.00470324327228,-0.0396099387694073,-0.0886547223362933
"224",-0.16862243754902,1.03801003153542,-0.0972064477795808,-0.260798259346653
"225",-0.16862243754902,1.03684786553695,-0.1652486309061,-0.218509464902999
"226",-0.16862243754902,1.01287669441878,-0.1421784861232,-0.075527982764167
"227",-0.16862243754902,1.02184957306614,-0.035765058591484,-0.207116900709258
"228",-0.16862243754902,1.00064476195132,-0.0159451370397522,-0.0321821724777623
"229",-0.16862243754902,1.02503417773354,-0.154172394914535,-0.164091249517405
"230",-0.16862243754902,1.01765865551919,-0.181595218857286,-0.0515006372902602
"231",-0.16862243754902,1.02327212350701,-0.187853593732431,-0.108613378864495
"232",-0.16862243754902,1.02723119156441,-0.0953069791100316,-0.214756840765909
"233",-0.16862243754902,1.024921230568,-0.184654876118301,-0.127930080883112
"234",-0.16862243754902,1.02600653464009,-0.174424064314804,-0.149216805059193
"235",-0.16862243754902,1.00540608987981,-0.0393094222317559,-0.0964166733050287
"236",-0.16862243754902,1.03798935668087,-0.250113778279283,-0.121922116523709
"237",-0.16862243754902,1.01469660750223,0.0468028060822346,-0.165585937263299
"238",-0.16862243754902,1.00390372686628,-0.0880155857376931,-0.00871490007108644
"239",-0.16862243754902,1.01841058356864,-0.153439554182542,-0.116689416558993
"240",-0.16862243754902,1.01094945359822,-0.13919934849333,-0.0514036877040986
"241",-0.16862243754902,1.02665618520582,-0.232428315948592,2.38046956453634e-05
"242",-0.16862243754902,1.00972434823275,-0.124357707726213,-0.063862508118122
"243",-0.16862243754902,1.00317538872497,-0.0733062934809111,-0.0314173181474326
"244",-0.16862243754902,1.02462750646213,-0.107642026745493,-0.195639262615963
"245",-0.16862243754902,1.03555674896383,-0.206871597267323,-0.171993960849236
"246",-0.16862243754902,1.01881736424585,-0.0876175884447124,-0.174103359772287
"247",-0.16862243754902,1.02294035862226,-0.198530782057649,-0.0836212046900247
"248",-0.16862243754902,1.00479169920428,-0.0679873322948354,-0.0705980271484925
"249",-0.16862243754902,1.02342608387902,-0.175195869982206,-0.129256939098521
"250",-0.16862243754902,1.01957732726483,-0.10928508478166,-0.16611651488265
"251",-0.16862243754902,1.03532687310875,-0.233195323342293,-0.132369465332519
"252",-0.16862243754902,1.00639974601282,-0.0471936305068998,-0.103020434935232
"253",-0.16862243754902,1.00567150925934,-0.0913009802647813,-0.0551299876532759
"254",-0.16862243754902,1.01117073158337,-0.104199203686855,-0.107744022395057
"255",-0.16862243754902,1.01345710459153,-0.159127815139065,-0.0421146209303523
"256",-0.16862243754902,1.02349141301699,-0.0528143600433434,-0.211530886380056
"257",-0.16862243754902,1.01249951115976,-0.0366953520566071,-0.154300716901101
"258",-0.16862243754902,1.02061777040793,-0.203296183873362,-0.0182015080416719
"259",-0.16862243754902,1.01092993281157,-0.137959020263092,-0.054282941910421
"260",-0.16862243754902,1.02091149816098,-0.163322969671089,-0.124843480627175
"261",-0.16862243754902,1.01154823616815,-0.110917817187576,-0.104532635694475
"262",-0.16862243754902,1.01436859578978,-0.15596101953937,-0.0679691732241188
"263",-0.16862243754902,1.02016774576405,-0.151428942087155,-0.133459750470587
"264",-0.16862243754902,1.01716148349177,-0.0698757676695523,-0.172437990569844
"265",-0.16862243754902,1.0326849126764,-0.241473335629181,-0.0901596198393837
"266",-0.16862243754902,1.00592854415976,-0.0684628504858181,-0.0848827076543608
"267",-0.16862243754902,1.00803048528005,-0.100472568843099,-0.0776577244322607
"268",-0.16862243754902,1.0177606754898,-0.115452476188977,-0.150025058957762
"269",-0.16862243754902,1.04234938455502,-0.210292362432257,-0.205595140470042
"270",-0.16862243754902,1.00637576281397,-0.108688910516848,0.0312873250703685
"271",-0.16862243754902,1.04150752671874,-0.25560850791311,-0.139291847910149
"272",-0.16862243754902,1.03855058989535,-0.166912743958037,-0.225227581961822
"273",-0.16862243754902,1.00309920849835,-0.0420739337041627,-0.0666168611739256
"274",-0.16862243754902,1.01818123131342,-0.074898564838396,-0.176304352708766
"275",-0.16862243754902,1.01180373225883,-0.0972956380909606,-0.11950042435642
"276",-0.16862243754902,1.01582069064539,-0.0963578355482415,-0.15035572177915
"277",-0.16862243754902,1.02918355349338,-0.0761090934440042,-0.231141066616014
"278",-0.16862243754902,1.02919195109085,-0.189995565613979,-0.152111003011671
"279",-0.16862243754902,1.02475496467105,-0.178231936384303,-0.135484738884762
"280",-0.16862243754902,1.00079570183798,-0.00669860529852958,-0.0393340247678447
"281",-0.16862243754902,1.00388618917862,0.0366581816009403,-0.0802724021397001
"282",-0.16862243754902,1.00595907868668,-0.0530633859156886,-0.0955925994380548
"283",-0.16862243754902,1.01294963581175,-0.0531764181120234,-0.152444197160542
"284",-0.16862243754902,1.0011918734541,-0.0236799008319018,0.0427133441340566
"285",-0.16862243754902,1.01299452828951,-0.161275198858242,-0.0121747516492335
"286",-0.16862243754902,1.02465600353909,-0.211953082826043,-0.0706810884836987
"287",-0.16862243754902,1.03154207335414,-0.176375736026348,-0.181578216867909
"288",-0.16862243754902,1.01742318326744,-0.0709400620827413,-0.173543773848999
"289",-0.16862243754902,1.00353544799317,0.0065074594818122,-0.0839109548864385
"290",-0.16862243754902,1.02618155049463,-0.0371861093414009,-0.227301051136164
"291",-0.16862243754902,1.00575676519099,-0.089808573619836,-0.0590007697561309
"292",-0.16862243754902,1.00370096590771,-0.0837635593111866,-0.0199823696191591
"293",-0.16862243754902,1.02450739290025,-0.134520861646243,-0.177537421095463
"294",-0.16862243754902,1.03877123075537,-0.278141712143961,-0.0410226499710371
"295",-0.16862243754902,1.00915873932678,-0.114757669783806,-0.0723328306193931
"296",-0.16862243754902,1.00755127334101,-0.0665135710179406,-0.103612322054497
"297",-0.16862243754902,1.01061612677046,-0.122649143955655,-0.0793860389204324
"298",-0.16862243754902,1.00575881809458,-0.107010812846721,-0.00997427234842689
"299",-0.16862243754902,1.03485985476502,-0.24397178366043,-0.106830181979713
"300",-0.16862243754902,1.00177588415879,-0.0579827731613396,-0.0138895679791053
"301",-0.16862243754902,1.01528694347457,0.0262326991901547,-0.173549483096679
"302",-0.16862243754902,1.0337955498834,-0.196859117929502,-0.173146546736395
"303",-0.16862243754902,1.01204088948501,-0.129979147858942,-0.0856281677456294
"304",-0.16862243754902,1.00905844041352,-0.109298088853421,-0.079075052594069
"305",-0.16862243754902,1.03770666966425,-0.233887152683508,-0.14876804789765
"306",-0.16862243754902,1.03280633434275,-0.214538873869069,-0.143742811498529
"307",-0.16862243754902,1.00729589532686,-0.104109062686313,-0.0616954115709456
"308",-0.16862243754902,1.03197749209424,-0.249523757545325,-0.0521098705579916
"309",-0.16862243754902,1.01576753013927,0.00953359841391918,-0.178024677464991
"310",-0.16862243754902,1.00566388859521,-0.0807576476453122,-0.0695561583990719
"311",-0.16862243754902,1.03832234294574,-0.225717429565962,-0.164817868723233
"312",-0.16862243754902,1.01755123297508,-0.148432533618596,-0.115664578383666
"313",-0.16862243754902,1.04108178754838,-0.138506923850698,-0.254297307123653
"314",-0.16862243754902,1.00345186920819,-0.0623909506082592,-0.0549820252411153
"315",-0.16862243754902,1.02669353321251,-0.212714349311969,-0.094086219698615
"316",-0.16862243754902,1.01512458317127,-0.103196016475098,-0.140813712195614
"317",-0.16862243754902,1.01610282344104,-0.106459889368465,-0.145365882381377
"318",-0.16862243754902,1.0188539037671,-0.189834784355778,-0.0450114637627055
"319",-0.16862243754902,1.0211533354392,-0.172633951662948,-0.113805330331387
"320",-0.16862243754902,1.04459598089125,-0.200349125590835,-0.225922533557733
"321",-0.16862243754902,1.02293693841884,-0.113572200915082,-0.183033699522818
"322",-0.16862243754902,1.025758382332,-0.119896183275732,-0.194435501285842
"323",-0.16862243754902,1.01423633173019,-0.0601747600385888,-0.15828561165124
"324",-0.16862243754902,1.01575444570377,-0.106994654982392,-0.142510483025556
"325",-0.16862243754902,1.00907498873395,-0.0836019317474472,-0.106033249014232
"326",-0.16862243754902,1.02198250424378,-0.0566075483811357,-0.203085756385489
"327",-0.16862243754902,1.02533094702466,-0.0754076213892292,-0.213581931733226
"328",-0.16862243754902,1.01220090138303,-0.155626279087438,-0.0181968683572589
"329",-0.16862243754902,1.01586853454592,-0.1041196086445,-0.145423473264123
"330",-0.16862243754902,1.02824521244902,-0.213196383861543,-0.10879117074785
"331",-0.16862243754902,1.00907690962293,-0.126228405518302,-0.0479854058487199
"332",-0.16862243754902,1.0095144149727,-0.0940443512427089,-0.101365743902999
"333",-0.16862243754902,1.01937813493184,-0.183310768562627,-0.0743568699321175
"334",-0.16862243754902,1.01249860627436,-0.14332700157831,-0.067902859483926
"335",-0.16862243754902,1.05285811855905,-0.286513431029317,-0.162543137829683
"336",-0.16862243754902,1.00188197193265,-0.0439444043577766,-0.0428529463315024
"337",-0.16862243754902,1.01602610776846,-0.119811258341432,-0.133993708963434
"338",-0.16862243754902,1.02680239666166,-0.200921357106293,-0.118126076920782
"339",-0.16862243754902,1.03601401498017,-0.169858439011869,-0.210886580729521
"340",-0.16862243754902,1.04456258419097,-0.297198314672089,-0.0527650836043886
"341",-0.16862243754902,1.00929307708327,-0.135798720378482,-0.0152060182749383
"342",-0.16862243754902,1.02034845028694,-0.106381430769636,-0.172609244220466
"343",-0.16862243754902,1.00539845075354,0.0239799961732949,-0.101247244708888
"344",-0.16862243754902,1.01771881550609,-0.187561828568475,-0.0239196132737148
"345",-0.16862243754902,1.04571437828042,-0.272735511976421,-0.138325346373584
"346",-0.16862243754902,1.00706336344815,-0.0735519524497024,-0.0936308084465025
"347",-0.16862243754902,1.02756850073461,-0.0467654205982013,-0.231754221403313
"348",-0.16862243754902,1.03120100684486,-0.187070569799053,-0.16846399743837
"349",-0.16862243754902,1.01505949721974,-0.12736832256853,-0.118840621430856
"350",-0.16862243754902,1.01260871439564,-0.142484522048115,-0.0712360122880448
"351",-0.16862243754902,1.00690687026469,-0.0163313832423359,-0.116596446376514
"352",-0.16862243754902,1.03207315559698,-0.116450135295726,-0.227187949710196
"353",-0.16862243754902,1.03018258624438,-0.0769434489793406,-0.235278274943341
"354",-0.16862243754902,1.01447179175812,-0.0275320559147942,-0.168508166478785
"355",-0.16862243754902,1.02475249512915,-0.0734117336800454,-0.211490883093129
"356",-0.16862243754902,1.04375576972837,-0.232025607013819,-0.188653715921883
"357",-0.16862243754902,1.02923779749551,-0.229980282443703,-0.0802465792450038
"358",-0.16862243754902,1.02479870173334,-0.115098332623693,-0.192262198316732
"359",-0.16862243754902,1.04737157811086,-0.212965804029495,-0.227228495018775
"360",-0.16862243754902,1.00619084921084,-0.0606077714271071,-0.0935239171456669
"361",-0.16862243754902,1.02316622851064,-0.212921628101305,-0.0391600747112002
"362",-0.16862243754902,1.01398548880653,-0.154081107810315,-0.0665250608881022
"363",-0.16862243754902,1.0054301344265,-0.0788654992452899,-0.0683373122216979
"364",-0.16862243754902,1.02250635657681,-0.0597117005552723,-0.204826175223736
"365",-0.16862243754902,1.01744434189017,-0.179602438849983,-0.0541844332208876
"366",-0.16862243754902,1.002922247104,-0.0760102576507566,0.00868760427302638
"367",-0.16862243754902,1.00780180005438,0.0220573517093919,-0.123198788258687
"368",-0.16862243754902,1.03294154114556,-0.221707016417182,-0.133469945289407
"369",-0.16862243754902,1.00699961029911,-0.115173853134618,-0.0279856873540963
"370",-0.16862243754902,1.00706161105868,-0.10578006359875,-0.0546229495098593
"371",-0.16862243754902,1.0144334872654,-0.170369410245516,-0.00704018025545549
"372",-0.16862243754902,1.015208760927,-0.166873425061787,-0.0529347548504265
"373",-0.16862243754902,1.02580820799892,-0.212580542247232,0.0842139694815026
"374",-0.16862243754902,1.01839764124249,-2.53076207199757e-06,-0.192701208304127
"375",-0.16862243754902,1.03607869279733,-0.0797698554549415,-0.25902862357147
"376",-0.16862243754902,1.01353910908211,-0.146826303694182,-0.075521931797762
"377",-0.16862243754902,1.00840630984041,-0.0268936599845512,-0.127122054650571
"378",-0.16862243754902,1.00293308167521,-0.0115524860139819,-0.0757714087596756
"379",-0.16862243754902,1.03318800924686,-0.142860705169747,-0.216952255968653
"380",-0.16862243754902,1.01811993983827,-0.191218368572407,0.00193582457429101
"381",-0.16862243754902,1.03200622320298,-0.0982154737714844,-0.235352003266441
"382",-0.16862243754902,1.01020740233769,-0.107853471508264,-0.0942688942412642
"383",-0.16862243754902,1.01271355530558,-0.15403853124773,-0.0431378718844019
"384",-0.16862243754902,1.02159832783012,-0.130566211636658,-0.163142906079753
"385",-0.16862243754902,1.0223453218561,-0.179830738755434,-0.11336164483518
"386",-0.16862243754902,1.03085635297317,-0.232196936392529,-0.0935382445583739
"387",-0.16862243754902,1.01618762879922,-0.0347419335384121,-0.177285913085579
"388",-0.16862243754902,1.03878024887704,-0.225436052422504,-0.168056513486413
"389",-0.16862243754902,1.01518177095923,-0.0847184199557834,-0.153025544952866
"390",-0.16862243754902,1.0112795555169,-0.128243977620725,-0.0789925414863814
"391",-0.16862243754902,1.02780465496937,-0.124824649390353,-0.201993108004388
"392",-0.16862243754902,1.00201099975014,-0.0426537409022616,-0.0469755469080862
"393",-0.16862243754902,1.01390775250444,-0.0829745774101598,-0.145341494736378
"394",-0.16862243754902,1.00528108765194,0.0152897644395697,-0.10176585033325
"395",-0.16862243754902,1.00685821872509,-0.0844218293043711,-0.0814642703961046
"396",-0.16862243754902,1.0075207697039,-0.0939665876100239,-0.0791731128456776
"397",-0.16862243754902,1.02544443188713,-0.101821977441465,-0.202900388856764
"398",-0.16862243754902,1.01503309821748,-0.17378741989419,-0.00949332204767857
"399",-0.16862243754902,1.01660248255973,0.0275953400266294,-0.180884230256336
"400",-0.16862243754902,1.0181089729433,-0.120904397240642,-0.148081084259708
"401",-0.16862243754902,1.0135286245383,-0.146019989094353,-0.0769313690465954
"402",-0.16862243754902,1.02202551179121,-0.203603032781369,-0.0555153293633624
"403",-0.16862243754902,1.00078742767016,-0.0364602335901782,-0.0156884272383129
"404",-0.16862243754902,1.02013564641065,-0.147707208846176,-0.13732923043744
"405",-0.16862243754902,1.00861146164234,-0.110546028311937,-0.071250657405824
"406",-0.16862243754902,1.02420609317077,-0.141216616008105,-0.170458172732666
"407",-0.16862243754902,1.0315272077547,-0.252693810375876,-0.0139362310514497
"408",-0.16862243754902,1.01621012437073,-0.0296700475554671,-0.178333129708512
"409",-0.16862243754902,1.0396137650484,-0.13175286890171,-0.251868938168814
"410",-0.16862243754902,1.0086122233654,-0.0654234793069076,-0.114098139675739
"411",-0.16862243754902,1.01917047834889,-0.168866802785613,-0.10095774786945
"412",-0.16862243754902,1.00970798440996,-0.0803769382149083,-0.11423555306658
"413",-0.16862243754902,1.01375224617981,-0.155565313774327,-0.059102028602278
"414",-0.16862243754902,1.01442418233572,-0.084054275307612,-0.148294640867473
"415",-0.16862243754902,1.00623944913588,-0.0437754432269113,-0.102963777939483
"416",-0.16862243754902,1.03404445058635,-0.235485830580588,-0.117449348164204
"417",-0.16862243754902,1.03820632399526,-0.172514110017291,-0.219342775191478
"418",-0.16862243754902,1.00374770435226,-0.0600036111204438,-0.0625221612305469
"419",-0.16862243754902,1.0294285265609,-0.209054788777162,-0.126566925326821
"420",-0.16862243754902,1.00488962098612,-0.0768635408686707,-0.0624111083922825
"421",-0.16862243754902,1.04705255284763,-0.294015050748673,-0.0993690009912023
"422",-0.16862243754902,1.019619379069,-0.198290565598315,-0.0174507812934885
"423",-0.16862243754902,1.01069726927402,-0.0636000332181647,-0.132151450588384
"424",-0.16862243754902,1.00318511071671,-0.0646343897096855,-0.0469335917074206
"425",-0.16862243754902,1.02091718486441,-0.0817933264540654,-0.188631254300662
"426",-0.16862243754902,1.01576255647968,-0.176845458643032,0.022344012698451
"427",-0.16862243754902,1.00931274940323,-0.032263285866656,-0.13293346641454
"428",-0.16862243754902,1.01358159018268,-0.15146802460854,-0.0663707577058338
"429",-0.16862243754902,1.04204384689289,-0.253007439823321,-0.147792470178229
"430",-0.16862243754902,1.01499082447145,-0.0600228485784798,-0.163106196723992
"431",-0.16862243754902,1.04211027913114,-0.184508772380437,-0.227926187142799
"432",-0.16862243754902,1.03448506675813,-0.0658711264008153,-0.256554766185035
"433",-0.16862243754902,1.00722089171135,-0.0437636404880403,-0.112154663171202
"434",-0.16862243754902,1.04129602818982,-0.209078325165771,-0.201453896139475
"435",-0.16862243754902,1.01643607710243,-0.174483108972103,-0.0519417319581058
"436",-0.16862243754902,1.00812792865814,-0.107456899388781,-0.0691009067545149
"437",-0.16862243754902,1.01715246612571,-0.184000339691149,-0.0272582893660877
"438",-0.16862243754902,1.00227392507675,-0.0649098446794016,-0.0184318461488568
"439",-0.16862243754902,1.01548253666219,-0.119174613256308,-0.130392460752452
"440",-0.16862243754902,1.03475561495597,-0.20998017369776,-0.163179377792552
"441",-0.16862243754902,1.00477025955705,-0.0503596849207053,-0.083828256721928
"442",-0.16862243754902,1.02134532795841,-0.176250738348205,-0.109917952010534
"443",-0.16862243754902,1.02190164022469,-0.139508446911378,-0.157544773109986
"444",-0.16862243754902,1.01298040193548,-0.100240140988233,-0.126811706242096
"445",-0.16862243754902,1.00784398635098,-0.0444119017914846,-0.117375822907029
"446",-0.16862243754902,1.00794396203608,-0.0397512477670772,-0.119878558991821
"447",-0.16862243754902,1.01694023550762,-0.183530799885005,0.021997456395293
"448",-0.16862243754902,1.0140099073608,-0.138632848907052,-0.0948526511478457
"449",-0.16862243754902,1.00583575400258,-0.0749903605976534,-0.0779872415679527
"450",-0.16862243754902,1.01414351010238,-0.0847982567324982,-0.145932569147225
"451",-0.16862243754902,1.02040140479183,-0.122088873731422,-0.162213852096928
"452",-0.16862243754902,1.02823707449955,-0.239163318755194,-0.0085081336023889
"453",-0.16862243754902,1.02576827074455,-0.150413393073943,-0.171977778943263
"454",-0.16862243754902,1.01428661982268,-0.104604759187069,-0.13354846126684
"455",-0.16862243754902,1.03591696003955,-0.180855915286059,-0.201035036756326
"456",-0.16862243754902,1.00277710457169,-0.00478628133041629,-0.0744245454417279
"457",-0.16862243754902,1.0043043493844,-0.062222421779799,-0.0689608325085551
"458",-0.16862243754902,1.01585649445651,-0.124925766283756,-0.127898280863648
"459",-0.16862243754902,1.01911870852466,-0.100841869193762,-0.168623425070391
"460",-0.16862243754902,1.01642532853713,-0.161426633677797,-0.0840350547763245
"461",-0.16862243754902,1.0229439842435,-0.0672759979167384,-0.204666399304515
"462",-0.16862243754902,1.02054682391803,-0.0616608655754071,-0.194200302434531
"463",-0.16862243754902,1.01364538221583,-0.07368600751025,-0.148483444143358
"464",-0.16862243754902,1.01734267352019,-0.14915516615742,-0.112866521935272
"465",-0.16862243754902,1.00003023259459,0.00132115808939349,0.00766293967733522
"466",-0.16862243754902,1.0428284570186,-0.0145422098257221,-0.295431404730731
"467",-0.16862243754902,1.02459892504846,-0.145745883047707,-0.169000280429044
"468",-0.16862243754902,1.03852903199371,-0.204496931175686,-0.191633909925978
"469",-0.16862243754902,1.03361340196561,-0.227140054858285,-0.129476098960029
"470",-0.16862243754902,1.02401142348211,-0.00282147680323229,-0.220434649478021
"471",-0.16862243754902,1.01259397392845,-0.131232008459412,-0.0901372064794949
"472",-0.16862243754902,1.01462722931065,0.0180641226114382,-0.170710579440434
"473",-0.16862243754902,1.00669566489672,-0.0302266659619978,-0.111904023103177
"474",-0.16862243754902,1.00902837520017,-0.10548403927758,-0.0837339800604968
"475",-0.16862243754902,1.00503557044138,-0.0919070787253087,-0.040615104734678
"476",-0.16862243754902,1.02284606169321,-0.164679059484983,-0.138184200574635
"477",-0.16862243754902,1.00743681497832,-0.0886914378813414,-0.0840402583301821
"478",-0.16862243754902,1.02800140922584,-0.233694144800071,-0.0466255729882123
"479",-0.16862243754902,1.00413112372203,-0.076747572999916,-0.0488786626850923
"480",-0.16862243754902,1.02258756088944,-0.021269557169932,-0.212680336711235
"481",-0.16862243754902,1.04540973010722,-0.163345180923705,-0.257293326131593
"482",-0.16862243754902,1.04900848618688,-0.182551952477881,-0.259024301444104
"483",-0.16862243754902,1.03632522508435,-0.124126037027952,-0.24199731212943
"484",-0.16862243754902,1.01202856709487,0.0554194522251559,-0.145363354842839
"485",-0.16862243754902,1.0403856340761,-0.193719996679722,-0.211836801520265
"486",-0.16862243754902,1.01861380852486,-0.170116633736287,-0.0929215897612373
"487",-0.16862243754902,1.02448480485654,-0.15796638190195,-0.156894032935418
"488",-0.16862243754902,1.0092547221928,-0.00962908374496409,-0.136023435534811
"489",-0.16862243754902,1.0176971686225,-0.167372051416327,-0.0877161525999434
"490",-0.16862243754902,1.01373237687895,-0.156951330394549,-0.0549509947136414
"491",-0.16862243754902,1.00513972114666,-0.100875075963067,-0.0114051776064795
"492",-0.16862243754902,1.01058170707085,-0.110099793530393,-0.095673518440589
"493",-0.16862243754902,1.03574521389084,-0.1450817563466,-0.227419067083579
"494",-0.16862243754902,1.00641671498251,-0.0118864136886283,-0.112842001780388
"495",-0.16862243754902,1.0128620494975,-0.0414215099380814,-0.155479226351046
"496",-0.16862243754902,1.03521361570233,-0.266777320421442,-0.0222955476326807
"497",-0.16862243754902,1.02341454149157,-0.0857158511937672,-0.200075277309629
"498",-0.16862243754902,1.02264727086633,-0.137780618636567,-0.163780162835688
"499",-0.16862243754902,1.03072686011846,-0.184231804309385,-0.168690552345338
"500",-0.16862243754902,1.02791078036146,-0.039163303746939,-0.234663179947215
"501",-0.16862243754902,1.01798853937018,-0.166623880142509,-0.0923966928806767
"502",-0.16862243754902,1.00923910753316,-0.114528532645206,-0.0738023806151846
"503",-0.16862243754902,1.00581073277935,-0.0865315196459023,-0.0645563806443772
"504",-0.16862243754902,1.03687477396213,-0.139155667197894,-0.236103784734
"505",-0.16862243754902,1.00961720124236,-0.0144183386948159,-0.138271488578594
"506",-0.16862243754902,1.00869793626313,-0.106694086752641,-0.0780249862128045
"507",-0.16862243754902,1.03004275346038,-0.213999162808178,-0.123257585055211
"508",-0.16862243754902,1.0112850912626,-0.150186988771747,-0.0118913503726551
"509",-0.16862243754902,1.0271564839551,-0.167616281815062,-0.164180463519575
"510",-0.16862243754902,1.00225583367218,-0.00725797093018337,-0.0668137559780118
"511",-0.16862243754902,1.02353329547576,-0.181044343794792,-0.12183329810596
"512",-0.16862243754902,1.03789716267153,-0.0457693152879157,-0.27410890182497
"513",-0.16862243754902,1.02039295196333,0.0117519636707551,-0.20264172266916
"514",-0.16862243754902,1.03152863309193,-0.226637655508544,-0.112635225369796
"515",-0.16862243754902,1.00825899491799,-0.128467930720284,-0.00906595882925461
"516",-0.16862243754902,1.01061297852248,-0.110669422007389,-0.0953460612223754
"517",-0.16862243754902,1.02265374715212,-0.213577725962027,0.0143262534239816
"518",-0.16862243754902,1.01337869531724,-0.0567273369095062,-0.154007757499536
"519",-0.16862243754902,1.01468072317322,-0.136248671374191,-0.104944125743663
"520",-0.16862243754902,1.03316497017661,-0.211470663449172,-0.150698421028239
"521",-0.16862243754902,1.01996519930079,-0.0546083975670013,-0.193253539941341
"522",-0.16862243754902,1.01664593748145,-0.147427439032427,-0.108784706727878
"523",-0.16862243754902,1.0239335664464,-0.182845977732242,-0.122504273079683
"524",-0.16862243754902,1.02603483877892,-0.177853783327036,-0.145311810064896
"525",-0.16862243754902,1.02094376562304,-0.096784851083032,-0.181545766035438
"526",-0.16862243754902,1.02990453321373,-0.215981389671035,-0.118555416788775
"527",-0.16862243754902,1.00896462164041,-0.130923194455164,-0.0294741390989451
"528",-0.16862243754902,1.01355208156965,-0.152858232170368,-0.0626273335847058
"529",-0.16862243754902,1.00870405090945,-0.0816727480881872,-0.103987617247706
"530",-0.16862243754902,1.01200919623993,-0.154069605724105,0.0206196475771201
"531",-0.16862243754902,1.00383881545279,-0.0361437983049708,-0.0799124098857766
"532",-0.16862243754902,1.02300451270046,-0.114865128967426,-0.182604039256555
"533",-0.16862243754902,1.01089304691734,-0.133914122456425,-0.0630219018480463
"534",-0.16862243754902,1.03096511516956,-0.135390765608762,-0.211088628979509
"535",-0.16862243754902,1.01565899684857,-0.0724834200506721,-0.162201577357332
"536",-0.16862243754902,1.03258646297422,-0.204683237998675,-0.156011459835445
"537",-0.16862243754902,1.01843729522481,-0.146312862507871,-0.125726172969567
"538",-0.16862243754902,1.02331785968863,-0.129117130233665,-0.174665991646759
"539",-0.16862243754902,1.0311961167807,-0.224393507590617,-0.114074471354389
"540",-0.16862243754902,1.01597075954806,-0.129617997572674,-0.124079647653858
"541",-0.16862243754902,1.00545506192367,-0.104544392563822,-0.00321737958616413
"542",-0.16862243754902,1.01536351370218,-0.173032038452464,-0.0319840370593659
"543",-0.16862243754902,1.0036288485628,-0.0351780243273713,-0.0776747853032636
"544",-0.16862243754902,1.0099962023635,-0.105361507754809,-0.0948223679957246
"545",-0.16862243754902,1.00796147170947,-0.125779902844858,-0.0128741792385423
"546",-0.16862243754902,1.02461188998587,-0.115018627362607,-0.191311893148452
"547",-0.16862243754902,1.00756521975416,-0.117479226044621,-0.0372330969193367
"548",-0.16862243754902,1.01374493774278,-0.145187208052821,-0.0812371430870731
"549",-0.16862243754902,1.01235275570979,-0.0826819201040647,-0.134245305620386
"550",-0.16862243754902,1.01017594728152,-0.0643976238350225,-0.127704308895651
"551",-0.16862243754902,1.04190710901089,-0.13559787325485,-0.259198072091957
"552",-0.16862243754902,1.02323544964414,-0.0381745427420711,-0.213432635027708
"553",-0.16862243754902,1.01191867807496,-0.0799610324689417,-0.13261087558524
"554",-0.16862243754902,1.01138765026874,-0.135089739199895,-0.0682329940646549
"555",-0.16862243754902,1.00753963612871,-0.103494819294062,-0.0665202281239057
"556",-0.16862243754902,1.01564223763353,-0.168449689783448,-0.0561592100825688
"557",-0.16862243754902,1.02478957750744,-0.0639184775457079,-0.214727982331388
"558",-0.16862243754902,1.00126670542073,-0.0214628152153016,-0.0455451747951919
"559",-0.16862243754902,1.03382375759831,-0.216603734990681,-0.147899911300761
"560",-0.16862243754902,1.02041752115614,-0.133407030840394,-0.153148560570439
"561",-0.16862243754902,1.01658646735774,-0.0840982567017085,-0.162405445828092
"562",-0.16862243754902,1.013389004785,-0.126903391634814,-0.104176793052536
"563",-0.16862243754902,1.02457316775245,-0.152891645145042,-0.162401726970896
"564",-0.16862243754902,1.03025625872362,-0.0558162860469897,-0.241479814583153
"565",-0.16862243754902,1.00764669855333,-0.110861378707496,-0.0553319420995189
"566",-0.16862243754902,1.03113175079825,-0.188091402548483,-0.166896110774347
"567",-0.16862243754902,1.0207239119786,-0.0302254598439009,-0.202394975387515
"568",-0.16862243754902,1.0202702275056,-0.139316334553978,-0.146772940492329
"569",-0.16862243754902,1.03196400058294,-0.235613328149958,-0.0971393745977654
"570",-0.16862243754902,1.02442484044871,-0.217338146248592,-0.0470147201799018
"571",-0.16862243754902,1.00720126310824,-0.0938305691734294,-0.0751678701003936
"572",-0.16862243754902,1.00634065233356,-0.0335001561104211,-0.107699805383796
"573",-0.16862243754902,1.0050520131416,-0.0480080916739473,-0.0884577427577843
"574",-0.16862243754902,1.00600079898674,-0.0895250627573527,-0.063426104249332
"575",-0.16862243754902,1.02094388302916,-0.195885076067048,0.0628923625639468
"576",-0.16862243754902,1.02943507811762,-0.221688009141463,-0.102912616631431
"577",-0.16862243754902,1.01227607662906,-0.118395000693637,-0.103370591205978
"578",-0.16862243754902,1.03228262560194,-0.150856886513277,-0.207001494949098
"579",-0.16862243754902,1.01268063809949,-0.127902997103135,-0.0957230281261001
"580",-0.16862243754902,1.0127498200894,-0.0445626880149994,-0.153871260890382
"581",-0.16862243754902,1.0136186701342,-0.0557687446774427,-0.155925160130545
"582",-0.16862243754902,1.03505218890473,-0.167371307377939,-0.208134281710338
"583",-0.16862243754902,1.03821879980635,-0.24816565974327,-0.127718759763489
"584",-0.16862243754902,1.01734572608236,-0.136611161303609,-0.127787781048625
"585",-0.16862243754902,1.05811226742305,-0.266459198160803,-0.220456494997668
"586",-0.16862243754902,1.01871612873828,-0.116728900292899,-0.155424949052346
"587",-0.16862243754902,1.03302859940835,-0.236243944274016,-0.106474813873631
"588",-0.16862243754902,1.02108787866873,-0.0250014115263085,-0.204927756504355
"589",-0.16862243754902,1.00660071195718,-0.0281641856367793,-0.111587508082725
"590",-0.16862243754902,1.01499278304023,-0.156242903667177,-0.0761479131520026
"591",-0.16862243754902,1.00371024944619,-0.0776597357855323,-0.0374597154426653
"592",-0.16862243754902,1.05307519683442,-0.242169924075061,-0.224323645791808
"593",-0.16862243754902,1.02899150410058,-0.105940664668712,-0.218174451026533
"594",-0.16862243754902,1.00729371795039,-0.117013779591069,0.0307962596450742
"595",-0.16862243754902,1.00616301267255,-0.107918885944695,-0.0267866034943712
"596",-0.16862243754902,1.00299577423219,-0.0501140373563089,-0.0590686582502606
"597",-0.16862243754902,1.00468369061784,-0.0813699404778607,-0.0526141709059145
"598",-0.16862243754902,1.01084673538079,-0.0903992352482592,-0.116786560427654
"599",-0.16862243754902,1.01794807717922,-0.120560183286471,-0.147253285324295
"600",-0.16862243754902,1.03155339390026,-0.214961683140668,-0.133768005324401
"601",-0.16862243754902,1.01435579290644,-0.152076934996665,-0.0760938922967418
"602",-0.16862243754902,1.01333555417162,-0.0335518675983544,-0.16038459255477
"603",-0.16862243754902,1.01642064629253,-0.0964017011365692,-0.154329654401573
"604",-0.16862243754902,1.00350934328595,-0.0654782417376642,-0.0523794035966978
"605",-0.16862243754902,1.0260500323781,-0.117539097902892,-0.197391057060048
"606",-0.16862243754902,1.00155957861536,-0.0552362462838525,-0.00839920309599287
"607",-0.16862243754902,1.00893329195831,-0.0518927065548754,-0.123505200814512
"608",-0.16862243754902,1.01134712521003,-0.135685459398906,-0.0664263786330623
"609",-0.16862243754902,1.02161154135809,-0.17846639614156,-0.108811244291609
"610",-0.16862243754902,1.0072604859681,-0.1180313602909,-0.0253433340459123
"611",-0.16862243754902,1.01636271209483,-0.149454925406932,-0.103229781596077
"612",-0.16862243754902,1.01792089810734,-0.188520595234149,-0.0249587655187828
"613",-0.16862243754902,1.00889199742743,-0.114244096326266,-0.0693638877781935
"614",-0.16862243754902,1.00488118812463,-0.0532230136123145,-0.0833877273271573
"615",-0.16862243754902,1.02720697694686,-0.0947692106694901,-0.214878966391302
"616",-0.16862243754902,1.00941320787339,-0.0907740214081126,-0.103320381661347
"617",-0.16862243754902,1.01541678386973,-0.168467887185811,-0.0518634355927998
"618",-0.16862243754902,1.02420318598337,-0.133005163621252,-0.176923126324899
"619",-0.16862243754902,1.01952945686553,-0.138420784737355,-0.142407864141043
"620",-0.16862243754902,1.01099136848228,-0.122739983255852,-0.0838954328675219
"621",-0.16862243754902,1.02667920574916,-0.0800415280185849,-0.218319823447548
"622",-0.16862243754902,1.02523179617984,-0.212094577230164,-0.0782056660844171
"623",-0.16862243754902,1.02753212787804,-0.188338587738193,-0.142656406061395
"624",-0.16862243754902,1.02241101257008,-0.0835992065461364,-0.19579441077168
"625",-0.16862243754902,1.00547733978285,0.0532551166033697,-0.0902694487207765
"626",-0.16862243754902,1.0167352231472,-0.0159443366143424,-0.183019922735509
"627",-0.16862243754902,1.0160371830494,-0.0415890420847118,-0.174934013037587
"628",-0.16862243754902,1.01563165008599,-0.155172367557023,-0.0861927201284462
"629",-0.16862243754902,1.02575934521096,-0.100060582860545,-0.205353631682599
"630",-0.16862243754902,1.01794077660398,-0.170363023970884,-0.0847340824970672
"631",-0.16862243754902,1.02968124123212,-0.232091308100916,-0.0798566418610026
"632",-0.16862243754902,1.0162435551853,-0.141856408444594,-0.112373141091866
"633",-0.16862243754902,1.00781425062387,-0.0582646526981158,-0.110881892148884
"634",-0.16862243754902,1.01988875740978,-0.0383758963148499,-0.196724091236692
"635",-0.16862243754902,1.02713855726365,-0.233267597595107,-0.0244917073690569
"636",-0.16862243754902,1.0471331561806,-0.180248991431208,-0.252978552175444
"637",-0.16862243754902,1.01199174607548,-0.0757677286126976,-0.13559699637447
"638",-0.16862243754902,1.01395942072372,-0.0695707077053018,-0.152556951673004
"639",-0.16862243754902,1.0173608164157,-0.115686690219988,-0.147104114435879
"640",-0.16862243754902,1.03338853022985,0.0324519307814279,-0.25853186766657
"641",-0.16862243754902,1.03111631837209,-0.0796311578331895,-0.238452806054679
"642",-0.16862243754902,1.01911163877771,-0.180229926616033,-0.0781390161453696
"643",-0.16862243754902,1.00785580002866,-0.0656311581342624,-0.107078778165241
"644",-0.16862243754902,1.00905782024096,-0.1086239937812,0.0799907029876035
"645",-0.16862243754902,1.04992369576684,-0.112206011853488,-0.299582338993195
"646",-0.16862243754902,1.0219339402783,-0.0628101376220803,-0.201007126502096
"647",-0.16862243754902,1.01028950147579,-0.125606392648958,-0.0700564837678687
"648",-0.16862243754902,1.01711442183638,-0.0292885790831769,-0.183477318060961
"649",-0.16862243754902,1.01020113323937,-0.13608152418808,-0.0445886574450493
"650",-0.16862243754902,1.00673267207862,-0.0632731874294316,-0.0975047526178905
"651",-0.16862243754902,1.00572665096834,-0.0742053160402526,-0.0773283100769419
"652",-0.16862243754902,1.0170166242974,-0.185108603848445,0.00759071001642961
"653",-0.16862243754902,1.03754473745595,-0.17983018503673,-0.210143252978016
"654",-0.16862243754902,1.00380144901745,0.0605769601997218,-0.0628313690962064
"655",-0.16862243754902,1.02667861483183,-0.220636812454918,-0.0734055525334461
"656",-0.16862243754902,1.02912654077514,-0.165975442499957,-0.177633300410541
"657",-0.16862243754902,1.01732000601341,0.0612381881932482,-0.176606565398705
"658",-0.16862243754902,1.03762623494136,-0.0767658004750811,-0.266036116563157
"659",-0.16862243754902,1.02145948125168,-0.207293161324568,-0.0202241713554302
"660",-0.16862243754902,1.02841336297522,-0.187933245674726,-0.14938253015716
"661",-0.16862243754902,1.00396861252016,0.00977459491003798,-0.0886421582544301
"662",-0.16862243754902,1.01218990954061,-0.107143358399238,-0.114230966584224
"663",-0.16862243754902,1.00084961180064,0.031217331531564,-0.0269336899354241
"664",-0.16862243754902,1.01492991697216,-0.0189411198967549,-0.172406410385987
"665",-0.16862243754902,1.0168960449459,-0.0658632673568687,-0.172451721474976
"666",-0.16862243754902,1.00812343433383,-0.0166382890756049,-0.126633432353646
"667",-0.16862243754902,1.02730951496205,-0.221293039492207,-0.0799639306428908
"668",-0.16862243754902,1.00183498439489,-0.00989628130499866,-0.0597946450264124
"669",-0.16862243754902,1.00612264966488,-0.0959923695971304,-0.0553917967555585
"670",-0.16862243754902,1.00131993010725,-0.0511984741804852,0.00450762371641465
"671",-0.16862243754902,1.04833728999737,-0.079162827377825,-0.304539521836783
"672",-0.16862243754902,1.007823723551,-0.116072145256466,-0.0472854612725335
"673",-0.16862243754902,1.02684025828113,-0.204039278692196,-0.112999507864522
"674",-0.16862243754902,1.02772899340931,-0.139275246836568,-0.191909586818181
"675",-0.16862243754902,1.01315535249967,-0.0957653238070861,-0.131578003689243
"676",-0.16862243754902,1.00456751290999,-0.0953731164102828,-0.00773670862519776
"677",-0.16862243754902,1.02025069959552,-0.170105613004582,-0.109432949560394
"678",-0.16862243754902,1.00470099734883,-0.062309761071934,-0.0744418413856623
"679",-0.16862243754902,1.0061825460469,-0.0984832294672372,-0.0520035526010265
"680",-0.16862243754902,1.01659317669732,-0.101194843187592,-0.152385335973618
"681",-0.16862243754902,1.04274259484217,-0.286022757682197,-0.0741828901166205
"682",-0.16862243754902,1.01941493346278,-0.184238659432294,-0.0725460056619788
"683",-0.16862243754902,1.02217979528642,-0.159631514533196,-0.139173680915685
"684",-0.16862243754902,1.01309436439506,-0.131687751473361,-0.0949659269471395
"685",-0.16862243754902,1.00483782348587,-0.0379523367406875,-0.0908772339134036
"686",-0.16862243754902,1.0048791258908,-0.0507204824744865,-0.0849087175065438
"687",-0.16862243754902,1.01754879064547,-0.123420424871564,-0.142031475626277
"688",-0.16862243754902,1.01830054168497,-0.0814021083211918,-0.174096783303893
"689",-0.16862243754902,1.01738962139623,-0.139411079649197,-0.125084741658647
"690",-0.16862243754902,1.0311640624684,-0.210778315385853,-0.137374762927661
"691",-0.16862243754902,1.00825907718573,-0.103943922211026,-0.0760396459934004
"692",-0.16862243754902,1.0210533160164,0.0241989315964434,-0.204851863202833
"693",-0.16862243754902,1.0016941596677,0.0174365947897203,-0.0555621694548126
"694",-0.16862243754902,1.00503515034426,-0.0329266498332051,-0.0949288636731615
"695",-0.16862243754902,1.01043379717697,-0.0596610977068865,-0.131973527261642
"696",-0.16862243754902,1.03075368941428,-0.249887488895693,0.00306775725260786
"697",-0.16862243754902,1.0274137819196,-0.0965051507331375,-0.215094944525244
"698",-0.16862243754902,1.00273067877608,0.00732903821867509,-0.073587358680194
"699",-0.16862243754902,1.01575665426211,-0.0728612418373233,-0.162643229541472
"700",-0.16862243754902,1.00020615277135,-0.0112233468751758,-0.0169228994730945
"701",-0.16862243754902,1.00288502184985,-0.0660265037241282,-0.0376678623862744
"702",-0.16862243754902,1.01000791917603,-0.110718072705059,-0.0886425697662878
"703",-0.16862243754902,1.00750676805184,-0.0323626113851511,-0.118416844471563
"704",-0.16862243754902,1.02511679774823,-0.188900037126758,-0.123212113848802
"705",-0.16862243754902,1.03167697120462,-0.245295446812386,-0.0647110244629514
"706",-0.16862243754902,1.0108113483671,-0.0664613080560859,-0.131614879550843
"707",-0.16862243754902,1.01554889880205,-0.0715330575961734,-0.161933898640767
"708",-0.16862243754902,1.03334002890497,-0.0106373945297521,-0.260150843117882
"709",-0.16862243754902,1.02225146204746,-0.164958212800495,-0.133367311166671
"710",-0.16862243754902,1.05094411313166,-0.318099269859554,-0.0574141397297092
"711",-0.16862243754902,1.00059605070699,0.0324556951492693,-0.0117934109908128
"712",-0.16862243754902,1.02509440493309,-0.0887035965888596,-0.207244326767507
"713",-0.16862243754902,1.00782314134084,-0.0740417551261057,-0.10112023892361
"714",-0.16862243754902,1.00226647346723,0.00892861098433434,-0.0667709797915748
"715",-0.16862243754902,1.01138149576354,-0.0398482062228518,-0.145961126447167
"716",-0.16862243754902,1.01305635405254,0.0102695569667265,-0.161795280171967
"717",-0.16862243754902,1.0237404886558,-0.215975946617243,-0.0374029222921476
"718",-0.16862243754902,1.01712920650554,-0.125482183387907,-0.137135131818198
"719",-0.16862243754902,1.00481054245677,0.00629541860767985,-0.0980030302430558
"720",-0.16862243754902,1.01711449478714,-0.121208409776331,-0.140820513085276
"721",-0.16862243754902,1.02267882757742,-0.142104347544116,-0.160244621701262
"722",-0.16862243754902,1.00906770720881,-0.134743586332199,-0.00786153127465387
"723",-0.16862243754902,1.0274665469976,-0.0909351261615243,-0.217757452293033
"724",-0.16862243754902,1.02471455856306,-0.166892152314118,-0.148952797983307
"725",-0.16862243754902,1.00507009862991,-0.0037256226333672,-0.100757247361815
"726",-0.16862243754902,1.0561612118615,-0.241210057573829,-0.239362097179091
"727",-0.16862243754902,1.01443042456441,-0.083550648235878,-0.14862158477589
"728",-0.16862243754902,1.04140829185252,-0.149507218642597,-0.24935681645573
"729",-0.16862243754902,1.03081427606653,-0.199627119637634,-0.150755049161717
"730",-0.16862243754902,1.02190751226464,-0.0969974518616375,-0.186779168954266
"731",-0.16862243754902,1.0266504585435,-0.216413030368044,-0.0847146050838146
"732",-0.16862243754902,1.02658849472903,-0.196014931704016,-0.1243466286599
"733",-0.16862243754902,1.02116130188546,-0.205183756356044,-0.0258849492182298
"734",-0.16862243754902,1.02581569202896,-0.206794780077427,-0.0976409388810795
"735",-0.16862243754902,1.01646678909297,-0.147640952448801,-0.106803007864881
"736",-0.16862243754902,1.02819976690503,-0.19248192069863,-0.141934741581205
"737",-0.16862243754902,1.00649230438698,-0.0202869900630918,-0.112317393240696
"738",-0.16862243754902,1.04999502394502,-0.262788124113901,-0.182844065077326
"739",-0.16862243754902,1.01323624517924,0.09767026202958,-0.130798350371866
"740",-0.16862243754902,1.01878446714058,-0.0986478105809038,-0.167899970084888
"741",-0.16862243754902,1.02292034146279,-0.181736384766946,-0.115489875877455
"742",-0.16862243754902,1.01799792694012,-0.183754930020059,-0.0505361746445783
"743",-0.16862243754902,1.00619755134561,-0.10757453400356,-0.0293467539570532
"744",-0.16862243754902,1.00985872674444,-0.0108730903029475,-0.14034394853061
"745",-0.16862243754902,1.00270734071929,-0.0694318943278037,-0.0245198528218301
"746",-0.16862243754902,1.00329506948708,-0.00604007423913816,-0.0810216882091834
"747",-0.16862243754902,1.01094499763779,-0.100443112363655,-0.109183192056182
"748",-0.16862243754902,1.0157326820977,-0.128556185667105,-0.123232254739195
"749",-0.16862243754902,1.02105353951286,-0.193020705843269,-0.0727553274166917
"750",-0.16862243754902,1.00927644420085,-0.123222638019527,-0.0587802883475072
"751",-0.16862243754902,1.02191829109486,-0.203332217075159,-0.0545252526223829
"752",-0.16862243754902,1.01651880797816,-0.177558499231159,-0.0422311061200991
"753",-0.16862243754902,1.03186347667734,-0.198649823446513,-0.158998371517785
"754",-0.16862243754902,1.02433375882737,-0.0398813828601681,-0.218332601263667
"755",-0.16862243754902,1.04318275031744,-0.189755256283264,-0.228523944637622
"756",-0.16862243754902,1.00425775708829,-0.0911825601680006,-0.014811596578683
"757",-0.16862243754902,1.01743592289878,-0.150044640754665,-0.112527609881745
"758",-0.16862243754902,1.00736468137894,-0.0152928571323172,-0.120622260841112
"759",-0.16862243754902,1.02585859716959,-0.166133494080293,-0.157434187937139
"760",-0.16862243754902,1.03092655573766,0.0446422376946523,-0.246610287576818
"761",-0.16862243754902,1.00748623131922,-0.0763103916779364,-0.0959438920399387
"762",-0.16862243754902,1.03193218187165,-0.24730302370149,-0.0610347642780816
"763",-0.16862243754902,1.01789152167255,-0.124023494698185,-0.143949027977625
"764",-0.16862243754902,1.04594069642376,-0.258725789825346,-0.164477676645397
"765",-0.16862243754902,1.01871278829405,-0.128660692052736,-0.145678314633143
"766",-0.16862243754902,1.00686144258156,-0.0888935057272754,-0.0766022793194725
"767",-0.16862243754902,1.00737955907197,0.0808038145510283,-0.0910182376781711
"768",-0.16862243754902,1.01133314826599,-0.0661670785604549,-0.135707975065457
"769",-0.16862243754902,1.02078101787825,-0.0738438787338372,-0.191156919922072
"770",-0.16862243754902,1.02758812824304,-0.142632071507049,-0.188662273609875
"771",-0.16862243754902,1.01990101071944,-0.0758221356133328,-0.185604621218246
"772",-0.16862243754902,1.03283913199067,-0.130288584392684,-0.223117810468335
"773",-0.16862243754902,1.04174386118731,-0.0753404872663621,-0.282053334140759
"774",-0.16862243754902,1.01387905087221,-0.122252218563257,-0.114040014266459
"775",-0.16862243754902,1.01442451027453,-0.0748280211812973,-0.153159571335977
"776",-0.16862243754902,1.00063370663383,0.0281953341723475,-0.021744838069586
"777",-0.16862243754902,1.01491139127708,-0.0966497299180272,-0.143888713423806
"778",-0.16862243754902,1.01058260211553,-0.119751662608027,-0.0832870638287181
"779",-0.16862243754902,1.04240334197825,-0.150258412811765,-0.253035840834275
"780",-0.16862243754902,1.0151713742924,-0.15721032459893,-0.0765364816425309
"781",-0.16862243754902,1.02458965745122,-0.17649556331189,-0.136503781219532
"782",-0.16862243754902,1.0052181723432,0.0280356469087531,-0.0983746741362061
"783",-0.16862243754902,1.0082606257928,0.02846317600224,-0.125615831549809
"784",-0.16862243754902,1.02921910342003,-0.102062676944483,-0.221077300552671
"785",-0.16862243754902,1.01033049226328,-0.141736017116371,0.0260500489241573
"786",-0.16862243754902,1.00634029517442,0.0112424171079726,-0.112224764420815
"787",-0.16862243754902,1.01693771090054,-0.0283900517719056,-0.182637106886883
"788",-0.16862243754902,1.00604591503336,-0.0454117063633617,-0.100330255060373
"789",-0.16862243754902,1.0131624211058,-0.13701032458529,-0.087899160962982
"790",-0.16862243754902,1.01574330655879,-0.0446470500171618,-0.172456098018473
"791",-0.16862243754902,1.02008220627847,0.0258378933089509,-0.199750120989485
"792",-0.16862243754902,1.01859274818574,0.00415678649893864,-0.193685073721684
"793",-0.16862243754902,1.02948637966115,-0.224315867992562,-0.0975940432329529
"794",-0.16862243754902,1.00064293940731,-0.0147787524583198,-0.0326784433760125
"795",-0.16862243754902,1.00107191168886,-0.0018672670608713,-0.046276189191762
"796",-0.16862243754902,1.03016566070571,-0.196918018872251,-0.149881894639277
"797",-0.16862243754902,1.01457630895605,-0.0270115910006654,-0.169220154374389
"798",-0.16862243754902,1.0177466073989,-0.113842364093748,-0.151155790525917
"799",-0.16862243754902,1.01645393802012,-0.17602335436398,-0.0468442828428967
"800",-0.16862243754902,1.03372539460602,-0.22956342514419,-0.126050883731306
"801",-0.16862243754902,1.02885923270581,-0.203884213733785,-0.130317105992047
"802",-0.16862243754902,1.02255503087181,-0.116952238364907,-0.178720354472276
"803",-0.16862243754902,1.02678797560753,-0.0988988025109179,-0.21098003155301
"804",-0.16862243754902,1.00960222223653,-0.0974348036383933,-0.099010636726012
"805",-0.16862243754902,1.02157348458376,-0.0492253079240625,-0.202951357384916
"806",-0.16862243754902,1.00233341614088,-0.0340625712259633,-0.0592622844153561
"807",-0.16862243754902,1.00125919877953,-0.0501121819050788,0.00295843967963147
"808",-0.16862243754902,1.01945304548511,-0.110682391952414,-0.164419950311901
"809",-0.16862243754902,1.02216696265635,-0.0482816506437029,-0.206141169486392
"810",-0.16862243754902,1.00758024385486,-0.12008164933906,-0.0282550048422823
"811",-0.16862243754902,1.01217670776469,-0.0408876039002751,-0.151095637225759
"812",-0.16862243754902,1.02843255148051,-0.218475172522457,-0.0997101395846826
"813",-0.16862243754902,1.02573113879777,-0.172399956162576,-0.149675062099575
"814",-0.16862243754902,1.00364470035014,-0.0460106327599645,-0.0720118477331797
"815",-0.16862243754902,1.03288317906376,-0.182858453143179,-0.182785250244502
"816",-0.16862243754902,1.04129228172528,-0.23735198938155,-0.167193448188812
"817",-0.16862243754902,1.0232885153658,-0.125136609115724,-0.17737027580334
"818",-0.16862243754902,1.03575390124445,-0.215591438785126,-0.162192710889426
"819",-0.16862243754902,1.04831055320174,-0.261015945420909,-0.17557246990962
"820",-0.16862243754902,1.0050902302689,-0.100579636090356,-0.00949251209722071
"821",-0.16862243754902,1.01830002661689,-0.0812099982935463,-0.174183467599893
"822",-0.16862243754902,1.02633050111198,-0.0732638952178866,-0.219058666046931
"823",-0.16862243754902,1.02437865069322,-0.191023025378695,-0.113409980915423
"824",-0.16862243754902,1.02033701035172,-0.0571064273647198,-0.194490284197224
"825",-0.16862243754902,1.00575061242922,0.00568085601152734,-0.107247481447051
"826",-0.16862243754902,1.01844112583428,-0.134791370875574,-0.138034825779899
"827",-0.16862243754902,1.00646989653014,-0.112411008972627,-0.0185854158724586
"828",-0.16862243754902,1.01126558190473,-0.0912939483538544,-0.119680792690681
"829",-0.16862243754902,1.01770931390597,-0.150971689053538,-0.113753227274136
"830",-0.16862243754902,1.01212387919846,-0.0757968599196546,-0.13656347560768
"831",-0.16862243754902,1.00848833373866,-0.0956424293027251,-0.0888889475922629
"832",-0.16862243754902,1.01918737815182,-0.0942375813304386,-0.172806799776398
"833",-0.16862243754902,1.03109537795505,-0.0269278386851589,-0.249865103493908
"834",-0.16862243754902,1.00662842697186,-0.0809480353421276,-0.0821474622985564
"835",-0.16862243754902,1.02595718081418,-0.205729413403898,-0.101309157161012
"836",-0.16862243754902,1.0038848760983,-0.0203277612197967,-0.0858581771451091
"837",-0.16862243754902,1.01982122929611,-0.165095411059892,-0.113043553420737
"838",-0.16862243754902,1.01214480061042,-0.14771676802806,-0.0511551937348095
"839",-0.16862243754902,1.02512193513745,-0.225551297841026,-0.00126251422886405
"840",-0.16862243754902,1.01868203893406,-0.147884460289023,-0.125870103089931
"841",-0.16862243754902,1.01827323782602,-0.191407657114803,-0.0156043478077626
"842",-0.16862243754902,1.01823871327301,-0.161945927128009,-0.102876595465307
"843",-0.16862243754902,1.02114252551584,-0.140589944018575,-0.151547105078651
"844",-0.16862243754902,1.01263367353051,-0.0788939239794599,-0.138573826991326
"845",-0.16862243754902,1.02978042213028,-0.211241031205715,-0.125797235812122
"846",-0.16862243754902,1.00407290580631,-0.0278514109772501,-0.0859459078776148
"847",-0.16862243754902,1.01030651732437,-0.111924238981621,-0.0905109036331632
"848",-0.16862243754902,1.02815630736757,-0.191122007299641,-0.143449540624831
"849",-0.16862243754902,1.01465432696901,0.0388403192819491,-0.167376321010491
"850",-0.16862243754902,1.01135368538503,-0.0699280612248194,-0.133963962300414
"851",-0.16862243754902,1.00806747540066,-0.118036880210247,-0.0476164873851382
"852",-0.16862243754902,1.02607306783079,-0.223055481540031,-0.0554273640237842
"853",-0.16862243754902,1.00988668333427,-0.111937195479613,-0.0856806713561538
"854",-0.16862243754902,1.04864873307319,-0.245387352917164,-0.198618257983305
"855",-0.16862243754902,1.02620620812232,-0.213976194394478,-0.085518242622576
"856",-0.16862243754902,1.01038004938702,-0.0253833757863851,-0.142209452685105
"857",-0.16862243754902,1.01385938465449,-0.167023426576873,0.00374524051234834
"858",-0.16862243754902,1.0264610184954,-0.176948265381828,-0.149370458488173
"859",-0.16862243754902,1.00642405924553,-0.0648350775602671,-0.0931976380924294
"860",-0.16862243754902,1.03200948016928,-0.18513240642533,-0.175412540174386
"861",-0.16862243754902,1.00254566594556,-0.06452853031754,0.0305594679483208
"862",-0.16862243754902,1.02101966953419,-0.128804427608863,-0.160905515766429
"863",-0.16862243754902,1.01128844635861,0.0885434242553795,-0.121919579065645
"864",-0.16862243754902,1.01736608675132,-0.153141240636246,-0.107617446950188
"865",-0.16862243754902,1.00622122185096,-0.0403373638631786,-0.104182745115504
"866",-0.16862243754902,1.02381045688046,-0.20440736408717,-0.0800342496979932
"867",-0.16862243754902,1.01597544279081,-0.137758733675763,-0.115015788698939
"868",-0.16862243754902,1.00552618605668,-0.0736579733134882,-0.0752157816754287
"869",-0.16862243754902,1.00791571983301,-0.0666606409481032,-0.107006809292158
"870",-0.16862243754902,1.01767585767233,-0.187384717186269,-0.0234759249897578
"871",-0.16862243754902,1.00145342233877,-0.0538311789433523,0.00334085132813201
"872",-0.16862243754902,1.00729014268258,-0.0164784319998564,-0.119841114916068
"873",-0.16862243754902,1.00067279067073,-0.0318017627605357,-0.0182943126156482
"874",-0.16862243754902,1.01897422509894,-0.110148914046932,-0.161789023577813
"875",-0.16862243754902,1.028345112625,0.0592027691577716,-0.232354691761898
"876",-0.16862243754902,1.01593570017352,-0.125398589782493,-0.12806459529327
"877",-0.16862243754902,1.01323904605705,-0.115698567033236,-0.115183358351162
"878",-0.16862243754902,1.00491076084293,-0.0576928878310237,-0.0807289783883931
"879",-0.16862243754902,1.00869714700262,-0.124773132261523,-0.0436073369615002
"880",-0.16862243754902,1.01088464575819,-0.0854835419458596,-0.120749041760427
"881",-0.16862243754902,1.01781858003425,-0.161593367635667,-0.0992080913993224
"882",-0.16862243754902,1.02040806073807,-0.186876604240144,-0.0794339046434812
"883",-0.16862243754902,1.00757562146019,-0.0275895583311611,-0.120197542537181
"884",-0.16862243754902,1.00482516720528,-0.0621706662520631,-0.0762130232106235
"885",-0.16862243754902,1.02741571932755,-0.156108926905545,-0.176672191534898
"886",-0.16862243754902,1.01926897568708,-0.10982132251373,-0.163855185818205
"887",-0.16862243754902,1.02037834552096,-0.110718202157942,-0.170039547514732
"888",-0.16862243754902,1.03784032362548,-0.260508482619599,-0.0961658350260963
"889",-0.16862243754902,1.05312023370667,-0.264281329643266,-0.198034354202459
"890",-0.16862243754902,1.02714751135007,-0.149321366616262,-0.180928548174371
"891",-0.16862243754902,1.01303502777003,-0.134881138101504,-0.0897053291252168
"892",-0.16862243754902,1.02524338691068,-0.207475508575802,-0.089877225954577
"893",-0.16862243754902,1.03936668535433,-0.236192702628923,-0.156512344079618
"894",-0.16862243754902,1.01855774707106,-0.108342550161805,-0.160380098338003
"895",-0.16862243754902,1.00098445344593,-0.0250786018315154,-0.0366188444742911
"896",-0.16862243754902,1.00636782282969,-0.096906252855297,-0.0581839581372345
"897",-0.16862243754902,1.02306408988582,-0.0947613229288023,-0.194114460282265
"898",-0.16862243754902,1.0316917723406,-0.22513520688058,-0.117055763369989
"899",-0.16862243754902,1.03535405706003,-0.219700835773853,-0.153914152146357
"900",-0.16862243754902,1.01711051095166,-0.0829661419799459,-0.166223977732761
"901",-0.16862243754902,1.02444129168005,-0.147874900463789,-0.166171519557083
"902",-0.16862243754902,1.02985913171875,-0.129545148559171,-0.209351106205056
"903",-0.16862243754902,1.02811895069451,-0.23582788619706,-0.0376003307034392
"904",-0.16862243754902,1.01599623883305,-0.0321219774048237,-0.176682019148822
"905",-0.16862243754902,1.00184059328277,-0.0567418337672204,-0.0215624360846647
"906",-0.16862243754902,1.02827478446593,-0.125310146298567,-0.204074495229284
"907",-0.16862243754902,1.00126559618725,-0.0250522556749008,-0.0436483515587891
"908",-0.16862243754902,1.00950021307619,-0.135969901262561,-0.0245533327986226
"909",-0.16862243754902,1.01743642785479,-0.123473354300614,-0.141177956861806
"910",-0.16862243754902,1.01325793261686,-0.145502995644642,-0.0743001767791887
"911",-0.16862243754902,1.01299541650197,-0.155524525610259,-0.0444053576463795
"912",-0.16862243754902,1.01047210671919,-0.0922237699018696,-0.112020778084258
"913",-0.16862243754902,1.02354523670551,-0.170126801005922,-0.136754243670989
"914",-0.16862243754902,1.0102757496686,-0.0701329045001095,-0.12545304330638
"915",-0.16862243754902,1.00445897655555,-0.0940799440301345,-0.00931663642660845
"916",-0.16862243754902,1.01451838867508,-0.156446195542776,-0.0690807416005057
"917",-0.16862243754902,1.00777580194502,-0.0392946867313215,-0.118608577179797
"918",-0.16862243754902,1.00058719188769,-0.00548839527263937,-0.0338320275335916
"919",-0.16862243754902,1.01288463141738,-0.117247644136489,-0.110400482362912
"920",-0.16862243754902,1.01938812807835,-0.0168683426416875,-0.197148712102337
"921",-0.16862243754902,1.03490889897845,-0.220635866791005,-0.149520043707077
"922",-0.16862243754902,1.01199908267958,-0.123455359636881,-0.0943446740480691
"923",-0.16862243754902,1.02387845976857,-0.0569973898133062,-0.212316739642761
"924",-0.16862243754902,1.02464932130988,-0.210883817585446,-0.0737173462720662
"925",-0.16862243754902,1.0019919038938,-0.0615796716153525,-0.0139899790016269
"926",-0.16862243754902,1.0068182037751,0.0236424925586524,-0.114559713680424
"927",-0.16862243754902,1.0132941483886,-0.0568468398520472,-0.153406218770334
"928",-0.16862243754902,1.01032315821059,-0.0668567027671373,-0.127605114755372
"929",-0.16862243754902,1.01811706549826,-0.131997327584612,-0.13834400807155
"930",-0.16862243754902,1.00957986898577,-0.0481773279921622,-0.130117089303671
"931",-0.16862243754902,1.0051045583712,-0.0995863995271043,-0.0178247661358826
"932",-0.16862243754902,1.01878969278916,-0.143296414415743,-0.13190366086283
"933",-0.16862243754902,1.01830977756943,-0.180084538319037,0.0672633789808654
"934",-0.16862243754902,1.03290757238066,-0.236400150752239,-0.104942945478105
"935",-0.16862243754902,1.00870577074,-0.095263298466618,-0.0917182418575049
"936",-0.16862243754902,1.00396062742786,-0.0890755929629608,0.00157485352833458
"937",-0.16862243754902,1.02025751119283,-0.199133441186074,-0.0356547577019521
"938",-0.16862243754902,1.03432768197081,-0.232949163987995,-0.124773557649088
"939",-0.16862243754902,1.03226242233604,-0.200999119975289,-0.158634997198721
"940",-0.16862243754902,1.00961561054667,0.0173380625426655,-0.137924155414435
"941",-0.16862243754902,1.02533782800823,-0.128221780746301,-0.186753410910949
"942",-0.16862243754902,1.02806805858914,-0.0904322845420547,-0.220784816062478
"943",-0.16862243754902,1.02877865200985,-0.230412810103274,-0.0727698548267559
"944",-0.16862243754902,1.01829769583968,-0.154136691588974,-0.11476967220663
"945",-0.16862243754902,1.03519723004744,-0.120978674982339,-0.238741419316805
"946",-0.16862243754902,1.00630959571967,-0.100662660462013,-0.0502596381422255
"947",-0.16862243754902,1.03444429287383,-0.244067756263106,-0.102498416631292
"948",-0.16862243754902,1.02249545133536,-0.208742326756402,-0.0438587394007182
"949",-0.16862243754902,1.01177701594127,-0.140615059540912,-0.062610981603228
"950",-0.16862243754902,1.04075270602744,-0.0742361563236255,-0.278666804979953
"951",-0.16862243754902,1.04139862848084,-0.205195362767149,-0.205927090254388
"952",-0.16862243754902,1.02754890066396,-0.231195537774216,-0.0490445365866829
"953",-0.16862243754902,1.02127843683389,-0.105677718055542,-0.178442891280234
"954",-0.16862243754902,1.00224979268565,-0.00308632896583459,-0.0670456673613879
"955",-0.16862243754902,1.00557991292865,-0.043704028194735,-0.096337527501766
"956",-0.16862243754902,1.03345932346773,-0.105306527659679,-0.238639285312875
"957",-0.16862243754902,1.00816752289273,-0.126470027233006,0.0201763829102968
"958",-0.16862243754902,1.0324181660158,0.0411251742251017,-0.253369275099386
"959",-0.16862243754902,1.02313256534475,-0.201650000198759,-0.078342349267607
"960",-0.16862243754902,1.01303452023949,-0.0222458562237635,-0.16044955929429
"961",-0.16862243754902,1.03102547861865,-0.186849832551247,-0.167632567350073
"962",-0.16862243754902,1.0215402008031,-0.20417193864185,0.0431068594086022
"963",-0.16862243754902,1.00984128196474,-0.107799464834476,-0.090325467845922
"964",-0.16862243754902,1.00846402415441,-0.126547916649512,-0.0313896926614666
"965",-0.16862243754902,1.03115440013044,-0.158172513436296,-0.195603816173447
"966",-0.16862243754902,1.01636298210943,-0.15095622905254,-0.101024394641154
"967",-0.16862243754902,1.02572365669653,-0.122599652142005,-0.192557381581604
"968",-0.16862243754902,1.01937212396566,0.0698655305711806,-0.185036036372014
"969",-0.16862243754902,1.01947034640404,-0.196996832465762,-0.0226281947056605
"970",-0.16862243754902,1.05139635088192,0.0124380594106588,-0.324468151481642
"971",-0.16862243754902,1.04158009400323,-0.291352179654257,0.00173194529040372
"972",-0.16862243754902,1.00588765890114,-0.0643943661626108,-0.0875405502389273
"973",-0.16862243754902,1.02521523721418,-0.0906082170386697,-0.20701795482807
"974",-0.16862243754902,1.01615720047523,-0.156906316982333,-0.0891956488215933
"975",-0.16862243754902,1.02709268133661,-0.140867422974019,-0.187285197492722
"976",-0.16862243754902,1.00927550054483,-0.049790208500906,-0.127114008423384
"977",-0.16862243754902,1.0061171309095,-0.110130650785884,0.0119549515699599
"978",-0.16862243754902,1.00842052845471,-0.108058045704871,-0.0723562089065513
"979",-0.16862243754902,1.03428644780427,-0.20419786755953,-0.167486378537812
"980",-0.16862243754902,1.03116414054969,-0.0282881572913251,-0.249998529820978
"981",-0.16862243754902,1.020358056401,-0.193484873779832,-0.060779658446212
"982",-0.16862243754902,1.00942943839479,-0.0036037967886021,-0.137603792632056
"983",-0.16862243754902,1.00517800431484,0.00187850322517604,-0.101878808316491
"984",-0.16862243754902,1.00814732659771,0.0375725047048278,-0.12226748961317
"985",-0.16862243754902,1.00939948778048,-0.08575264391284,-0.107395577159607
"986",-0.16862243754902,1.01654328939921,-0.0826782883608475,-0.162863623489981
"987",-0.16862243754902,1.02984641383722,-0.117451930464267,-0.216306911871974
"988",-0.16862243754902,1.00879520344815,-0.116743018796104,-0.0635517903947083
"989",-0.16862243754902,1.0521871053131,-0.148294081493531,-0.291730303501637
"990",-0.16862243754902,1.00734826462865,-0.117560052753774,-0.0304985286017829
"991",-0.16862243754902,1.01947560983912,-0.187505881664004,-0.0645915118127054
"992",-0.16862243754902,1.01728090654033,-0.176337622834551,-0.0613635525746323
"993",-0.16862243754902,1.00995626749323,-0.0884404925942514,-0.110408068176804
"994",-0.16862243754902,1.00437251388897,0.0158646460922489,-0.0922629918224158
"995",-0.16862243754902,1.02568592967283,-0.0969527275588625,-0.206474683551558
"996",-0.16862243754902,1.02871606751644,-0.20439981573003,-0.128364570252167
"997",-0.16862243754902,1.01995085855418,-0.159089604841277,-0.122434682573466
"998",-0.16862243754902,1.02435918645381,-0.0619276211494105,-0.213252696609166
"999",-0.16862243754902,1.01967827250034,-0.182918534446464,-0.0792754007573009
"1000",-0.16862243754902,1.01185661748044,-0.0982139790943923,-0.119196596635138
