"","t","","",""
"1",-0.16862243754902,1.03605480358722,-0.0467555391772565,-0.266877266908228
"2",-0.16862243754902,1.02430547977267,-0.132421845965579,-0.177949910377574
"3",-0.16862243754902,1.00463065525049,-0.0725821879289679,-0.0633607091538615
"4",-0.16862243754902,1.02240362593668,-0.111809336453609,-0.18112936429603
"5",-0.16862243754902,1.00716220138444,-0.01902732710238,-0.118379308668714
"6",-0.16862243754902,1.03180654764692,-0.19834432396318,-0.159010317019526
"7",-0.16862243754902,1.02559468702793,-0.227690930317134,0.00114118851558944
"8",-0.16862243754902,1.01393926170837,-0.154479703894241,-0.064875631160362
"9",-0.16862243754902,1.03209547370747,-0.210962926169429,-0.143929533555397
"10",-0.16862243754902,1.0033371304648,-0.0202479013109411,-0.0792175476888571
"11",-0.16862243754902,1.01684265805254,-0.0916869350877074,-0.159882760701664
"12",-0.16862243754902,1.00384200877181,-0.0809398660529793,-0.0338750152524438
"13",-0.16862243754902,1.01688316184038,-0.175836693216689,-0.0559716191753191
"14",-0.16862243754902,1.03098412231218,-0.205330486482694,-0.144109860108869
"15",-0.16862243754902,1.02018907804025,-0.172201748541444,-0.105509775622355
"16",-0.16862243754902,1.02974729016706,-0.178628054326507,-0.168734998781915
"17",-0.16862243754902,1.00469511086588,-0.0600208636743832,-0.0762217929570617
"18",-0.16862243754902,1.04292367463433,-0.210325387787774,-0.20845388546319
"19",-0.16862243754902,1.02207727936483,-0.209085859877327,-0.0304149337197466
"20",-0.16862243754902,1.0566742503668,-0.107660212352878,-0.323990354894056
"21",-0.16862243754902,1.01891779846636,-0.136550088186591,-0.139812565414457
"22",-0.16862243754902,1.00954226495893,-0.133735239421861,-0.0359231189511629
"23",-0.16862243754902,1.01710899001147,-0.167202192668731,-0.0809575464606301
"24",-0.16862243754902,1.01195943245892,-0.154460256183228,-0.0142801331360673
"25",-0.16862243754902,1.00426704808364,-0.0513371747091648,-0.0769207277625051
"26",-0.16862243754902,1.0174354927257,-0.068128265440935,-0.174738436830565
"27",-0.16862243754902,1.02199094199176,-0.0976358061090746,-0.186903009281903
"28",-0.16862243754902,1.00181053117939,0.00996804096051683,-0.0593715297203484
"29",-0.16862243754902,1.01528867399882,-0.0892420707650952,-0.151152057067829
"30",-0.16862243754902,1.01271301701846,-0.0690324139391312,-0.144298928146963
"31",-0.16862243754902,1.01729067007612,-0.176829675860827,-0.0600963656045357
"32",-0.16862243754902,1.00218479433835,0.00410410907894118,-0.0660115012075611
"33",-0.16862243754902,1.01418407104229,-0.135540331248113,-0.100985882979057
"34",-0.16862243754902,1.01886021370765,-0.194064455714127,-0.0203745455109704
"35",-0.16862243754902,1.02506759320787,-0.126387480746429,-0.186520174124785
"36",-0.16862243754902,1.02625842634454,-0.0858472294666104,-0.214094864104863
"37",-0.16862243754902,1.01071093977038,-0.0386402027275304,-0.141575204413398
"38",-0.16862243754902,1.01916128898634,-0.162346331532481,-0.11105584904111
"39",-0.16862243754902,1.03454497445132,-0.184707619487314,-0.190174655161523
"40",-0.16862243754902,1.00960702036915,-0.107740149992396,-0.0877405018123752
"41",-0.16862243754902,1.024445523185,-0.208282946549882,-0.0781462996583724
"42",-0.16862243754902,1.00193551565659,-0.0378109136389324,-0.0494480772511237
"43",-0.16862243754902,1.01220578858343,-0.1464417105525,-0.0558156237289529
"44",-0.16862243754902,1.02232452252211,-0.184406714423237,0.105553744726071
"45",-0.16862243754902,1.01000792606178,-0.0969621261608932,-0.103510177267652
"46",-0.16862243754902,1.01827607550702,0.0265238022247511,-0.190217385812992
"47",-0.16862243754902,1.00422057637189,-0.0908153074191774,-0.0145446191785939
"48",-0.16862243754902,1.04729457984699,-0.194066245974077,-0.243236981461296
"49",-0.16862243754902,1.02933597341854,-0.116808345422006,-0.214215677795227
"50",-0.16862243754902,1.03217018494349,-0.179595134487915,-0.181991423848898
"51",-0.16862243754902,1.01492618087509,-0.11190661149821,-0.132484198788729
"52",-0.16862243754902,1.00463766468774,-0.0929461086493498,-0.0256487464836653
"53",-0.16862243754902,1.01957796151255,-0.143741761692068,-0.137395507742235
"54",-0.16862243754902,1.02898983069386,-0.121562796947478,-0.209863188934303
"55",-0.16862243754902,1.01022196522326,-0.122478959266629,-0.0744803568500985
"56",-0.16862243754902,1.00893510420331,-0.126991054738984,-0.0427003104206753
"57",-0.16862243754902,1.00955918524979,-0.0509267299616439,-0.128903904896749
"58",-0.16862243754902,1.03036794879579,-0.0295668168273759,-0.246543937764324
"59",-0.16862243754902,1.01050708032453,-0.110991595791876,-0.0938372263527321
"60",-0.16862243754902,1.02407966422313,-0.18351068341443,-0.122731364158152
"61",-0.16862243754902,1.0159546920946,-0.15471281579678,-0.0907076679077828
"62",-0.16862243754902,1.01977661352062,-0.0759300938072121,-0.184875532015471
"63",-0.16862243754902,1.01659417907638,-0.104414580094969,-0.150204262241696
"64",-0.16862243754902,1.05904421370026,-0.164908268235527,-0.307213133898219
"65",-0.16862243754902,1.02370336302991,-0.140617638923442,-0.167914427915941
"66",-0.16862243754902,1.01523568779739,-0.136632529536526,-0.109704392117615
"67",-0.16862243754902,1.01772171769686,-0.145042157957694,-0.12132710779883
"68",-0.16862243754902,1.02301352562147,-0.11069612199115,-0.185210804708035
"69",-0.16862243754902,1.0365318341083,-0.207563659205613,-0.176962059484761
"70",-0.16862243754902,1.00633334871214,0.0112969304459668,-0.112156979687826
"71",-0.16862243754902,1.00674824920821,0.0582070936398394,-0.100766916861584
"72",-0.16862243754902,1.01871906794865,-0.13080670700455,-0.143798973587382
"73",-0.16862243754902,1.0008235243716,-0.0384935129754358,-0.0128831826194945
"74",-0.16862243754902,1.01075886192595,-0.14305138817149,0.034202007310326
"75",-0.16862243754902,1.03229988059774,-0.164004811439711,-0.19683867838086
"76",-0.16862243754902,1.01672954012505,-0.181378125645633,-0.0289988499800007
"77",-0.16862243754902,1.03020215464085,-0.172150388757362,-0.177990794923064
"78",-0.16862243754902,1.00369097236904,-0.0452031125844361,-0.0731590502110636
"79",-0.16862243754902,1.01730758462736,-0.113629348155012,-0.148334395802941
"80",-0.16862243754902,1.01097254211023,-0.0899727739700051,-0.118196365616577
"81",-0.16862243754902,1.00657746041835,-0.0501972101075307,0.103336459779051
"82",-0.16862243754902,1.00213152482139,-0.0171332189976768,-0.0630400336899615
"83",-0.16862243754902,1.03222860136008,-0.219323509210913,-0.131882841087078
"84",-0.16862243754902,1.01054415200769,-0.108291411790459,-0.0973265292167484
"85",-0.16862243754902,1.0507566506139,-0.310494362356096,-0.0876515245413759
"86",-0.16862243754902,1.01785375962563,-0.102636372137372,-0.159662303310782
"87",-0.16862243754902,1.0261839519749,-0.12604154348019,-0.192787532293854
"88",-0.16862243754902,1.03301442451822,-0.201964908828707,-0.162262062308259
"89",-0.16862243754902,1.01867922094723,-0.156588637858661,-0.114836203713063
"90",-0.16862243754902,1.01526775848111,-0.143213491212661,-0.101284339095118
"91",-0.16862243754902,1.00003691470957,-0.00714893151248675,-0.00476692354222098
"92",-0.16862243754902,1.02041334856219,-0.138268753343276,-0.148745264707167
"93",-0.16862243754902,1.01221796742052,-0.103330703382434,-0.117932096171583
"94",-0.16862243754902,1.03209712657535,-0.199316053099967,-0.159679646986544
"95",-0.16862243754902,1.00155782122646,-0.0532502777677127,-0.0168070573733399
"96",-0.16862243754902,1.04379679982143,-0.188161822607826,-0.232608873068858
"97",-0.16862243754902,1.00962741281606,-0.125088214908789,-0.0608313340358387
"98",-0.16862243754902,1.03296259542728,-0.201105678893452,-0.162997636389847
"99",-0.16862243754902,1.02828878759549,-0.0904101348250179,-0.221819381965429
"100",-0.16862243754902,1.03173755423231,-0.0979030207978425,-0.234301897841065
"101",-0.16862243754902,1.02771643662869,-0.167143244052129,-0.168119630277072
"102",-0.16862243754902,1.01133726897418,-0.145843754073786,0.0391493424442128
"103",-0.16862243754902,1.01987676530262,-0.174499418831809,-0.0984813141234755
"104",-0.16862243754902,1.03419880997312,-0.162828207985171,-0.207494947490675
"105",-0.16862243754902,1.00865055134295,-0.10699006103591,-0.0770003997649309
"106",-0.16862243754902,1.00848669626359,-0.107927365737915,-0.0734649594400145
"107",-0.16862243754902,1.01681323103411,-0.13755978802898,-0.122419163219887
"108",-0.16862243754902,1.03076371638658,-0.199012857619203,-0.151220770799881
"109",-0.16862243754902,1.02284677544589,-0.107585835848088,-0.186120428660899
"110",-0.16862243754902,1.02050745148246,-0.187443496943659,-0.0793750211638331
"111",-0.16862243754902,1.03349192445889,-0.145883716303051,-0.216387382347851
"112",-0.16862243754902,1.02601461647442,-0.128175501800286,-0.190465309065428
"113",-0.16862243754902,1.04405966756798,-0.174306053409041,-0.244290788174936
"114",-0.16862243754902,1.00714016590845,-0.0414843195588576,-0.112295881566711
"115",-0.16862243754902,1.01643975539541,-0.142056308748915,-0.113884948491527
"116",-0.16862243754902,1.01809291650796,-0.165459581943597,-0.0955840645020598
"117",-0.16862243754902,1.00901002530407,-0.0460885071243212,-0.126400477353405
"118",-0.16862243754902,1.00127717764278,0.0126176869963878,-0.0489569243637078
"119",-0.16862243754902,1.00635718424179,-0.0795778133644023,-0.0801383422288988
"120",-0.16862243754902,1.0143091422307,-0.158238171732164,-0.0615119258326086
"121",-0.16862243754902,1.03476542307271,-0.182993683664712,-0.193009824945961
"122",-0.16862243754902,1.01645721169366,-0.0961936969174588,-0.154699825072288
"123",-0.16862243754902,1.0266831390351,-0.208300520607021,-0.103388399222569
"124",-0.16862243754902,1.00511586679057,-0.0914805662847951,-0.0434650625947912
"125",-0.16862243754902,1.03524385880186,-0.0453011153948294,-0.263965255537445
"126",-0.16862243754902,1.02034378926019,-0.14897687438245,-0.137503960601457
"127",-0.16862243754902,1.02474174966524,-0.141793176537114,-0.173177217307828
"128",-0.16862243754902,1.00046247670824,-0.00284822288435121,0.0302829147802453
"129",-0.16862243754902,1.01537973564873,-0.131706632849074,-0.116830520112015
"130",-0.16862243754902,1.01146786427485,-0.0672552264827698,-0.136176264346875
"131",-0.16862243754902,1.02053354944548,-0.154383107391511,-0.132870544877046
"132",-0.16862243754902,1.00444909352058,-0.0092192027424084,-0.0939839761613801
"133",-0.16862243754902,1.01435608094407,-0.146439743569944,-0.0864503351721184
"134",-0.16862243754902,1.00411688969926,-0.0739526491664281,-0.0527421450131133
"135",-0.16862243754902,1.01568739112342,-0.101302558333515,-0.146146050792299
"136",-0.16862243754902,1.00610117188751,-0.101543334999308,-0.0439149085235295
"137",-0.16862243754902,1.00876912768268,-0.10336309427729,-0.0832539711191165
"138",-0.16862243754902,1.02122063047485,-0.199832109779368,-0.0543939703328858
"139",-0.16862243754902,1.00773887248491,-0.114044441154689,-0.050314019506164
"140",-0.16862243754902,1.00593516217105,-0.0747996131120926,-0.0794390859109552
"141",-0.16862243754902,1.01386091039224,-0.023330807386751,-0.16543765909869
"142",-0.16862243754902,1.01678279866136,-0.139187123113957,-0.120308787762518
"143",-0.16862243754902,1.03023575939826,0.0206119775652574,-0.246902544182447
"144",-0.16862243754902,1.03187683372268,-0.0489878539805256,-0.24973984491051
"145",-0.16862243754902,1.01170905075758,-0.0194314629962143,-0.152241983797585
"146",-0.16862243754902,1.02455582726771,-0.179559060555365,-0.13218618294166
"147",-0.16862243754902,1.03399580300158,-0.261026458370042,-0.0318199411639177
"148",-0.16862243754902,1.0119211841738,-0.154803770025179,-0.00450286194598225
"149",-0.16862243754902,1.03113378058487,-0.228186980438454,-0.105676749673812
"150",-0.16862243754902,1.04078360863311,-0.206435201774456,-0.201531703381128
"151",-0.16862243754902,1.00926257671266,-0.111594835636683,-0.0784700032617247
"152",-0.16862243754902,1.01865366270924,-0.0412769225027974,-0.189608808391531
"153",-0.16862243754902,1.03114721732371,-0.168688233882654,-0.186571336340746
"154",-0.16862243754902,1.02502399751189,-0.195173804459911,-0.11216675767757
"155",-0.16862243754902,1.04590464043115,-0.305028791240198,-0.0295627026836839
"156",-0.16862243754902,1.05150627112778,-0.175247195098722,-0.273777023928358
"157",-0.16862243754902,1.01769690987888,-0.0511356755134481,-0.181912459899837
"158",-0.16862243754902,1.03157829401717,-0.210816235640086,-0.140393345561411
"159",-0.16862243754902,1.01673737878148,0.0457254778028493,-0.177944030782547
"160",-0.16862243754902,1.01264076927149,-0.14411697650164,-0.0683492843764778
"161",-0.16862243754902,1.01543309707607,-0.094543725746203,-0.148882029001239
"162",-0.16862243754902,1.00709570421636,-0.117122662903616,-0.0228919043641087
"163",-0.16862243754902,1.0124807075024,-0.158483162984775,0.000519725802986771
"164",-0.16862243754902,1.03359513937937,-0.142161216806151,-0.219337868560924
"165",-0.16862243754902,1.03918612166733,-0.276319337574816,-0.0596273355786518
"166",-0.16862243754902,1.01531607168492,-0.158580310046022,-0.0756241409035181
"167",-0.16862243754902,1.04018216466831,-0.194523117676252,-0.210094484419654
"168",-0.16862243754902,1.0131041672798,-0.116620732592189,-0.113047151619839
"169",-0.16862243754902,1.02807373102287,-0.159834357360651,-0.177168209976822
"170",-0.16862243754902,1.01879106548921,-0.072256204992806,-0.180870882014453
"171",-0.16862243754902,1.02155623030437,-0.0299182981522547,-0.206596290163545
"172",-0.16862243754902,1.00864213048299,-0.0377126421288959,-0.126240659095744
"173",-0.16862243754902,1.03829901289408,-0.22600868571603,-0.164270856081438
"174",-0.16862243754902,1.02093787529496,0.00843939848252844,-0.205530829232603
"175",-0.16862243754902,1.00302127732416,-0.0750796937838995,-0.0203647329054551
"176",-0.16862243754902,1.02063000136847,-0.133966499901327,-0.154073283205051
"177",-0.16862243754902,1.04657231193234,-0.293254808404734,-0.0965153948906714
"178",-0.16862243754902,1.01550173873596,-0.167190526240977,-0.0573681907595538
"179",-0.16862243754902,1.01518757165857,-0.114875454017788,-0.131944820717725
"180",-0.16862243754902,1.04480492136752,-0.114586275602993,-0.280155865826894
"181",-0.16862243754902,1.01183650946583,-0.0289524673749083,-0.151574656591712
"182",-0.16862243754902,1.00837736298529,-0.0758443048584176,-0.105226173558287
"183",-0.16862243754902,1.02878938040231,-0.195009517039045,-0.142754605854806
"184",-0.16862243754902,1.05078968781552,-0.247892079777493,-0.206660312597806
"185",-0.16862243754902,1.00145987748543,-0.00233717098414678,-0.0540039243475161
"186",-0.16862243754902,1.01310133250529,-0.103902350907759,-0.124814307672793
"187",-0.16862243754902,1.02449064516772,-0.151757084368394,-0.162944375110567
"188",-0.16862243754902,1.01990687319371,-0.125828000282499,-0.15613245765274
"189",-0.16862243754902,1.02228266003646,-0.187548118327572,-0.0994361117653142
"190",-0.16862243754902,1.03655335726456,-0.158254939756603,-0.222257140490634
"191",-0.16862243754902,1.01729077418226,-0.14317459293239,-0.119923121936467
"192",-0.16862243754902,1.0159773274419,-0.034225993305634,-0.176177499296124
"193",-0.16862243754902,1.01376468362575,-0.0776986685732267,-0.147247243331613
"194",-0.16862243754902,1.00789374238107,-0.118243411219806,-0.0432237392414875
"195",-0.16862243754902,1.03487574356139,-0.215571350355264,-0.156514528136364
"196",-0.16862243754902,1.02239546730859,-0.16648468342225,-0.132572024797601
"197",-0.16862243754902,1.02457595438762,-0.20695384580863,-0.0832225451084216
"198",-0.16862243754902,1.01863275027743,-0.168173517497978,-0.0965937262461721
"199",-0.16862243754902,1.00907999747723,-0.111977088625577,-0.0755220029632645
"200",-0.16862243754902,1.0156635547627,-0.132639659543736,-0.118233570483689
"201",-0.16862243754902,1.01291847807831,-0.135208210716413,-0.0878782281759967
"202",-0.16862243754902,1.01105281475953,-0.0566268275465142,-0.137917354365531
"203",-0.16862243754902,1.01846026198588,-0.153558379441092,-0.116966359897953
"204",-0.16862243754902,1.00011898199305,0.0140488155501073,0.00637251319810082
"205",-0.16862243754902,1.02415140764578,-0.0558576090770883,-0.21392997286734
"206",-0.16862243754902,1.00970261920837,-0.0881446329681512,-0.108304676330956
"207",-0.16862243754902,1.00342979617216,-0.0668302456500187,-0.0490415549555711
"208",-0.16862243754902,1.00823956103594,-0.0872211148722387,-0.0945488739139127
"209",-0.16862243754902,1.02048151813799,-0.188074013679509,-0.0775286672121182
"210",-0.16862243754902,1.05853818173029,-0.152670304512682,-0.311760902457128
"211",-0.16862243754902,1.00444370957717,-0.0860548577296115,-0.0387521247196106
"212",-0.16862243754902,1.00113775328654,-0.0466862674976149,-0.00985867550721155
"213",-0.16862243754902,1.03388413136763,-0.221824869737898,-0.140392750024915
"214",-0.16862243754902,1.02299579394611,-0.164284282026567,-0.13975360142207
"215",-0.16862243754902,1.00795801456445,-0.0732490430055559,-0.103023962375187
"216",-0.16862243754902,1.02748918235544,-0.208131557789031,-0.111423850722222
"217",-0.16862243754902,1.04554109110714,-0.141749636989847,-0.270302078435893
"218",-0.16862243754902,1.02327838117852,-0.12744032244931,-0.175663341654853
"219",-0.16862243754902,1.00916163583459,-0.0387453759350214,-0.130023086734649
"220",-0.16862243754902,1.00161688335922,-0.0099421741552085,-0.0560136965688913
"221",-0.16862243754902,1.02121241242184,-0.0528290015758715,-0.200209609851609
"222",-0.16862243754902,1.01873922272563,-0.105584741368348,-0.163344624367652
"223",-0.16862243754902,1.02787805099135,-0.124028868391309,-0.202854942053046
"224",-0.16862243754902,1.00439004277102,-0.0765128950808306,-0.0542690971357015
"225",-0.16862243754902,1.01801368932856,-0.0297184067559015,-0.188331324957494
"226",-0.16862243754902,1.01337901042466,-0.0317184989223233,-0.161030915029917
"227",-0.16862243754902,1.02806869429432,-0.226323116450175,-0.07551878672424
"228",-0.16862243754902,1.03037550556985,-0.200969152721286,-0.1458940784707
"229",-0.16862243754902,1.02382155752178,-0.219436194245259,-0.00763795139309652
"230",-0.16862243754902,1.05464679679951,-0.332340067678752,-0.0427778612689967
"231",-0.16862243754902,1.01856207219329,-0.128590289270028,-0.144683214009558
"232",-0.16862243754902,1.02236097916643,-0.21122197867825,0.024642391226974
"233",-0.16862243754902,1.01365624987055,-0.104609217382436,-0.128669749903646
"234",-0.16862243754902,1.02260775643914,-0.0817917109109133,-0.197577173670835
"235",-0.16862243754902,1.03915571746444,-0.272813300394413,-0.0736037245452484
"236",-0.16862243754902,1.0224625040996,-0.202491681161195,-0.0665333852297373
"237",-0.16862243754902,1.01997001567562,-0.114449568207603,-0.165045839736753
"238",-0.16862243754902,1.00566151006836,-0.0855365998802091,-0.063549688543006
"239",-0.16862243754902,1.00595822791945,0.0126902423639459,-0.108585975464553
"240",-0.16862243754902,1.04139873474135,-0.101676449167697,-0.272347616853063
"241",-0.16862243754902,1.03546809338976,-0.215716168262268,-0.160189597597587
"242",-0.16862243754902,1.0149156173797,-0.167689136689231,-0.0439779926512383
"243",-0.16862243754902,1.00561563563384,-0.101443333163288,-0.0311778252604086
"244",-0.16862243754902,1.02364192645166,-0.192967943779973,-0.102986243076437
"245",-0.16862243754902,1.01334116898264,-0.0387170906714539,-0.159252352086359
"246",-0.16862243754902,1.0119130669473,-0.0956181345107259,-0.12175889048187
"247",-0.16862243754902,1.01166339303381,-0.100546190354443,-0.115556412240497
"248",-0.16862243754902,1.00119758242613,-0.0209489445439752,-0.0442463645786595
"249",-0.16862243754902,1.02097609061448,-0.196656308655266,-0.0609792905215019
"250",-0.16862243754902,1.01103841822883,-0.108572784551205,-0.1020325124137
"251",-0.16862243754902,1.01150104520728,0.0150808125038272,-0.15135036686324
"252",-0.16862243754902,1.01816253425462,-0.183779103640466,-0.0536673757966099
"253",-0.16862243754902,1.0414910323864,-0.125566131785979,-0.262558026138232
"254",-0.16862243754902,1.01467321438736,-0.0794893299735327,-0.152457136322088
"255",-0.16862243754902,1.03019504060744,-0.220088776524948,-0.113414073817693
"256",-0.16862243754902,1.00485445796065,0.0404881802931799,-0.0899621528196066
"257",-0.16862243754902,1.02713454697745,-0.16048987926858,-0.171021566613489
"258",-0.16862243754902,1.01792849634426,-0.123430516589903,-0.144718109592542
"259",-0.16862243754902,1.00784041123281,-0.104074334123292,-0.0700772965424936
"260",-0.16862243754902,1.02100536053184,-0.159235664618534,-0.130751479334819
"261",-0.16862243754902,1.01097466170827,-0.0137276364986837,-0.147923353843478
"262",-0.16862243754902,1.00978506899833,-0.080943351672332,-0.114516633691449
"263",-0.16862243754902,1.02732540266576,-0.15411142707823,-0.177896461477669
"264",-0.16862243754902,1.02634104723987,-0.202008605343289,-0.112109181678837
"265",-0.16862243754902,1.01042505078814,-0.14432951779116,-0.011303696491855
"266",-0.16862243754902,1.00263333272982,-0.0608253137136092,-0.0396721705047351
"267",-0.16862243754902,1.02612566025342,-0.161421561545813,-0.16394191074474
"268",-0.16862243754902,1.01789735411571,-0.135144176989637,-0.133607914965961
"269",-0.16862243754902,1.00478084289748,0.000921876801762259,-0.0978963349514533
"270",-0.16862243754902,1.00350266641945,-0.0816170055353364,0.0188750077720623
"271",-0.16862243754902,1.02055643480263,-0.0312645460381965,-0.201390081131344
"272",-0.16862243754902,1.019685357637,-0.155239562690427,-0.125135553520917
"273",-0.16862243754902,1.01236537444129,-0.0225769701497447,-0.156121528901424
"274",-0.16862243754902,1.00019837412557,-0.0196866723896312,-0.00303686247070076
"275",-0.16862243754902,1.00236867250272,-0.0660328326523751,0.019560690856127
"276",-0.16862243754902,1.01463574984705,-0.114392126241308,-0.128063056037534
"277",-0.16862243754902,1.04219882881204,-0.27923821191463,-0.0905782522679481
"278",-0.16862243754902,1.0243668659744,-0.144245795659997,-0.168880509652908
"279",-0.16862243754902,1.01787909371271,-0.149885026029781,-0.11667188345722
"280",-0.16862243754902,1.03237113018794,-0.23323524549046,-0.106730832970299
"281",-0.16862243754902,1.02562184724522,-0.0673139773092991,-0.217644209676007
"282",-0.16862243754902,1.02116159188009,-0.179838098066302,-0.102123725034713
"283",-0.16862243754902,1.0090651992661,-0.132959207139812,-0.0231176470839048
"284",-0.16862243754902,1.03052552267216,-0.122996232207415,-0.216459649222432
"285",-0.16862243754902,1.02297014540302,-0.200502731438358,-0.0791616894187186
"286",-0.16862243754902,1.01441551463602,-0.114180228537313,-0.1264978724937
"287",-0.16862243754902,1.02344151383487,-0.216477372183422,-0.0238763391911831
"288",-0.16862243754902,1.00678997710273,-0.00527532628835503,-0.116611444237102
"289",-0.16862243754902,1.05016265983698,-0.220528154587794,-0.232828145098458
"290",-0.16862243754902,1.01348912495299,0.0206460887247625,-0.163505184683357
"291",-0.16862243754902,1.02845242416026,-0.200480631895197,-0.132370332763849
"292",-0.16862243754902,1.00810217101449,-0.0224763809671857,-0.125557952765844
"293",-0.16862243754902,1.00629659257257,-0.0803005090994427,-0.078642612250166
"294",-0.16862243754902,1.00843955370001,-0.0943038372183436,-0.08976146028538
"295",-0.16862243754902,1.00595233277608,0.0162784830138973,-0.108051408174063
"296",-0.16862243754902,1.0229593743099,-0.185373442666396,-0.109920736180702
"297",-0.16862243754902,1.01006631594228,-0.0826653002107304,-0.115760143150749
"298",-0.16862243754902,1.02491998261197,-0.160852707861833,-0.156803626013037
"299",-0.16862243754902,1.03130878751914,-0.173112211972122,-0.183384779303817
"300",-0.16862243754902,1.03047752480008,-0.0194247033799145,-0.248005262074624
"301",-0.16862243754902,1.02414641866443,-0.123071895980567,-0.183655098712037
"302",-0.16862243754902,1.02114943914929,-0.202191929359579,-0.0431810233409343
"303",-0.16862243754902,1.00873340249619,-0.104076049191931,-0.0819222393257349
"304",-0.16862243754902,1.01115198047682,-0.0979427328341265,-0.113294080636068
"305",-0.16862243754902,1.00511730741585,-0.00655547446641459,-0.101083269740359
"306",-0.16862243754902,1.00533915425403,-0.0551329056964631,-0.0875624222236291
"307",-0.16862243754902,1.0246080536047,-0.137600043957594,-0.175749513269564
"308",-0.16862243754902,1.03001083134411,-0.158255356247902,-0.189413713613945
"309",-0.16862243754902,1.01010387091448,-0.0914470515711898,-0.109303553443347
"310",-0.16862243754902,1.04875951246165,-0.285903430381422,-0.134743250201756
"311",-0.16862243754902,1.00143461253042,-0.0397682095716578,0.035913405316499
"312",-0.16862243754902,1.01033607231359,-0.106548799422681,-0.0970893009534843
"313",-0.16862243754902,1.01311908657146,-0.155525292472798,-0.0471398661075095
"314",-0.16862243754902,1.0129963574203,-0.1467225256026,-0.0680743757047037
"315",-0.16862243754902,1.02247912287815,-0.103245490262264,-0.186558102108125
"316",-0.16862243754902,1.01028937276876,-0.143814794001988,-0.00138627401821269
"317",-0.16862243754902,1.02209423066112,-0.169633970447149,-0.126098899365055
"318",-0.16862243754902,1.05762056393941,0.0250548084315657,-0.343414492766341
"319",-0.16862243754902,1.02006317744508,-0.133348581613787,-0.150821224504166
"320",-0.16862243754902,1.05686437554293,-0.196668576424847,-0.279792386134378
"321",-0.16862243754902,1.02004111905614,-0.188794794249673,-0.0695730567787165
"322",-0.16862243754902,1.02326419187981,-0.191720153411243,-0.101552888483859
"323",-0.16862243754902,1.01969838356624,-0.0950984595370007,-0.175331333312914
"324",-0.16862243754902,1.02941602498066,-0.10014916216084,-0.222862060040422
"325",-0.16862243754902,1.02860324308865,-0.196144039189005,-0.13982899407169
"326",-0.16862243754902,1.02108431749833,-0.190954145499669,-0.0784200086555064
"327",-0.16862243754902,1.00098634309689,-0.0323463098394944,-0.0304528374088155
"328",-0.16862243754902,1.01276324631097,-0.0990217494965759,-0.126032084030137
"329",-0.16862243754902,1.02289794859136,-0.204650192270329,-0.066622158747107
"330",-0.16862243754902,1.03535361671931,-0.198670353776878,-0.180242065522817
"331",-0.16862243754902,1.01967603491127,-0.157556174221081,-0.122128080870832
"332",-0.16862243754902,1.04380313354999,-0.167861180231101,-0.247684488372193
"333",-0.16862243754902,1.01952196718441,-0.147031494061389,-0.133442052313533
"334",-0.16862243754902,1.0256399729004,-0.0773892088452258,-0.214355462644271
"335",-0.16862243754902,1.01444305966545,-0.140097290829076,-0.0973009270549203
"336",-0.16862243754902,1.00874890308054,-0.0507535848665271,-0.122468049259364
"337",-0.16862243754902,1.01429780888224,-0.146891844255788,-0.0849872413627724
"338",-0.16862243754902,1.00822397058593,0.0332516490375133,-0.124136629164545
"339",-0.16862243754902,1.04445489187243,-0.240203355208112,-0.182176752915979
"340",-0.16862243754902,1.01639265866264,-0.173112313597455,-0.0555532489081212
"341",-0.16862243754902,1.02100205658768,-0.180255506951493,-0.0997654838605618
"342",-0.16862243754902,1.02886321112435,-0.192287022971839,-0.146919052548492
"343",-0.16862243754902,1.01629189966394,-0.0985273860104679,-0.152123566643967
"344",-0.16862243754902,1.0201603607273,-0.165845476841441,-0.114988866463219
"345",-0.16862243754902,1.0132362817384,-0.139460378239006,-0.0848443606404201
"346",-0.16862243754902,1.01696994264737,-0.152671376749579,-0.104495526074483
"347",-0.16862243754902,1.01589918223025,-0.151848447845899,-0.094832469876479
"348",-0.16862243754902,1.00905601315084,-0.0842200284439091,-0.105361399405884
"349",-0.16862243754902,1.00194311362612,-0.0582872033296048,-0.0221947036659654
"350",-0.16862243754902,1.03823904516548,-0.231848890541501,-0.155519795720012
"351",-0.16862243754902,1.01293596852112,-0.0325046144973081,-0.158059249524335
"352",-0.16862243754902,1.02171927834655,-0.159950073883267,-0.135374508714674
"353",-0.16862243754902,1.03931460538511,-0.17159519365386,-0.225233075905174
"354",-0.16862243754902,1.01334343307525,-0.107188819231685,-0.123997864451174
"355",-0.16862243754902,1.00906392028282,-0.0678942989717906,-0.116620578731461
"356",-0.16862243754902,1.01529086087512,-0.167627528595479,-0.0521204742257712
"357",-0.16862243754902,1.02071846716527,-0.130841253175056,-0.157311015761136
"358",-0.16862243754902,1.02435594829572,-0.178505474262956,-0.132064016548691
"359",-0.16862243754902,1.01369643845743,-0.0917812246010234,-0.138407644846708
"360",-0.16862243754902,1.00255350803552,-0.0308386734866587,-0.0645175378630427
"361",-0.16862243754902,1.02270889509471,-0.162614176803181,-0.139606996989654
"362",-0.16862243754902,1.01175246221797,-0.14754346496707,0.0432893837983585
"363",-0.16862243754902,1.01893080690679,-0.174864284049681,-0.0874212298444146
"364",-0.16862243754902,1.03718020866851,-0.178683923393192,-0.20931994834339
"365",-0.16862243754902,1.00687050257644,-0.10297562900327,-0.0564289711931959
"366",-0.16862243754902,1.0178136151468,-0.141645932826065,-0.126019779765053
"367",-0.16862243754902,1.04127876071289,-0.174112816427369,-0.232263179749847
"368",-0.16862243754902,1.02066358681082,-0.202175231273074,-0.0296535546134161
"369",-0.16862243754902,1.01196430861685,0.0576869451727991,-0.144027699665761
"370",-0.16862243754902,1.00007934865937,-0.0118720542503842,-0.0042140174222412
"371",-0.16862243754902,1.00713006225094,-0.0431250848944411,-0.111584897465712
"372",-0.16862243754902,1.03107423456143,-0.0950376202204039,-0.232555214775504
"373",-0.16862243754902,1.00994203566698,-0.0411856967510974,-0.135228154576954
"374",-0.16862243754902,1.00475021682592,-0.0370524691447881,-0.090277974844401
"375",-0.16862243754902,1.02442971811558,-0.172013507322875,-0.140952476589955
"376",-0.16862243754902,1.00635998906323,-0.105223763255739,-0.041089989457853
"377",-0.16862243754902,1.01950456916898,-0.170726446707485,-0.101202998725632
"378",-0.16862243754902,1.01893217398475,-0.178456482444266,-0.0798502288969785
"379",-0.16862243754902,1.01726052351083,-0.153193334305406,-0.106540016040531
"380",-0.16862243754902,1.01532124190697,-0.0801068631883277,-0.156397297731275
"381",-0.16862243754902,1.0475254607429,-0.161655891565407,-0.266790111561172
"382",-0.16862243754902,1.03275327095871,-0.243088935055854,-0.0865279627017514
"383",-0.16862243754902,1.00719072622343,-0.072229383675774,-0.0960003912716196
"384",-0.16862243754902,1.01746865334258,-0.0632506730962088,-0.176753537129097
"385",-0.16862243754902,1.01851750337342,-0.176928211255149,-0.0779378774414851
"386",-0.16862243754902,1.01707027884052,-0.156458795917619,-0.0997627048587739
"387",-0.16862243754902,1.02435255823507,-0.159304554373794,-0.154661638807137
"388",-0.16862243754902,1.01903685706937,-0.160031004916805,-0.113252785975169
"389",-0.16862243754902,1.01010997551415,-0.129091651910966,-0.0604773349287978
"390",-0.16862243754902,1.00974375727741,-0.119884378129422,-0.0721816544643687
"391",-0.16862243754902,1.01510521046902,-0.161799977265073,-0.065263739383884
"392",-0.16862243754902,1.00573745756415,-0.0698035357125352,-0.0814573504947887
"393",-0.16862243754902,1.01360448583425,-0.021948236660347,-0.164049774796616
"394",-0.16862243754902,1.01518568427786,-0.165946609669957,-0.0553506666785258
"395",-0.16862243754902,1.00655740543221,-0.0417484849102364,-0.106840415752279
"396",-0.16862243754902,1.04143651144089,-0.263534629759781,-0.123042701041344
"397",-0.16862243754902,1.01414143720218,-0.109615056912003,-0.12832534414015
"398",-0.16862243754902,1.01169315349322,0.0324577911398851,-0.149898394318896
"399",-0.16862243754902,1.03408938240502,-0.16745851404348,-0.203220316103347
"400",-0.16862243754902,1.01980770931443,-0.0633652563295053,-0.18971717968451
"401",-0.16862243754902,1.02539731866023,-0.188016102990228,-0.126844811214187
"402",-0.16862243754902,1.02729803981972,-0.146228057257635,-0.184278641974869
"403",-0.16862243754902,1.01578674672782,-0.164147604697726,-0.0698446755300476
"404",-0.16862243754902,1.01020214148417,-0.00970008305176411,-0.142878532495262
"405",-0.16862243754902,1.00883801891668,0.0479248681419728,-0.124327613285634
"406",-0.16862243754902,1.0256559463102,-0.116599386798659,-0.195894622692039
"407",-0.16862243754902,1.04117850573972,-0.269460662429443,-0.106974913963391
"408",-0.16862243754902,1.00090174456193,0.00537936437428839,-0.0421350769079738
"409",-0.16862243754902,1.01439690080294,-0.117731399981691,-0.123046291358037
"410",-0.16862243754902,1.01295222204079,-0.0968822402584933,-0.129174438879635
"411",-0.16862243754902,1.01767713863198,-0.0632360474822858,-0.177954940344437
"412",-0.16862243754902,1.03557151699595,-0.145080421199727,-0.226627531861885
"413",-0.16862243754902,1.03134612870716,-0.12801418566304,-0.21745621506011
"414",-0.16862243754902,1.0167686541067,-0.105815072854979,-0.150405007664761
"415",-0.16862243754902,1.01029587747862,-0.0781866156775716,-0.120766771833909
"416",-0.16862243754902,1.00757159721733,-0.117914896555237,0.0360083419425764
"417",-0.16862243754902,1.0066782738313,-0.098489127883638,-0.0608361627050586
"418",-0.16862243754902,1.00827774470893,-0.119627515766485,-0.0480964442226228
"419",-0.16862243754902,1.01060541001949,-0.0594073513151401,-0.133394382829223
"420",-0.16862243754902,1.03245176902314,-0.109929778443614,-0.23210363885631
"421",-0.16862243754902,1.00335468223134,-0.0128000557384016,-0.0809739274621858
"422",-0.16862243754902,1.02118249008895,-0.15009554818886,-0.142425434800669
"423",-0.16862243754902,1.00353418492823,0.0418750962231705,-0.0729886062058049
"424",-0.16862243754902,1.01374051280929,-0.06834566713773,-0.151653213267425
"425",-0.16862243754902,1.01323850734441,-0.138033412064142,-0.0871725296149188
"426",-0.16862243754902,1.0038657971852,-0.0601227832428265,-0.0642789988520195
"427",-0.16862243754902,1.01971338189589,-0.196142973295997,-0.0366512652462668
"428",-0.16862243754902,1.03391035038865,-0.233464240611167,-0.120270781973964
"429",-0.16862243754902,1.05477120176677,-0.239184479386802,-0.235229829947175
"430",-0.16862243754902,1.0090928935503,-0.0697131670698224,-0.115795259621492
"431",-0.16862243754902,1.01585464332754,-0.127340248711379,-0.125479549840812
"432",-0.16862243754902,1.04056319017784,-0.221289798051443,-0.183854774295996
"433",-0.16862243754902,1.01597797887211,-0.10771980153036,-0.143553815384044
"434",-0.16862243754902,1.03673230033581,-0.137927263197397,-0.236198925963829
"435",-0.16862243754902,1.02975244100785,-0.142766954513646,-0.200019215228252
"436",-0.16862243754902,1.01584214995011,-0.128069546901367,-0.124633321273832
"437",-0.16862243754902,1.02122889879248,-0.107158661166627,-0.177272347155121
"438",-0.16862243754902,1.00206162368257,-0.00873382188791834,-0.0636491791979673
"439",-0.16862243754902,1.039237553379,-0.182736408021302,-0.215921507813947
"440",-0.16862243754902,1.00176898913437,0.0292850794683056,-0.0518024295938286
"441",-0.16862243754902,1.00955738889002,-0.0806154373073074,-0.112726539599973
"442",-0.16862243754902,1.03203566878629,-0.183454107292957,-0.177319519975976
"443",-0.16862243754902,1.0185629620445,-0.136630315935096,-0.137122807790482
"444",-0.16862243754902,1.03325512494937,-0.246610832947658,-0.0824575667055704
"445",-0.16862243754902,1.00480554906412,-0.0533640648702037,-0.0823800219141467
"446",-0.16862243754902,1.01602257999738,-0.0949495978457961,-0.152599006987125
"447",-0.16862243754902,1.00600187597473,-0.0755941802856139,-0.079531719279979
"448",-0.16862243754902,1.01901868536697,-0.182176994422393,-0.0721846509325875
"449",-0.16862243754902,1.04253374634048,-0.276877575915863,-0.101071361985819
"450",-0.16862243754902,1.00954385827976,-0.105438327365894,-0.0897861955573222
"451",-0.16862243754902,1.0367953793228,-0.221022612664395,-0.161535331355416
"452",-0.16862243754902,1.02311866070405,-0.163588803951623,-0.141458464230797
"453",-0.16862243754902,1.01089481158585,-0.107427454260507,-0.101821717537565
"454",-0.16862243754902,1.01578526963718,-0.141104844479334,-0.10912899191482
"455",-0.16862243754902,1.02703854887072,-0.204905017264934,-0.113234777193772
"456",-0.16862243754902,1.03068922893041,-0.18631297093934,-0.166155840983477
"457",-0.16862243754902,1.00889749735964,-0.0911142866331984,-0.0978383715618039
"458",-0.16862243754902,1.01187230896421,-0.124543445339046,-0.0915122935547541
"459",-0.16862243754902,1.01080135272681,-0.143335648001561,-0.034267574853108
"460",-0.16862243754902,1.00430640749118,-0.0819464879156262,-0.043773659272822
"461",-0.16862243754902,1.03601032332518,-0.178059630562491,-0.203990583116693
"462",-0.16862243754902,1.02975524203359,-0.219994594782991,-0.10953646316146
"463",-0.16862243754902,1.01057927789626,-0.134558694947256,-0.0562533068132248
"464",-0.16862243754902,1.02323121875958,-0.166887733542865,-0.138385734225514
"465",-0.16862243754902,1.01803901657994,-0.115328091037563,-0.15199628514108
"466",-0.16862243754902,1.00350902608528,-0.0239133025007979,-0.0803649139745305
"467",-0.16862243754902,1.02936568672641,-0.243168492551513,-0.0215128157141983
"468",-0.16862243754902,1.01199389149033,-0.129253860184459,-0.0861688809325164
"469",-0.16862243754902,1.02419629398811,-0.15171198441961,-0.161125796824837
"470",-0.16862243754902,1.00611204604196,-0.0433611932562153,-0.101888449345993
"471",-0.16862243754902,1.04446106658461,-0.208578263667447,-0.21770169392205
"472",-0.16862243754902,1.00629593585743,-0.106005489851564,-0.0373409513070949
"473",-0.16862243754902,1.01703892366257,-0.095118174947651,-0.15912480962861
"474",-0.16862243754902,1.03781273144854,-0.227989821625736,-0.158353739430884
"475",-0.16862243754902,1.03223825532581,-0.190932383318382,-0.1704718180769
"476",-0.16862243754902,1.01784840635645,-0.154090010371897,-0.110777466237329
"477",-0.16862243754902,1.02449151159129,-0.17155597374406,-0.141955645168984
"478",-0.16862243754902,1.00553627266034,-0.0538616150158528,0.0905655677590861
"479",-0.16862243754902,1.00140891232112,-0.0443130463798525,-0.029260273353372
"480",-0.16862243754902,1.03600292390678,-0.178364531362461,-0.203686406751288
"481",-0.16862243754902,1.0032946749375,-0.0778273373986727,-0.0233047272323194
"482",-0.16862243754902,1.01375751586466,-0.159749633790951,0.046737088866763
"483",-0.16862243754902,1.04193369145284,-0.128737253803561,-0.262778493921524
"484",-0.16862243754902,1.02737175296766,0.0665564563934557,-0.225971141759725
"485",-0.16862243754902,1.02287055136347,-0.197990239406391,-0.0840477837090958
"486",-0.16862243754902,1.05911231556325,-0.294960581833409,-0.186325393176138
"487",-0.16862243754902,1.04640404874831,-0.173760235602686,-0.25449717829508
"488",-0.16862243754902,1.05853586909441,-0.185702531093129,-0.2932793141445
"489",-0.16862243754902,1.01540134387197,-0.156648228008051,-0.0806301544022725
"490",-0.16862243754902,1.00349144734515,-0.0280832586791038,-0.0787808065255966
"491",-0.16862243754902,1.00754453807503,-0.039425832111501,-0.116583017490254
"492",-0.16862243754902,1.01846436750449,-0.031968396961954,-0.190388259806139
"493",-0.16862243754902,1.04948517417044,-0.200539777305268,-0.247392256390355
"494",-0.16862243754902,1.01086715959849,-0.145388402708299,-0.0267325029254257
"495",-0.16862243754902,1.01815616815177,-0.152938248617396,-0.115116787895322
"496",-0.16862243754902,1.0070096894228,-0.0937010540302591,-0.0727229473069746
"497",-0.16862243754902,1.02823230409161,-0.039420657985754,-0.236024750612136
"498",-0.16862243754902,1.01292018471211,-0.133146252826067,-0.0909910762414809
"499",-0.16862243754902,1.02327214616889,-0.139088955387456,-0.166553737917551
"500",-0.16862243754902,1.00661316758802,0.0420232875907262,-0.107257225685058
"501",-0.16862243754902,1.01063824884794,-0.086135777534494,-0.118196014581547
"502",-0.16862243754902,1.00521263799279,0.0604079105001298,-0.0824823128278071
"503",-0.16862243754902,1.02333976429577,-0.0991483845570937,-0.1933749493307
"504",-0.16862243754902,1.00292949193927,-0.0156749540435178,-0.0749790745295163
"505",-0.16862243754902,1.01923089442344,-0.152004899377718,-0.125403854455782
"506",-0.16862243754902,1.03135287472517,-0.21949141632707,-0.124548265193101
"507",-0.16862243754902,1.02834583095467,-0.16438493352489,-0.174564434155035
"508",-0.16862243754902,1.0172864430962,-0.185467129063958,-0.0217635324357913
"509",-0.16862243754902,1.01759817162325,-0.183207827519954,-0.0440559964863571
"510",-0.16862243754902,1.0158654385958,-0.136814100596331,-0.115171572931227
"511",-0.16862243754902,1.0358906531842,-0.270235933226482,0.00647964100913602
"512",-0.16862243754902,1.02818396583934,-0.154047577286469,-0.182843133700127
"513",-0.16862243754902,1.00389015377084,-0.084814846794033,-0.0245332957701369
"514",-0.16862243754902,1.01273685194077,-0.152575945219784,-0.0485439205172041
"515",-0.16862243754902,1.01710507448954,-0.149026005889838,-0.110878231050494
"516",-0.16862243754902,1.03156369866672,-0.234931320866677,-0.0945036448123134
"517",-0.16862243754902,1.0372012669456,-0.0686512639855359,-0.266596084192443
"518",-0.16862243754902,1.00692073886428,0.000965875343446714,-0.117849231816823
"519",-0.16862243754902,1.00773422941869,-0.113617884996104,-0.051178641551865
"520",-0.16862243754902,1.00185713055001,-0.0336530180536633,-0.0508447087687547
"521",-0.16862243754902,1.04193547896247,-0.220338042874291,-0.192563467934793
"522",-0.16862243754902,1.01631797414712,-0.0895807266478139,-0.157726085311695
"523",-0.16862243754902,1.00735910285539,-0.120152583090573,-0.0183226330606827
"524",-0.16862243754902,1.01924375853771,-0.123188286172057,-0.153891148114731
"525",-0.16862243754902,1.00901910388917,-0.133754931358624,0.0151383734444847
"526",-0.16862243754902,1.00786071826933,-0.112673150987734,-0.0555696722760991
"527",-0.16862243754902,1.00839081771748,-0.11792966724348,-0.0542644896849644
"528",-0.16862243754902,1.01499461562304,-0.0366485290635168,-0.169914552235044
"529",-0.16862243754902,1.02283931039884,-0.108470612438119,-0.18556503208978
"530",-0.16862243754902,1.00592313924265,-0.10854738575153,-0.00994118254064625
"531",-0.16862243754902,1.00696686104167,-0.087873373060649,-0.0791235081569345
"532",-0.16862243754902,1.01957544075268,-0.143826334732325,-0.137288254499354
"533",-0.16862243754902,1.0513172943428,-0.276330218784045,-0.170028419892146
"534",-0.16862243754902,1.04797645138716,-0.283974312546071,-0.132714854014166
"535",-0.16862243754902,1.01416495980712,-0.138903981338695,-0.0961054091548858
"536",-0.16862243754902,1.04077642076369,-0.109972715930211,-0.266686257179874
"537",-0.16862243754902,1.02227890989506,-0.0690582208716535,-0.20071156355893
"538",-0.16862243754902,1.01485048232423,-0.11874620783138,-0.12578091905928
"539",-0.16862243754902,1.05864090878819,-0.207004453662608,-0.279051482568587
"540",-0.16862243754902,1.01022908387882,-0.107979175162018,-0.0943572977885942
"541",-0.16862243754902,1.0103204542931,-0.0568354740403503,-0.132352367767389
"542",-0.16862243754902,1.01514498778839,-0.130680058825091,-0.115939934696171
"543",-0.16862243754902,1.02287028252913,-0.148937006602053,-0.155181773883534
"544",-0.16862243754902,1.00239270540592,0.0450592535768078,-0.0525433108787838
"545",-0.16862243754902,1.03736048790521,-0.185835723785535,-0.203916320170926
"546",-0.16862243754902,1.00151464393663,0.0205981647475913,-0.0510617041289043
"547",-0.16862243754902,1.03271781622584,-0.203621110829555,-0.158254640294719
"548",-0.16862243754902,1.02053664793573,-0.0504724670040255,-0.197351412091299
"549",-0.16862243754902,1.03798982208634,-0.174492176531297,-0.216737977946208
"550",-0.16862243754902,1.05713114992376,-0.262930570414325,-0.219985870638832
"551",-0.16862243754902,1.00502849659831,-0.0885458159539533,-0.0473488907124602
"552",-0.16862243754902,1.00409819247836,-0.0553498179435018,-0.0717605587487977
"553",-0.16862243754902,1.01123326387757,-0.0391565512155255,-0.145118842571832
"554",-0.16862243754902,1.00744882975663,-0.0778251517430406,-0.0943206781897612
"555",-0.16862243754902,1.01884018326914,-0.190777949704924,-0.0404857129155356
"556",-0.16862243754902,1.02548149790272,-0.215464182223303,-0.072024223145132
"557",-0.16862243754902,1.02461877288357,-0.109504477298824,-0.194556930477816
"558",-0.16862243754902,1.01096693342674,-0.0932580583799194,-0.115572812674433
"559",-0.16862243754902,1.00252791259864,-0.0433556368469182,-0.0564136888793725
"560",-0.16862243754902,1.0286331522099,-0.0745039035941064,-0.229205868542929
"561",-0.16862243754902,1.01845120067814,-0.0704344136890062,-0.179671482241981
"562",-0.16862243754902,1.02141454290266,-0.034934733756969,-0.20510298103726
"563",-0.16862243754902,1.00912357954424,-0.0917549477416786,-0.0995561568016136
"564",-0.16862243754902,1.01800550214594,-0.0202530576257456,-0.189538956566233
"565",-0.16862243754902,1.01293542167313,-0.05223975304631,-0.152673431486242
"566",-0.16862243754902,1.02236753462184,-0.130761235034986,-0.16774049976338
"567",-0.16862243754902,1.01587687617703,-0.107708177252147,-0.142845287301415
"568",-0.16862243754902,1.00415092912624,-0.0873928913152026,-0.0261069150354478
"569",-0.16862243754902,1.02117203146332,-0.178717762818371,-0.104174272717028
"570",-0.16862243754902,1.02247532881531,-0.115305530515641,-0.179333300500725
"571",-0.16862243754902,1.02060502690162,-0.11674976113956,-0.167344298411149
"572",-0.16862243754902,1.02489577004652,-0.15994454097865,-0.1575724699
"573",-0.16862243754902,1.04374491784305,-0.179179848659992,-0.23937008033038
"574",-0.16862243754902,1.01056983641197,-0.0760520616143283,-0.124368316664342
"575",-0.16862243754902,1.04334407425939,-0.198457554112556,-0.221768925929334
"576",-0.16862243754902,1.00577005140569,-0.103690834445657,-0.0286636905606677
"577",-0.16862243754902,1.0084579135734,-0.0219304747094534,-0.128477304329699
"578",-0.16862243754902,1.03823431687751,-0.155195909232039,-0.232044664881042
"579",-0.16862243754902,1.01745109907563,-0.121368512711706,-0.143095852953001
"580",-0.16862243754902,1.01281677290511,-0.112679650104814,-0.114460088809086
"581",-0.16862243754902,1.04943038132794,-0.246819497952367,-0.200958355597995
"582",-0.16862243754902,1.0081015650171,-0.115913937453022,-0.0532233453857869
"583",-0.16862243754902,1.00354112465951,-0.0840863901849351,-0.00492624284231687
"584",-0.16862243754902,1.01564382064355,-0.147891706178857,-0.098287403338015
"585",-0.16862243754902,1.04530812383702,-0.260892140190688,-0.156857785737261
"586",-0.16862243754902,1.00498577673747,-0.0812088306151302,-0.0583226994809533
"587",-0.16862243754902,1.04258782116309,-0.117297370685249,-0.270611699059594
"588",-0.16862243754902,1.00685542942554,-0.0659819308694552,-0.096975463713351
"589",-0.16862243754902,1.00600573348814,-0.086227872386775,-0.0679138412598232
"590",-0.16862243754902,1.01342785694379,-0.136224163265659,-0.0920814779000597
"591",-0.16862243754902,1.0234263703959,-0.0607832202106898,-0.209062038071365
"592",-0.16862243754902,1.00305984017601,-0.0714140340825263,-0.032079256693017
"593",-0.16862243754902,1.02592332331003,-0.133535949545237,-0.186243967662153
"594",-0.16862243754902,1.00861736142219,-0.0480652604642055,-0.122469230824589
"595",-0.16862243754902,1.02584644294895,-0.174521384642635,-0.147997333805144
"596",-0.16862243754902,1.02108362768537,-0.143883279265561,-0.148018163327704
"597",-0.16862243754902,1.03247130786107,-0.0871858027873449,-0.241651892913485
"598",-0.16862243754902,1.01212512508219,-0.116455214402608,-0.104093476553937
"599",-0.16862243754902,1.01099261587534,0.034282275071712,-0.144674790376119
"600",-0.16862243754902,1.01866681818928,-0.123299192805278,-0.149931302713744
"601",-0.16862243754902,1.01272743534283,-0.136573925836207,-0.0834531070587202
"602",-0.16862243754902,1.00918155242409,-0.0360835521736248,-0.130940379622329
"603",-0.16862243754902,1.01179274861146,-0.150680351317688,-0.0319374054913785
"604",-0.16862243754902,1.00307650589328,-0.0634143900967694,-0.0462719332178661
"605",-0.16862243754902,1.04014897616578,-0.135044663785123,-0.252334760589727
"606",-0.16862243754902,1.01616275373588,-0.179478347532777,0.0193459258498691
"607",-0.16862243754902,1.01409234467198,-0.168250515366791,-0.00866300185457839
"608",-0.16862243754902,1.01755316575738,-0.163371524474894,-0.0934033732454222
"609",-0.16862243754902,1.00327883378137,-0.034340258477141,-0.0734109321656121
"610",-0.16862243754902,1.03942525479756,-0.281350867421865,-0.0353065109000804
"611",-0.16862243754902,1.02080177257142,-0.204940246926331,0.00597947110828258
"612",-0.16862243754902,1.0309119241378,-0.213173005595649,-0.131668770081655
"613",-0.16862243754902,1.0088199870243,-0.00840585173362768,-0.132842417458951
"614",-0.16862243754902,1.02430021659236,-0.186955770102972,-0.119325075890825
"615",-0.16862243754902,1.02508532200001,-0.219876002563209,0.0495425158494279
"616",-0.16862243754902,1.00878075167477,-0.127362061566804,-0.0376498369580745
"617",-0.16862243754902,1.01470583767717,-0.171977522241865,-0.00718810542972859
"618",-0.16862243754902,1.02023161655233,-0.184705939020058,-0.0821965175885983
"619",-0.16862243754902,1.02398344772016,-0.150005898833579,-0.161370169238313
"620",-0.16862243754902,1.01540809568682,-0.103486194297728,-0.14263312510111
"621",-0.16862243754902,1.03224115990725,-0.0611603702201925,-0.248558285561337
"622",-0.16862243754902,1.00462588350334,-0.0244513956113833,-0.093141263989329
"623",-0.16862243754902,1.00866385795797,-0.0997351711504378,-0.0863462447721484
"624",-0.16862243754902,1.01635977693121,-0.119729644921728,-0.136572355513724
"625",-0.16862243754902,1.00693715840176,0.0163717886203982,-0.116852066766386
"626",-0.16862243754902,1.01773270269622,-0.120536259098537,-0.145776762139514
"627",-0.16862243754902,1.01560481945793,-0.11277586860654,-0.136874953027266
"628",-0.16862243754902,1.01302947050504,-0.100575407268373,-0.126938156456281
"629",-0.16862243754902,1.01688603600858,-0.0528208908331417,-0.176825234966143
"630",-0.16862243754902,1.02624263349287,-0.0628935275762122,-0.221852083576881
"631",-0.16862243754902,1.00695723940763,-0.0471837540445203,-0.108335475951815
"632",-0.16862243754902,1.00151064263354,-0.00941273428822483,-0.0541753425597522
"633",-0.16862243754902,1.02859041531523,-0.172483706346347,-0.168070263649996
"634",-0.16862243754902,1.02853966911568,-0.112397299462274,-0.212745618093935
"635",-0.16862243754902,1.00862211645729,-0.127786454933314,-0.0314514823555961
"636",-0.16862243754902,1.02331992136585,-0.0842091249598626,-0.200231078351239
"637",-0.16862243754902,1.00315317111935,-0.00521213202681642,-0.0793039621113024
"638",-0.16862243754902,1.04704498953389,-0.24773897253718,-0.186891978410633
"639",-0.16862243754902,1.04089632406088,-0.281729532392227,-0.0639814662344264
"640",-0.16862243754902,1.02943505865198,-0.22579555795752,-0.0935569665415075
"641",-0.16862243754902,1.01574307817636,-0.178081019399019,-0.00459906436173118
"642",-0.16862243754902,1.01500516891834,-0.0909177920647982,-0.148220943246906
"643",-0.16862243754902,1.01044877442897,-0.125742709744337,-0.0720797939173314
"644",-0.16862243754902,1.03337504336736,-0.117665006774763,-0.232419720409404
"645",-0.16862243754902,1.01559895784006,-0.0921080661824577,-0.151516821871166
"646",-0.16862243754902,1.03572008195014,-0.216295170582902,-0.161035671009005
"647",-0.16862243754902,1.02378972102541,-0.146046109172788,-0.163755692642346
"648",-0.16862243754902,1.03152847075267,-0.227905971171654,-0.110044783055133
"649",-0.16862243754902,1.02826326110977,0.00170186859977151,-0.239421047093535
"650",-0.16862243754902,1.01861957076877,-0.0844498484723891,-0.174510896640127
"651",-0.16862243754902,1.0054290930228,-0.101760475658662,-0.023075239768621
"652",-0.16862243754902,1.00537314579659,-0.0883574390349332,-0.0544805034495977
"653",-0.16862243754902,1.03586577263591,-0.18331998433631,-0.198523757423429
"654",-0.16862243754902,1.01251580966521,0.0850713926643323,-0.133981800899054
"655",-0.16862243754902,1.02056500037523,-0.108583037749785,-0.172518532059404
"656",-0.16862243754902,1.01494497117313,-0.134421688494546,-0.109745633953702
"657",-0.16862243754902,1.01970339568285,-0.118038279934988,-0.160816602492177
"658",-0.16862243754902,1.00130355289858,-0.0400434973053683,-0.0317068347659404
"659",-0.16862243754902,1.02305249780291,-0.123987345738011,-0.1768150201697
"660",-0.16862243754902,1.00213357939598,-0.0622256094591233,-0.019992110455001
"661",-0.16862243754902,1.03211423764225,-0.139382395243059,-0.214084907081617
"662",-0.16862243754902,1.00816294471374,-0.0765699455235267,-0.102613676166455
"663",-0.16862243754902,1.001218644611,0.0354156680207945,-0.0344166351540721
"664",-0.16862243754902,1.01517468898142,-0.125464816746773,-0.121812269116139
"665",-0.16862243754902,1.00289370984467,0.0111595814565246,-0.0753077485238233
"666",-0.16862243754902,1.02568012332196,-0.0743168804471036,-0.215630973327967
"667",-0.16862243754902,1.01612007466839,-0.127017012568081,-0.127932344082243
"668",-0.16862243754902,1.05159822281582,-0.195272268224422,-0.260245198787389
"669",-0.16862243754902,1.02217418663834,-0.133538324048442,-0.164339842521801
"670",-0.16862243754902,1.00900469239933,-0.128306767310108,-0.0403465332625412
"671",-0.16862243754902,1.01692860279438,-0.181431760719425,-0.0350185577027091
"672",-0.16862243754902,1.00864483632186,-0.100920971491025,-0.0847311238687924
"673",-0.16862243754902,1.00571058779295,-0.0923259256195117,-0.0541267942643906
"674",-0.16862243754902,1.05743813664956,-0.142415515407607,-0.312878944341231
"675",-0.16862243754902,1.01373057938598,-0.0890141208151241,-0.140449898105162
"676",-0.16862243754902,1.00443244179229,-0.0784111380281145,-0.0523089242668494
"677",-0.16862243754902,1.05823633057145,-0.269557366052454,-0.217262416787167
"678",-0.16862243754902,1.03041489962458,-0.245882267633754,-0.0360107738269245
"679",-0.16862243754902,1.01518488122784,-0.170891662953603,-0.0373682031483702
"680",-0.16862243754902,1.01255276426596,-0.0538553272589462,-0.149541646869602
"681",-0.16862243754902,1.03611248412591,-0.230738419019602,-0.142438975529516
"682",-0.16862243754902,1.01781994984338,-0.188009754489998,-0.0246937748386498
"683",-0.16862243754902,1.02256162440929,-0.16716925597788,-0.132991411641403
"684",-0.16862243754902,1.03928320020558,-0.251524991033669,-0.129787322628484
"685",-0.16862243754902,1.01488965241963,-0.143485034867113,-0.0970208810391641
"686",-0.16862243754902,1.0271915811439,-0.148556598090629,-0.181806164737759
"687",-0.16862243754902,1.03911851134552,-0.280460274699583,-0.0333063798147442
"688",-0.16862243754902,1.00971404104235,-0.104417503083258,-0.0928408839247802
"689",-0.16862243754902,1.02838825120621,-0.167941497227737,-0.171400258832565
"690",-0.16862243754902,1.00405445757307,-0.00580548144976278,-0.0899536000251711
"691",-0.16862243754902,1.01167797922315,-0.0763903572019052,-0.132879068974796
"692",-0.16862243754902,1.01717454669075,-0.0138948607939221,-0.185609782282741
"693",-0.16862243754902,1.01190572141634,-0.141542496411294,-0.0626012040202333
"694",-0.16862243754902,1.00343376808068,-0.0680156581956943,-0.0474678540150547
"695",-0.16862243754902,1.03765579541931,-0.199041859249751,-0.192644460168689
"696",-0.16862243754902,1.03353759926292,-0.136498942454335,-0.222638738316142
"697",-0.16862243754902,1.04041886997088,-0.121130163860808,-0.260382235174618
"698",-0.16862243754902,1.00266594137044,-0.0608991823276422,-0.0403767207200283
"699",-0.16862243754902,1.01635455090747,-0.149331509394163,-0.103327989685211
"700",-0.16862243754902,1.01021818209099,-0.0562550591628664,-0.131818601668391
"701",-0.16862243754902,1.038562707037,-0.203285984203078,-0.193099210445328
"702",-0.16862243754902,1.0112878676593,-0.13859231303759,-0.0591212486486465
"703",-0.16862243754902,1.0137886303871,-0.0986053749835375,-0.134329323405237
"704",-0.16862243754902,1.01237084803238,-0.101396521125534,-0.120886225226231
"705",-0.16862243754902,1.00571135706222,-0.105886723434858,-0.0155992154981065
"706",-0.16862243754902,1.00845459404641,-0.0782473133243826,-0.104201853202498
"707",-0.16862243754902,1.01239492210255,-0.0655639383944881,-0.143683152391719
"708",-0.16862243754902,1.02437691804593,-0.170996150199421,-0.141804043814885
"709",-0.16862243754902,1.03702045102565,-0.247383495028605,-0.11921754163243
"710",-0.16862243754902,1.00971734226247,-0.106687997992235,-0.0902595277518542
"711",-0.16862243754902,1.00286352313117,-0.0259092357857773,-0.0711614890798545
"712",-0.16862243754902,1.04478494121276,-0.151505125613686,-0.26195757346895
"713",-0.16862243754902,1.00864262826165,-0.131333578697787,-0.0105566402326871
"714",-0.16862243754902,1.00896930005978,-0.0963634621204732,-0.0934512259484559
"715",-0.16862243754902,1.00761879189732,-0.00453143698916955,-0.123592458764424
"716",-0.16862243754902,1.00942409144973,-0.137538684812844,0.00448403602513118
"717",-0.16862243754902,1.00911441215712,-0.100343461997045,-0.0907914448483628
"718",-0.16862243754902,1.00529965204293,-0.102811826359479,0.00755769530072216
"719",-0.16862243754902,1.01343096074234,-0.100469078818769,-0.130185546019736
"720",-0.16862243754902,1.02726755756548,-0.234454118158937,0.0176040138848373
"721",-0.16862243754902,1.03106876905729,-0.23225373194046,-0.0957131679814001
"722",-0.16862243754902,1.0155886195983,-0.176093523576735,0.0202809075713375
"723",-0.16862243754902,1.02148375375846,-0.174954228760337,-0.113225779005256
"724",-0.16862243754902,1.03457698874465,-0.206416706221112,-0.166558365244044
"725",-0.16862243754902,1.01441999590591,-0.00904141808871871,-0.170194538257536
"726",-0.16862243754902,1.0259213098678,-0.156978748667936,-0.166949712511043
"727",-0.16862243754902,1.0170917089527,-0.0252973371056922,-0.183944527387168
"728",-0.16862243754902,1.03854075490064,-0.258362935653443,-0.10869909415504
"729",-0.16862243754902,1.0114455277536,-0.0700498572279944,-0.134592247603986
"730",-0.16862243754902,1.02789617050193,-0.20390069168764,-0.122454257834653
"731",-0.16862243754902,1.01834871629831,-0.117130060792558,-0.152691377769473
"732",-0.16862243754902,1.03440770419999,-0.26239800802105,-0.0338612447331434
"733",-0.16862243754902,1.01929516113901,-0.16877043275762,-0.102367800348541
"734",-0.16862243754902,1.01137051349819,-0.145658292309536,0.0406691216411566
"735",-0.16862243754902,1.03202926327407,-0.206075526319846,-0.150390417600416
"736",-0.16862243754902,1.01219576808919,-0.124006985691324,-0.0957211598206687
"737",-0.16862243754902,1.02700615696583,-0.0939596863967234,-0.214273712288624
"738",-0.16862243754902,1.0161890086018,-0.149149978828397,-0.101952856843704
"739",-0.16862243754902,1.00681107268622,-0.0917382370332432,-0.0724750436330388
"740",-0.16862243754902,1.05462166270842,-0.194449246664761,-0.272793588497561
"741",-0.16862243754902,1.01845352624494,-0.166571016409698,-0.0974765695590137
"742",-0.16862243754902,1.01752155615425,-0.112238859907515,-0.150839502668329
"743",-0.16862243754902,1.01268261358014,-0.0439912875949596,-0.153593106822046
"744",-0.16862243754902,1.01505208459832,-0.168890792834932,-0.0425045237943664
"745",-0.16862243754902,1.01729366623031,-0.183326442331347,-0.0357465927667123
"746",-0.16862243754902,1.00554872699367,-0.0739009490322796,-0.0752787625477423
"747",-0.16862243754902,1.01186702066692,-0.153901129742073,-0.0137589889693935
"748",-0.16862243754902,1.01916416339282,-0.159335150697677,-0.115359879058239
"749",-0.16862243754902,1.01582717614756,-0.133903908329954,-0.118214191761802
"750",-0.16862243754902,1.01587859880072,-0.178892940497361,0.00257746804614188
"751",-0.16862243754902,1.01938172245281,-0.130337669541355,-0.148832751669101
"752",-0.16862243754902,1.02622360429733,-0.0930744479960546,-0.210883932880725
"753",-0.16862243754902,1.01893901469159,-0.115617985711805,-0.157699705264802
"754",-0.16862243754902,1.01419150950436,-0.150074450290313,-0.077859343182447
"755",-0.16862243754902,1.00769389161906,-0.123897168309634,0.0098219596429465
"756",-0.16862243754902,1.0155652736113,-0.163527070792519,-0.0680567563377385
"757",-0.16862243754902,1.03092067814397,-0.230389748922146,-0.0985799584926281
"758",-0.16862243754902,1.01436347442673,-0.116832261640015,-0.123626376195152
"759",-0.16862243754902,1.03054097121773,-0.128250806583553,-0.213462933478046
"760",-0.16862243754902,1.03422380347425,-0.163471408774351,-0.207113433137648
"761",-0.16862243754902,1.00214505042587,-0.0164977517441523,0.0634233890646925
"762",-0.16862243754902,1.03877763548656,-0.270680186398746,-0.076100017596542
"763",-0.16862243754902,1.00491210500143,-0.07382356912939,-0.0663205806624841
"764",-0.16862243754902,1.05426551144307,-0.306357948303829,-0.132742518167267
"765",-0.16862243754902,1.02886819666569,-0.223128303066732,-0.0937204699127779
"766",-0.16862243754902,1.00393324148499,-0.088764759585219,-0.00166457632560061
"767",-0.16862243754902,1.00541160268535,-0.0422956641381076,-0.095202771017617
"768",-0.16862243754902,1.04364182817536,-0.284120618181674,-0.0919985860830111
"769",-0.16862243754902,1.01525028200364,-0.175272279654951,0.00357254713416834
"770",-0.16862243754902,1.01686402317714,-0.141845259623163,-0.117865872730117
"771",-0.16862243754902,1.03392388631096,-0.24241234593927,-0.101167471158404
"772",-0.16862243754902,1.02236047870239,-0.133298823776633,-0.165687573439713
"773",-0.16862243754902,1.01242650959193,-0.130224488147892,-0.0897163307938392
"774",-0.16862243754902,1.02124261057843,-0.125440649829518,-0.164927599362251
"775",-0.16862243754902,1.00778182534182,-0.120510304414548,-0.0331884621397981
"776",-0.16862243754902,1.01165343512001,-0.0861163400834222,-0.1265964010577
"777",-0.16862243754902,1.00462665039126,0.0127068089950794,-0.0954633106566149
"778",-0.16862243754902,1.00419053331083,-0.0782933593120327,-0.0476316814601204
"779",-0.16862243754902,1.01517629223811,-0.0142559909189164,-0.174297650716361
"780",-0.16862243754902,1.01962150178889,-0.151721921189317,-0.128873835749768
"781",-0.16862243754902,1.01216012565576,-0.0963786742451949,-0.123204184662006
"782",-0.16862243754902,1.00544687461506,-0.0435121881720877,-0.0950268759545163
"783",-0.16862243754902,1.01148151951196,-0.0870718104759379,-0.124552656072299
"784",-0.16862243754902,1.01696466015821,-0.154684295820975,-0.101439088309515
"785",-0.16862243754902,1.01260366097704,-0.148215477177139,-0.0582953390011869
"786",-0.16862243754902,1.01497478756795,-0.122482878350243,-0.123173714361651
"787",-0.16862243754902,1.04561185000507,-0.177677656267841,-0.248464869416568
"788",-0.16862243754902,1.02294370365051,-0.205295472908083,-0.0653267911477649
"789",-0.16862243754902,1.03499652714441,-0.0219819481535114,-0.265959781087992
"790",-0.16862243754902,1.01082208252199,-0.0255577082478791,-0.145286221174638
"791",-0.16862243754902,1.03296628430937,-0.232564677540989,-0.113723415707441
"792",-0.16862243754902,1.01320143602287,-0.146175936152568,-0.0721785677935605
"793",-0.16862243754902,1.00529833461886,-0.0722919553880138,-0.0734752664073477
"794",-0.16862243754902,1.00935677123932,-0.0730097430452944,-0.116063211514794
"795",-0.16862243754902,1.03045998064733,-0.134227970765427,-0.20935764514315
"796",-0.16862243754902,1.00225874762627,-0.0395688769741143,-0.0543773957484753
"797",-0.16862243754902,1.0361182207112,-0.0803538305884137,-0.259006233900858
"798",-0.16862243754902,1.00439681260503,-0.086067635623978,-0.0374875882025773
"799",-0.16862243754902,1.04181619562552,-0.200349027676999,-0.212699912027521
"800",-0.16862243754902,1.04050952528751,-0.245675167411731,-0.14934451557143
"801",-0.16862243754902,1.03865543846074,-0.141934066489553,-0.242197936848809
"802",-0.16862243754902,1.00523279426411,-0.0796685678846747,-0.0643885855974186
"803",-0.16862243754902,1.02043572852824,-0.147051110983769,-0.140232117631457
"804",-0.16862243754902,1.05554088706018,-0.262073210298108,-0.213270243352963
"805",-0.16862243754902,1.00823698409254,-0.117223808138317,-0.052918757521082
"806",-0.16862243754902,1.03314870756197,-0.196782015764608,-0.169331303097151
"807",-0.16862243754902,1.01337840607438,-0.069818945065843,-0.148529824640495
"808",-0.16862243754902,1.01282825310738,-0.121455150479508,-0.105212721258132
"809",-0.16862243754902,1.01132008283948,-0.0840399102449621,-0.125321999028421
"810",-0.16862243754902,1.00620308394556,-0.109429807463553,-0.0216740254691059
"811",-0.16862243754902,1.01944511519424,-0.169397395379296,-0.102824439371758
"812",-0.16862243754902,1.02900317010101,-0.14106225258542,-0.197354921330709
"813",-0.16862243754902,1.04531244482519,-0.255330281385926,-0.165784663686955
"814",-0.16862243754902,1.00130972530592,-0.0102650356089273,-0.050157701663593
"815",-0.16862243754902,1.02276675028338,-0.183972150517296,-0.110481099375678
"816",-0.16862243754902,1.02160001403361,-0.1529570574499,-0.142375304212952
"817",-0.16862243754902,1.01441679940772,-0.119464883863879,-0.121530179149001
"818",-0.16862243754902,1.00119836638011,-0.0486142309748137,0.00590130400208508
"819",-0.16862243754902,1.01302583878502,-0.113507707754957,-0.115487446617812
"820",-0.16862243754902,1.01604289850219,-0.105254006374568,-0.145824434642597
"821",-0.16862243754902,1.03300054979178,-0.121816206849654,-0.228584661818945
"822",-0.16862243754902,1.04924376388945,-0.174381430748972,-0.265525126251452
"823",-0.16862243754902,1.03437206583298,-0.20056577958656,-0.172333800034753
"824",-0.16862243754902,1.00872896899938,-0.055602740860881,-0.120176820174715
"825",-0.16862243754902,1.02222313699384,-0.209961879629214,0.0292600565293686
"826",-0.16862243754902,1.02221989050408,-0.166380168859281,-0.13134361024632
"827",-0.16862243754902,1.00403123035396,-0.0873653095672179,-0.0211190485183281
"828",-0.16862243754902,1.00546675032869,-0.0275769418766081,-0.101009397054329
"829",-0.16862243754902,1.05045792264772,-0.254391321668545,-0.196842329576478
"830",-0.16862243754902,1.02343020222611,-0.214175285451187,-0.0392214983201243
"831",-0.16862243754902,1.0298984343073,-0.221376551593664,-0.108088886538489
"832",-0.16862243754902,1.00510081886631,-0.0837877278867533,-0.0566327885707239
"833",-0.16862243754902,1.01326873262795,-0.161468270367742,-0.0253282882544689
"834",-0.16862243754902,1.05526637806842,-0.235938986925172,-0.240665583601737
"835",-0.16862243754902,1.00548319812744,-0.0940536513299572,-0.0463721078676631
"836",-0.16862243754902,1.00675364535809,-0.0550564841536207,-0.102575269897032
"837",-0.16862243754902,1.02832442149407,-0.119275698997117,-0.207904842343447
"838",-0.16862243754902,1.00862943472995,-0.130614744083926,-0.0165265008861825
"839",-0.16862243754902,1.03091255688928,-0.197983237862012,-0.153568673490619
"840",-0.16862243754902,1.01304498068968,-0.153960713865092,-0.0505591879554294
"841",-0.16862243754902,1.04383768381957,0.00525788002798204,-0.299281581223121
"842",-0.16862243754902,1.03522446368278,-0.218008852145955,-0.155440762328618
"843",-0.16862243754902,1.01132537546295,-0.117768140409865,-0.0943911021213495
"844",-0.16862243754902,1.02258710905368,-0.104812013773749,-0.186276239417288
"845",-0.16862243754902,1.04074257495048,-0.0573180787650144,-0.282594665840033
"846",-0.16862243754902,1.00824725294637,-0.0247331462145906,-0.126296455026366
"847",-0.16862243754902,1.01339205013819,-0.164188422504867,0.00236837468293728
"848",-0.16862243754902,1.03324316372706,-0.216948600760047,-0.143264580469038
"849",-0.16862243754902,1.03822452672446,-0.124902250604993,-0.24961890089901
"850",-0.16862243754902,1.02508957227856,-0.135737206600528,-0.179955666591862
"851",-0.16862243754902,1.02421412783395,-0.0972898260939307,-0.19886998112656
"852",-0.16862243754902,1.01069303570138,-0.101144053884923,-0.106161635155992
"853",-0.16862243754902,1.01419541652267,-0.0684819535352149,-0.154604543709374
"854",-0.16862243754902,1.02026375631615,-0.192288065246376,-0.0629557973195497
"855",-0.16862243754902,1.01254365366762,-0.151509797804434,0.0478480067696863
"856",-0.16862243754902,1.04113856241724,-0.217912283639263,-0.191007179947114
"857",-0.16862243754902,1.02896664376369,-0.219933766840504,-0.10198770603198
"858",-0.16862243754902,1.0301832979315,-0.169851408748689,-0.180078111615812
"859",-0.16862243754902,1.04797280214244,-0.141829850106091,-0.279519744649947
"860",-0.16862243754902,1.02334507200845,-0.134762984503973,-0.17051121491432
"861",-0.16862243754902,1.00960546400039,-0.0780293724289028,-0.114954817114374
"862",-0.16862243754902,1.01063382683881,-0.115722578094256,-0.0893813004496446
"863",-0.16862243754902,1.00172441071334,-0.0305932014102287,-0.0501582600023386
"864",-0.16862243754902,1.00660983714767,-0.108546346984985,-0.0384844747744372
"865",-0.16862243754902,1.01453712111061,0.0186395111040771,-0.170112135772842
"866",-0.16862243754902,1.03536070316147,-0.0881473691635821,-0.253380794379827
"867",-0.16862243754902,1.0151795213941,-0.154346469020871,-0.0822595171316609
"868",-0.16862243754902,1.02225671254035,-0.0881933144423351,-0.192952651242406
"869",-0.16862243754902,1.02278057221191,-0.125965228012709,-0.173818469173536
"870",-0.16862243754902,1.01444271611634,-0.083839783642064,-0.148542636843266
"871",-0.16862243754902,1.01992617152126,-0.126567516855774,-0.155660075263328
"872",-0.16862243754902,1.02711801262038,-0.0773901426578375,-0.221319176007506
"873",-0.16862243754902,1.02048744538828,-0.18895438839743,-0.0754378240702506
"874",-0.16862243754902,1.00715219389887,-0.0736710107908264,-0.0944887498295783
"875",-0.16862243754902,1.01182378647119,-0.115434865219532,-0.102284733761395
"876",-0.16862243754902,1.00825646164113,-0.0801922627234843,-0.100748664707721
"877",-0.16862243754902,1.01097068478428,-0.133340304009045,-0.0654376712603312
"878",-0.16862243754902,1.0265021591683,-0.163806255689865,0.16393350290302
"879",-0.16862243754902,1.02361069419004,-0.170560253606157,-0.136704254323009
"880",-0.16862243754902,1.01269260671118,-0.0738530549643575,-0.141746400165645
"881",-0.16862243754902,1.0156187866244,-0.150522619392204,-0.0939386012017118
"882",-0.16862243754902,1.05208059591899,-0.138244104054575,-0.296246768764481
"883",-0.16862243754902,1.0121925349521,-0.0789547423040571,-0.135277036042516
"884",-0.16862243754902,1.03904156558735,-0.227923066513071,-0.166308300362607
"885",-0.16862243754902,1.01162432867456,-0.134198368557829,-0.0733115287159049
"886",-0.16862243754902,1.03338625055896,-0.238075341994515,-0.105864415071836
"887",-0.16862243754902,1.01530407054893,-0.0800529904448843,-0.156313385204394
"888",-0.16862243754902,1.04061173090669,-0.2846124841836,-0.0432262460485649
"889",-0.16862243754902,1.0173252577721,-0.0202255682911221,-0.185853723364311
"890",-0.16862243754902,1.03000609032553,-0.141228847069552,-0.202402961596652
"891",-0.16862243754902,1.01476393299265,-0.170224968193926,-0.027736256165573
"892",-0.16862243754902,1.01252810842604,-0.152323344772826,-0.0448415988790389
"893",-0.16862243754902,1.01535512332039,-0.13176654599168,-0.116548718613239
"894",-0.16862243754902,1.0104682747018,-0.0510850839762162,-0.13578088368388
"895",-0.16862243754902,1.00867910898457,-0.0950681961924122,-0.0916274138815512
"896",-0.16862243754902,1.03279331954409,-0.168390203391159,-0.195721179990274
"897",-0.16862243754902,1.0020195050126,-0.0635733596199535,-0.00123141070368668
"898",-0.16862243754902,1.02400632068884,-0.102884319364563,-0.194945535059389
"899",-0.16862243754902,1.03250623789479,-0.113099518971149,-0.230819475131843
"900",-0.16862243754902,1.04039574256364,-0.138433143855198,-0.251514543966956
"901",-0.16862243754902,1.0243925538114,-0.212337669391687,-0.0655196036430696
"902",-0.16862243754902,1.01086804891786,-0.131908842705306,-0.0667403141972427
"903",-0.16862243754902,1.0073094744042,0.0565803511330843,-0.107102946225233
"904",-0.16862243754902,1.01297372139007,-0.160649421363351,-0.0175363520284035
"905",-0.16862243754902,1.0468947453207,-0.0472813913788319,-0.306191243848316
"906",-0.16862243754902,1.03716969032267,-0.118757578433841,-0.248228934833446
"907",-0.16862243754902,1.00372081407794,-0.0590302224195335,-0.0630151208392557
"908",-0.16862243754902,1.01273959251188,-0.142310897348193,-0.0734104266236868
"909",-0.16862243754902,1.02891007353472,-0.216471320039939,-0.108609884547309
"910",-0.16862243754902,1.02311190084542,-0.189950484978682,-0.103328480623177
"911",-0.16862243754902,1.04766050160073,-0.246279848342828,-0.192194596475886
"912",-0.16862243754902,1.00049769281496,-0.0312967783512804,-0.0040180832357477
"913",-0.16862243754902,1.03530579059333,-0.238343071479208,-0.122681132672987
"914",-0.16862243754902,1.04454957365991,-0.0933500882937262,-0.28700099799242
"915",-0.16862243754902,1.00999679711125,-0.104488736909857,-0.0957895298764976
"916",-0.16862243754902,1.0371634344431,-0.162777894418774,-0.221836306393702
"917",-0.16862243754902,1.00716216772548,0.0201355559554435,-0.118195564569283
"918",-0.16862243754902,1.01099503079034,-0.0546016883802387,0.138309825785364
"919",-0.16862243754902,1.01819084390784,-0.148946226235882,-0.120530561717163
"920",-0.16862243754902,1.01321656438482,-0.14648644649765,-0.0717602071922039
"921",-0.16862243754902,1.01204234918614,-0.149928420282486,0.0418471664249708
"922",-0.16862243754902,1.02041888446949,-0.159205710284015,-0.126127877945049
"923",-0.16862243754902,1.05237160437799,-0.261620124109778,-0.197587713084327
"924",-0.16862243754902,1.03878466053711,-0.210601985346716,-0.186334040731222
"925",-0.16862243754902,1.00572815843488,-0.0797863985473792,-0.0715769465376162
"926",-0.16862243754902,1.00415882910507,0.0816206164235185,-0.0409026777155843
"927",-0.16862243754902,1.02413110904449,-0.0796323654063718,-0.206163078393021
"928",-0.16862243754902,1.006944473908,-0.0654837161444543,-0.0982296108807254
"929",-0.16862243754902,1.0004683946553,-0.0305918322254184,0.001071683367656
"930",-0.16862243754902,1.01304707676339,-0.137718633405173,-0.0854280852639025
"931",-0.16862243754902,1.02829728209941,-0.139907377009558,-0.194476801267759
"932",-0.16862243754902,1.01637532982761,-0.142103008950342,-0.113249926840744
"933",-0.16862243754902,1.0168547324043,-0.149168840114584,-0.108361450488142
"934",-0.16862243754902,1.03741415383738,-0.200412174924522,-0.189902834955553
"935",-0.16862243754902,1.03115619284065,-0.102493062178375,-0.229735208966607
"936",-0.16862243754902,1.01184061994052,-0.120481386330456,-0.0964659303044614
"937",-0.16862243754902,1.02871855771015,0.0482977143875656,-0.236493555434803
"938",-0.16862243754902,1.00962212208916,-0.136511074551495,0.0264869012270137
"939",-0.16862243754902,1.00714809961701,-0.107326493851826,-0.0531819356513217
"940",-0.16862243754902,1.01533186008255,-0.123007367111603,-0.125570592636026
"941",-0.16862243754902,1.00630155424789,-0.0321848770990176,-0.10773556408098
"942",-0.16862243754902,1.01214672533616,-0.116407315316668,-0.104356746545078
"943",-0.16862243754902,1.00623070310447,-0.0485395993459865,-0.100718097507045
"944",-0.16862243754902,1.00027228458437,-0.022365363627003,0.00666586959635641
"945",-0.16862243754902,1.02001367796514,-0.178280322548662,-0.092973274804704
"946",-0.16862243754902,1.02885305232061,-0.241884972629987,-0.00550120761501348
"947",-0.16862243754902,1.0162690006236,-0.117923210566858,-0.137465624932552
"948",-0.16862243754902,1.02929246235267,-0.227327422964177,-0.0881204620078938
"949",-0.16862243754902,1.00095466668481,-0.00648727836415163,-0.0432222162495387
"950",-0.16862243754902,1.0031398664709,-0.06253747184054,-0.0487714703392352
"951",-0.16862243754902,1.00740597412187,0.00300374210745386,-0.121892469947062
"952",-0.16862243754902,1.05173783539088,-0.110057388233399,-0.306659168602436
"953",-0.16862243754902,1.02842602542553,-0.222261129606113,-0.0908849824711015
"954",-0.16862243754902,1.02889508737708,-0.0702113643888988,-0.231722819634458
"955",-0.16862243754902,1.03894777587491,-0.262714498841944,-0.101948874901321
"956",-0.16862243754902,1.00680330330756,-0.0158853939673411,-0.115760726541934
"957",-0.16862243754902,1.01154745419629,-0.128263333770768,-0.0823211352022919
"958",-0.16862243754902,1.02626661137458,-0.194035633784481,-0.124793150629863
"959",-0.16862243754902,1.02192408936627,-0.112355620547416,-0.178059144551681
"960",-0.16862243754902,1.02535350645659,-0.0866550454707406,-0.209381747765398
"961",-0.16862243754902,1.03864912850482,-0.245829348166202,-0.135498869825539
"962",-0.16862243754902,1.00605007746776,-0.0600899972009647,-0.0923360742574094
"963",-0.16862243754902,1.02952414160944,-0.147060425416546,-0.195686456948267
"964",-0.16862243754902,1.01368340033495,-0.0342471816560062,-0.162422802165347
"965",-0.16862243754902,1.01395559700938,-0.131488966219848,-0.104002906060791
"966",-0.16862243754902,1.03410069033118,-0.202311451708327,-0.16862477353902
"967",-0.16862243754902,1.03046005402807,-0.167769234459185,-0.183579429448163
"968",-0.16862243754902,1.0173031644965,-0.10441011067863,-0.154933073559737
"969",-0.16862243754902,1.01356792551118,-0.067190449568488,-0.151014512917891
"970",-0.16862243754902,1.02025866047333,-0.162827673554558,-0.120061996467043
"971",-0.16862243754902,1.01660134925245,-0.1710631359834,-0.0649284745657579
"972",-0.16862243754902,1.02070115507219,-0.168981291109453,-0.115222268770764
"973",-0.16862243754902,1.01051832325412,-0.0361900549972216,-0.140845878717157
"974",-0.16862243754902,1.00112534380147,-0.0455001484612031,0.0134792615385233
"975",-0.16862243754902,1.01310602694445,-0.14182398318397,-0.0791819400178676
"976",-0.16862243754902,1.02053790513,-0.17636201109883,-0.101951247409304
"977",-0.16862243754902,1.00378209607759,-0.0857788640176808,0.0148486663964838
"978",-0.16862243754902,1.02809452042091,-0.111338084276858,-0.211144912107927
"979",-0.16862243754902,1.01003093861789,-0.0663485075195437,-0.125540322268417
"980",-0.16862243754902,1.01110675981527,-0.0212603478803256,-0.147935382353743
"981",-0.16862243754902,1.03032617824507,-0.180497837481605,-0.170272030121084
"982",-0.16862243754902,1.04354872610388,-0.295689298632973,-0.0395193930492205
"983",-0.16862243754902,1.04615310285961,-0.287235108761088,-0.109235099294148
"984",-0.16862243754902,1.00902091476171,-0.133796451576285,0.0148901300247393
"985",-0.16862243754902,1.02506313527893,0.00628772262786964,-0.225199679955442
"986",-0.16862243754902,1.02371868082944,-0.144200247759174,-0.164943099356607
"987",-0.16862243754902,1.02249412486763,-0.0980821281840917,-0.189404676604624
"988",-0.16862243754902,1.02948782772624,-0.225489972851415,-0.0948654814986415
"989",-0.16862243754902,1.0067074701052,-0.115928608237783,-0.00452638461301474
"990",-0.16862243754902,1.00957554097834,-0.0986743594475794,-0.0974994550206129
"991",-0.16862243754902,1.0452995757923,-0.214832727357789,-0.21563418654653
"992",-0.16862243754902,1.01619608765956,-0.141111803581399,-0.112880235048446
"993",-0.16862243754902,1.01377354881907,-0.0766012190709841,-0.147881917495148
"994",-0.16862243754902,1.03584589654673,-0.204739100621581,-0.176234565478442
"995",-0.16862243754902,1.02663912352179,-0.193732126050118,-0.12827998005023
"996",-0.16862243754902,1.00096587720117,-0.0387637134041886,-0.0207379324961886
"997",-0.16862243754902,1.01046772057309,-0.105600627414196,-0.0994661842532678
"998",-0.16862243754902,1.0275226478644,-0.226846933974201,-0.0659034173679186
"999",-0.16862243754902,1.00723016568963,-0.0840692884981685,-0.086284189783381
"1000",-0.16862243754902,1.01925869444315,-0.11004854854854,-0.163638635903363
