"","t","","",""
"1",-0.16862243754902,1.01426074020992,-0.165444899306805,0.0367808975492754
"2",-0.16862243754902,1.01389718532677,-0.148912164042642,-0.076240867083759
"3",-0.16862243754902,1.00259776616973,-0.0211642680005263,-0.0689518273038725
"4",-0.16862243754902,1.00500639201122,-0.0791238550259766,-0.0614594463792333
"5",-0.16862243754902,1.01931381443616,-0.15347761856991,-0.124279012300998
"6",-0.16862243754902,1.01779410064462,-0.0985650824297271,-0.161832493129839
"7",-0.16862243754902,1.02987098375299,-0.219804093144754,-0.110997314441204
"8",-0.16862243754902,1.01221282822248,-0.0514930312020127,-0.148065111879114
"9",-0.16862243754902,1.0405601200235,-0.171534368934655,-0.230957406587276
"10",-0.16862243754902,1.01281685631122,-0.106473405360179,-0.120255554462803
"11",-0.16862243754902,1.02313541253759,-0.15051147470406,-0.155410322600784
"12",-0.16862243754902,1.00312212210466,-0.0313493619893635,-0.0726030946902893
"13",-0.16862243754902,1.01554704837385,-0.128532913007699,-0.121717286096043
"14",-0.16862243754902,1.03074939690173,-0.182731803153809,-0.170450600847978
"15",-0.16862243754902,1.01372967193946,-0.113683562668689,-0.121342059276388
"16",-0.16862243754902,1.01751247128531,-0.159475788263995,-0.0994942318866718
"17",-0.16862243754902,1.00498112742757,-0.039549206430999,-0.0917765043802898
"18",-0.16862243754902,1.00139757510617,-0.0272708822499494,-0.0453144834444012
"19",-0.16862243754902,1.0206875305312,-0.14149140384865,-0.14759138734632
"20",-0.16862243754902,1.00442229301718,-0.0672345688781248,-0.065906414389314
"21",-0.16862243754902,1.00512084150277,-0.0879943234143389,-0.0502484335087479
"22",-0.16862243754902,1.02452192118392,-0.189397913921769,-0.117360969612886
"23",-0.16862243754902,1.03752261856375,-0.233633090965763,-0.147880907615427
"24",-0.16862243754902,1.01881656287508,-0.183226002994389,-0.0664486314026766
"25",-0.16862243754902,1.01367307012451,-0.153808908616531,-0.0622568287487071
"26",-0.16862243754902,1.01844427386478,-0.181243237303421,-0.0661787571637375
"27",-0.16862243754902,1.01868074099968,-0.150658693600283,-0.122525140792908
"28",-0.16862243754902,1.04486226467862,-0.151501541369131,-0.262267869004426
"29",-0.16862243754902,1.01876704814173,-0.083049132473518,-0.176037325515944
"30",-0.16862243754902,1.00801314402521,-0.0549144426832544,-0.114345539975903
"31",-0.16862243754902,1.02109780038932,-0.190807506091469,-0.0789507034741511
"32",-0.16862243754902,1.03879432727947,-0.226075735667247,-0.16728244417903
"33",-0.16862243754902,1.02551470454872,-0.190259397441134,-0.124425764739378
"34",-0.16862243754902,1.00665751451327,0.0238163204934661,-0.113102318297116
"35",-0.16862243754902,1.02491060986325,-0.0981774330440597,-0.201997400604892
"36",-0.16862243754902,1.00573929502053,-0.0882427578333208,-0.0610306909543766
"37",-0.16862243754902,1.007506028079,-0.104134944772942,-0.0649946912652184
"38",-0.16862243754902,1.00531506441071,-0.0958202145699048,0.0384300040449268
"39",-0.16862243754902,1.00957723906337,-0.133103971336295,-0.0391092629605216
"40",-0.16862243754902,1.04682663955028,-0.0900839136097564,-0.296194027253885
"41",-0.16862243754902,1.00087407722171,-0.00821118936282022,-0.0410060339909244
"42",-0.16862243754902,1.02576046085147,-0.14523886188318,-0.176324122130538
"43",-0.16862243754902,1.02582564533126,-0.208546493146949,-0.0939500655423028
"44",-0.16862243754902,1.01795803595158,-0.0255619963718542,-0.188640258958362
"45",-0.16862243754902,1.02034439473062,-0.127079803565336,-0.15796647550662
"46",-0.16862243754902,1.04080664822063,-0.259878220665817,-0.125466287917675
"47",-0.16862243754902,1.00642443788252,-0.0824194541399145,-0.0780844590583327
"48",-0.16862243754902,1.02292570217177,-0.0524284522024419,-0.208873764660039
"49",-0.16862243754902,1.02434746023424,-0.169988728945621,-0.142798989211352
"50",-0.16862243754902,1.01785541605902,-0.188463962509892,0.0226049294568448
"51",-0.16862243754902,1.01444715750819,-0.142687953990724,-0.0935049900400414
"52",-0.16862243754902,1.01436655384193,-0.0896793254020955,-0.144558376265719
"53",-0.16862243754902,1.0055834203502,-0.0602014398440179,-0.0870275928882395
"54",-0.16862243754902,1.00812215988855,-0.0476432362783883,-0.118492241498212
"55",-0.16862243754902,1.0309119552115,-0.133201962185656,-0.212218511605129
"56",-0.16862243754902,1.0205991762286,0.00893599670306141,-0.203820574234845
"57",-0.16862243754902,1.03569882823299,-0.252117247606985,-0.0954408521664885
"58",-0.16862243754902,1.02466599963371,-0.177325301789728,-0.136000544669981
"59",-0.16862243754902,1.00500132583436,-0.0903580659907155,-0.0431634664876469
"60",-0.16862243754902,1.02805870390304,-0.126358283111905,-0.202332110550496
"61",-0.16862243754902,1.00691872191619,-0.0754248770005817,-0.090533974146636
"62",-0.16862243754902,1.02883059050632,-0.219533842973405,-0.101475493351433
"63",-0.16862243754902,1.04169197391654,-0.0493266339487473,-0.287557040785686
"64",-0.16862243754902,1.01339232527191,-0.161901631012148,-0.0274201895620778
"65",-0.16862243754902,1.0181387301502,-0.164919077947628,-0.096995729600632
"66",-0.16862243754902,1.00505391372522,-0.0657740578694925,-0.0762046114468693
"67",-0.16862243754902,1.03954267916382,-0.216605979356267,-0.183659553277788
"68",-0.16862243754902,1.02358493351141,-0.176277141943565,-0.129044509142223
"69",-0.16862243754902,1.01947581063754,-0.114860067276442,-0.161672797403617
"70",-0.16862243754902,1.03333839391617,-0.255264003835279,-0.0512691397161812
"71",-0.16862243754902,1.01738432594915,-0.12701939446983,-0.137611555167134
"72",-0.16862243754902,1.01806901877878,-0.167478155679482,-0.0917365487000467
"73",-0.16862243754902,1.00508952523751,-0.089619659288106,-0.0466183484396577
"74",-0.16862243754902,1.00120392189433,-0.0425726837349126,-0.0244307146067003
"75",-0.16862243754902,1.00671214055125,-0.111602621193532,-0.0318463322223114
"76",-0.16862243754902,1.0223053276493,-0.192287393166571,-0.0901872572448463
"77",-0.16862243754902,1.0374997723496,-0.0838235023180464,-0.263399692643326
"78",-0.16862243754902,1.01161682279072,-0.0475984697615319,-0.145268653981313
"79",-0.16862243754902,1.01726252165557,-0.0521143570657157,-0.179184630347233
"80",-0.16862243754902,1.01420269713031,-0.148728324650313,-0.0805418916657972
"81",-0.16862243754902,1.01697240939696,-0.019360335358335,-0.184005594723281
"82",-0.16862243754902,1.00822325497437,-0.0129641227150942,-0.127851724248616
"83",-0.16862243754902,1.01624126697475,-0.139204056958562,-0.115622416635882
"84",-0.16862243754902,1.01548671144766,-0.123702775164401,-0.126138354767308
"85",-0.16862243754902,1.01706965714824,-0.0825405512591708,-0.166185874518485
"86",-0.16862243754902,1.02807086001232,-0.185895288794143,-0.149574846851383
"87",-0.16862243754902,1.04873424794264,-0.10190371261055,-0.299097235299828
"88",-0.16862243754902,1.02608133535261,0.0516762098482568,-0.22399213400187
"89",-0.16862243754902,1.03262319629239,-0.238401786525987,-0.0973409148422203
"90",-0.16862243754902,1.0222926441755,-0.163031155130543,-0.136026073942226
"91",-0.16862243754902,1.01651318960683,-0.182257409087459,-0.00901673318813936
"92",-0.16862243754902,1.02058683782762,-0.19158512988243,-0.0699473484479963
"93",-0.16862243754902,1.02374668919156,0.00117385614436136,-0.219216572577074
"94",-0.16862243754902,1.01770655195401,0.0737332738757147,-0.174040312036285
"95",-0.16862243754902,1.01594213070699,-0.168520369954597,-0.0611497984937509
"96",-0.16862243754902,1.00304153279262,-0.0728663015915798,0.0279788956061049
"97",-0.16862243754902,1.03838193180454,-0.188053025463118,-0.207058194506513
"98",-0.16862243754902,1.02262379488975,-0.0182371497005113,-0.213135713209975
"99",-0.16862243754902,1.00353603327423,-0.0605978572784345,0.0584163485082647
"100",-0.16862243754902,1.01508162749209,0.03552646709295,-0.170670971778684
"101",-0.16862243754902,1.02980148630776,-0.168454850188915,-0.179203974982441
"102",-0.16862243754902,1.03139765050091,-0.224478155213792,-0.115718068125141
"103",-0.16862243754902,1.02449035763631,-0.179224440361497,-0.132132860662575
"104",-0.16862243754902,1.00947312879555,-0.123985967578078,-0.0605266685355175
"105",-0.16862243754902,1.01583174487208,-0.146111267936411,-0.102789256597483
"106",-0.16862243754902,1.00452532922938,-0.0944662272310263,-0.0121354429723153
"107",-0.16862243754902,1.01790703992442,-0.146472209999123,-0.121163664626291
"108",-0.16862243754902,1.0089041213259,-0.114203825925428,-0.0696061216588338
"109",-0.16862243754902,1.00867930706166,-0.118965325636792,-0.0572817230058218
"110",-0.16862243754902,1.00682386187869,-0.0396977783758661,-0.110083492133614
"111",-0.16862243754902,1.0158306487784,-0.154537204695958,-0.0896111564611024
"112",-0.16862243754902,1.01439502179185,-0.0267080120405209,-0.168178305167283
"113",-0.16862243754902,1.02027989152646,-0.0721467587348495,-0.189118751733687
"114",-0.16862243754902,1.02391718886357,-0.132040491863349,-0.175987835257898
"115",-0.16862243754902,1.00498258284499,-0.0916547014085586,-0.0398673742740199
"116",-0.16862243754902,1.03985992355703,-0.211274560485843,-0.191498618040805
"117",-0.16862243754902,1.01348502166252,-0.0414033401510682,-0.159491857342668
"118",-0.16862243754902,1.00697042217813,-0.0464505555300567,-0.108773972220136
"119",-0.16862243754902,1.02515501555463,-0.219145021979477,0.0540209705432233
"120",-0.16862243754902,1.02915318944764,-0.186892029732225,-0.155652358070226
"121",-0.16862243754902,1.02543166953566,-0.157038806015594,-0.163856407539898
"122",-0.16862243754902,1.02968108044425,-0.120829110822812,-0.213643285414293
"123",-0.16862243754902,1.01781220936985,-0.11609108288076,-0.149881800155653
"124",-0.16862243754902,1.02281885828202,-0.0399488853433786,-0.211098326419604
"125",-0.16862243754902,1.00474976311668,-0.096301702297406,0.0157501942099239
"126",-0.16862243754902,1.02620792176408,-0.0954986344337639,-0.209720551002138
"127",-0.16862243754902,1.02345327846584,-0.197871844738659,-0.0911226989404726
"128",-0.16862243754902,1.01193872423182,-0.13118260236767,-0.0825294276968219
"129",-0.16862243754902,1.00483263175026,0.0239232876994845,-0.0954792864227796
"130",-0.16862243754902,1.01492164721406,-0.162797568269821,-0.0596900473205992
"131",-0.16862243754902,1.05072039263556,-0.320185476702592,-0.0386601087550046
"132",-0.16862243754902,1.04796555610039,-0.21978815439669,-0.223438971443437
"133",-0.16862243754902,1.00511308891986,-0.00138589730481795,-0.101244263080359
"134",-0.16862243754902,1.03189999139746,-0.179813678419252,-0.180234939175028
"135",-0.16862243754902,1.00975067453061,-0.0694146726706786,-0.12156491242559
"136",-0.16862243754902,1.03952006615182,-0.224404353157748,-0.173909902582146
"137",-0.16862243754902,1.00315582779407,-0.0772477389500494,0.0188255588048245
"138",-0.16862243754902,1.0114600624908,-0.129877374751019,-0.0786341245368037
"139",-0.16862243754902,1.0301250051964,-0.24063709587905,-0.0570202982962163
"140",-0.16862243754902,1.00200148579297,-0.0486651441084425,-0.040480628456432
"141",-0.16862243754902,1.01642026569072,-0.172218460439682,-0.0587448584182594
"142",-0.16862243754902,1.00516711895816,-0.056324780854022,-0.0847847633504496
"143",-0.16862243754902,1.0249509887783,-0.110881768936307,-0.195524327681157
"144",-0.16862243754902,1.00065217161701,-0.0356095207580793,0.00606057697114448
"145",-0.16862243754902,1.01355774434817,-0.154575415911914,-0.0583587347688146
"146",-0.16862243754902,1.01479479010379,-0.117360238671281,-0.126629540000833
"147",-0.16862243754902,1.02939841194287,-0.200149773739997,-0.140004137732909
"148",-0.16862243754902,1.02400492874188,-0.120307127969027,-0.184695124590495
"149",-0.16862243754902,1.0110393303582,-0.0989321327746828,-0.11141346703074
"150",-0.16862243754902,1.02185222088698,-0.11496113538985,-0.175971300732604
"151",-0.16862243754902,1.00003618762255,-0.00171487425035055,0.00833281230687331
"152",-0.16862243754902,1.00172537442827,-0.0440246524059342,-0.0389301394036845
"153",-0.16862243754902,1.01594986429528,-0.125788929450077,-0.127793865226011
"154",-0.16862243754902,1.02658689966881,-0.214874274616311,-0.0878049467839482
"155",-0.16862243754902,1.04597290836636,-0.264000376396227,-0.156086919051634
"156",-0.16862243754902,1.00430965803406,-0.0755200880719375,-0.0541719993916955
"157",-0.16862243754902,1.05184571301099,-0.201482702391658,-0.256484160556834
"158",-0.16862243754902,1.03023882032513,-0.197055960156124,-0.150203114055164
"159",-0.16862243754902,1.03510028524788,-0.19677651022117,-0.18086349975993
"160",-0.16862243754902,1.02283445861596,-0.166287783532069,-0.136156905003713
"161",-0.16862243754902,1.02990965352071,-0.123712888546965,-0.213093912682931
"162",-0.16862243754902,1.01062119217702,-0.124119687422099,-0.0771329843293173
"163",-0.16862243754902,1.05018099531175,-0.135159608974245,-0.290881424322521
"164",-0.16862243754902,1.00850395143563,-0.113787159297957,-0.0642860983430738
"165",-0.16862243754902,1.02077664258776,-0.17678644354961,-0.103592989288929
"166",-0.16862243754902,1.0329975976175,-0.095282831267577,-0.240842726170342
"167",-0.16862243754902,1.01350736305514,-0.105085079263377,-0.127099571530349
"168",-0.16862243754902,1.01173836959993,-0.101796463515774,-0.115117368526218
"169",-0.16862243754902,1.01205781926177,-0.127090272463278,-0.0900504979114407
"170",-0.16862243754902,1.02016335813532,-0.155433268110787,-0.128739179919489
"171",-0.16862243754902,1.02733874226384,-0.11654154553399,-0.20455551696494
"172",-0.16862243754902,1.01510610453817,-0.12804828685224,-0.118507551256698
"173",-0.16862243754902,1.02612458084744,-0.17022369949642,-0.154775797685184
"174",-0.16862243754902,1.02592210988475,-0.202894205530816,-0.106536927458971
"175",-0.16862243754902,1.01292386552746,-0.14266988451123,-0.0752333796173699
"176",-0.16862243754902,1.0261928221945,-0.184295138232912,-0.138228109830216
"177",-0.16862243754902,1.02552470864566,-0.206236424851258,-0.0957468804052437
"178",-0.16862243754902,1.01264436520722,-0.158172930729991,-0.0207348588185274
"179",-0.16862243754902,1.02450727937582,-0.221157975054334,0.0265389442878973
"180",-0.16862243754902,1.01423037291933,-0.109583152611364,-0.129053407610318
"181",-0.16862243754902,1.0286715174574,-0.0912662853101637,-0.223238786938542
"182",-0.16862243754902,1.00241598034837,-0.0631815031102246,0.0290842796456688
"183",-0.16862243754902,1.01645865844531,-0.161501760417469,-0.0842934499857631
"184",-0.16862243754902,1.03135057988154,-0.149680668236583,-0.20317410311909
"185",-0.16862243754902,1.02302823038798,-0.134628957608671,-0.168706265277754
"186",-0.16862243754902,1.00872012348826,-0.104140159693842,-0.0816768918917908
"187",-0.16862243754902,1.0178878887379,-0.174617201321201,-0.0748637899257545
"188",-0.16862243754902,1.02962213249511,-0.0566329376172357,-0.238567487517936
"189",-0.16862243754902,1.0118182723108,-0.0406648167377955,-0.148736642632864
"190",-0.16862243754902,1.01298871103935,-0.0561529149881045,-0.151634359007159
"191",-0.16862243754902,1.02165425611833,-0.0934029790025577,-0.187225272220756
"192",-0.16862243754902,1.0078349580161,-0.0628068465621214,-0.108566120978155
"193",-0.16862243754902,1.00754546920288,-0.0904694911830647,-0.0834454532992913
"194",-0.16862243754902,1.00728286410995,-0.117431248835196,-0.0287866310385474
"195",-0.16862243754902,1.00133267321196,-0.0356022667212866,-0.0374112422424327
"196",-0.16862243754902,1.00625247602778,-0.0954929418206788,-0.0585247261802573
"197",-0.16862243754902,1.00703131159995,-0.111048809608156,-0.042192705854511
"198",-0.16862243754902,1.00392244239116,-0.0556409031306559,-0.0690243452373258
"199",-0.16862243754902,1.00346878204607,-0.0468401225194285,-0.0689608545727053
"200",-0.16862243754902,1.00345124712611,-0.0797272537685529,-0.0236213963486582
"201",-0.16862243754902,1.00519001147542,0.083522723148179,-0.0585740035157028
"202",-0.16862243754902,1.05291881165507,-0.140583486450252,-0.298117941886455
"203",-0.16862243754902,1.00727287702799,-0.0140263742989913,-0.120007956487346
"204",-0.16862243754902,1.01560901390803,-0.0897095138436793,-0.15301592158064
"205",-0.16862243754902,1.00537760110158,-0.0500291854285072,-0.0910011065983398
"206",-0.16862243754902,1.00730747248318,-0.0219268037091729,-0.119111541840236
"207",-0.16862243754902,1.04797201585611,-0.219160510452479,-0.224084842583625
"208",-0.16862243754902,1.02981000788623,-0.211028539607605,-0.126394651048704
"209",-0.16862243754902,1.01716341589534,-0.135053928573754,-0.12799160524295
"210",-0.16862243754902,1.02213288244883,-0.208374806632361,-0.0365454421793568
"211",-0.16862243754902,1.01007274331147,-0.0631164393018401,-0.127527494567334
"212",-0.16862243754902,1.01309233350224,-0.0871860554719382,-0.136947683194196
"213",-0.16862243754902,1.03327574476575,-0.190363632939995,-0.177258150659122
"214",-0.16862243754902,1.00284898831391,-0.0429429994573936,-0.0621449286734648
"215",-0.16862243754902,1.03294337216766,-0.16539787908072,-0.199036558703936
"216",-0.16862243754902,1.03123341827145,-0.239083771341607,-0.0792547363941296
"217",-0.16862243754902,1.01133403168442,-0.129727552486369,-0.0772482088397656
"218",-0.16862243754902,1.02155077572931,-0.183562875723849,-0.0993511854441092
"219",-0.16862243754902,1.00466440121349,-0.0869028817785133,-0.0424081148397321
"220",-0.16862243754902,1.02054093847456,-0.174983751681653,-0.104328777189955
"221",-0.16862243754902,1.00025177330945,-0.00377742311094095,-0.0221210552038943
"222",-0.16862243754902,1.0278437684833,-0.218309323223134,-0.0938288431336569
"223",-0.16862243754902,1.02253533450272,-0.0825275309111557,-0.196895192801379
"224",-0.16862243754902,1.02445357547405,-0.174557828845539,-0.137966273742184
"225",-0.16862243754902,1.02502061716696,-0.161117181327183,-0.157189438253712
"226",-0.16862243754902,1.00920332572487,-0.0896595578208115,-0.102237548608734
"227",-0.16862243754902,1.03881848489488,-0.217002432364648,-0.179035719640287
"228",-0.16862243754902,1.02215558965704,-0.184289274551736,-0.104112980709977
"229",-0.16862243754902,1.014731123883,0.0775800224705524,-0.153820004844368
"230",-0.16862243754902,1.0369286446091,-0.274242076492433,-0.00350677800744196
"231",-0.16862243754902,1.02202841022373,-0.132288107911284,-0.164444300021917
"232",-0.16862243754902,1.01347028431787,-0.0951524441360281,-0.134417370790678
"233",-0.16862243754902,1.01296958631547,-0.0352726894496001,-0.157680753990834
"234",-0.16862243754902,1.00370643966746,-0.0377402143710489,-0.0774744683696422
"235",-0.16862243754902,1.01229210475278,-0.143683688413973,-0.0639554769239579
"236",-0.16862243754902,1.01017686336644,-0.105313049750238,-0.0967804568762207
"237",-0.16862243754902,1.00578721133362,-0.0946319354839982,-0.051504478143315
"238",-0.16862243754902,1.00089140209882,0.00857923370037593,-0.0413520923831028
"239",-0.16862243754902,1.017386180389,-0.05806020734972,-0.178055194726307
"240",-0.16862243754902,1.03853981671008,-0.266553315868424,-0.0866849507801887
"241",-0.16862243754902,1.02634859221993,-0.226802188754378,-0.0441837065903854
"242",-0.16862243754902,1.0092194256443,-0.128325911918661,-0.0453465481382968
"243",-0.16862243754902,1.02847343459274,-0.168445476006458,-0.171416823199871
"244",-0.16862243754902,1.01187420065638,-0.0132300693091708,-0.153994685687746
"245",-0.16862243754902,1.03111197882083,-0.03479777606176,-0.248959891647173
"246",-0.16862243754902,1.01970139182169,-0.149886987850443,-0.131623779600099
"247",-0.16862243754902,1.02288861994021,-0.100753107304886,-0.190131376084022
"248",-0.16862243754902,1.00550246625573,-0.00483101211285396,-0.10493746217779
"249",-0.16862243754902,1.02720148752543,-0.133554498631225,-0.193147849767535
"250",-0.16862243754902,1.01913659975381,-0.0166324938104763,-0.195864159833812
"251",-0.16862243754902,1.02591662246416,-0.189429454594783,-0.128924000791894
"252",-0.16862243754902,1.00327837919375,0.0200849258242994,-0.0785117947334845
"253",-0.16862243754902,1.01758663272768,-0.170470363732342,-0.0801399413215775
"254",-0.16862243754902,1.01127239545469,-0.134751458522984,-0.0671855805556432
"255",-0.16862243754902,1.03618007839882,-0.181408139402316,-0.201891658641867
"256",-0.16862243754902,1.03180501896214,-0.0823096373484894,-0.240513452336911
"257",-0.16862243754902,1.00530993693894,-0.0422172395062559,-0.0941582391331058
"258",-0.16862243754902,1.01141163837738,-0.0646293773834758,-0.137027536737105
"259",-0.16862243754902,1.00768170660254,-0.109115234378569,-0.0592982921164389
"260",-0.16862243754902,1.02605343116798,-0.143160524316711,-0.179696154352117
"261",-0.16862243754902,1.01653019019329,-0.129678497025881,-0.128518928502832
"262",-0.16862243754902,1.00668480965864,-0.0253411917016789,-0.113013848711541
"263",-0.16862243754902,1.00446642836769,-0.094325635949857,-0.00744849786234946
"264",-0.16862243754902,1.00743394060073,-0.0894273106902597,-0.0832219969540673
"265",-0.16862243754902,1.04661754271937,-0.201720141198532,-0.23391721903865
"266",-0.16862243754902,1.00827228219939,0.0313092082778096,-0.125030910292577
"267",-0.16862243754902,1.00287895205801,-0.0445353647539082,-0.0615044207127047
"268",-0.16862243754902,1.00476587820539,-0.0825094128221713,-0.0524086519725722
"269",-0.16862243754902,1.02077278029932,-0.0664690221668737,-0.193801285063276
"270",-0.16862243754902,1.01703589240182,-0.136281062920398,-0.125656190945191
"271",-0.16862243754902,1.01934275647069,-0.149075420697682,-0.129754283601996
"272",-0.16862243754902,1.02514203226291,-0.112653373300678,-0.195513180619875
"273",-0.16862243754902,1.02172240447097,-0.192367923893108,-0.0831339500745976
"274",-0.16862243754902,1.04312404019252,-0.125647195996577,-0.268924794999942
"275",-0.16862243754902,1.00495305271526,-0.0229610885782726,-0.096971266739328
"276",-0.16862243754902,1.02595026154889,-0.153979203667091,-0.169895097075476
"277",-0.16862243754902,1.03136862904629,-0.133848664911967,-0.214022858316844
"278",-0.16862243754902,1.01245633727314,-0.11444478982458,-0.109408523281112
"279",-0.16862243754902,1.01776865025752,-0.144963272581292,-0.121814100372402
"280",-0.16862243754902,1.02463766787159,-0.12802200922234,-0.183010151565434
"281",-0.16862243754902,1.05574299199016,-0.188108752855953,-0.28143980215194
"282",-0.16862243754902,1.0026141021352,-0.0033776684640117,-0.0722746785266128
"283",-0.16862243754902,1.02299252721814,-0.0978622783037009,-0.192189191239676
"284",-0.16862243754902,1.02072813850937,-0.129355384813416,-0.158597342867337
"285",-0.16862243754902,1.00876826436705,-0.0478319208760668,-0.123796278374692
"286",-0.16862243754902,1.01669322562852,-0.102981814702371,-0.15185473611164
"287",-0.16862243754902,1.00465055947698,-0.0446919446577995,-0.0855884147540207
"288",-0.16862243754902,1.00706070284428,-0.116122280458679,-0.0262083039185443
"289",-0.16862243754902,1.02343603651354,-0.100141617938642,-0.193372638165733
"290",-0.16862243754902,1.01773918644187,-0.0947518809163782,-0.163753267699178
"291",-0.16862243754902,1.01775373585206,-0.104942288674302,-0.157511215120128
"292",-0.16862243754902,1.02530822862608,-0.163129880639801,-0.156989189853275
"293",-0.16862243754902,1.00918235775846,0.0112053958441513,-0.13536421356803
"294",-0.16862243754902,1.05388926225222,-0.302186041618489,-0.139162399165394
"295",-0.16862243754902,1.00556625562622,-0.016386123370724,-0.104379065980728
"296",-0.16862243754902,1.05188963943048,-0.236227689228337,-0.225096184736702
"297",-0.16862243754902,1.00276905706239,-0.0705297543253467,-0.0239026265626102
"298",-0.16862243754902,1.00448472850652,-0.0648790511007415,-0.0691395583662096
"299",-0.16862243754902,1.00682207943377,-0.0964970674319841,-0.0661741309906166
"300",-0.16862243754902,1.02201764575215,-0.156676197781609,-0.14132458129235
"301",-0.16862243754902,1.00383196425068,0.0463685644719204,-0.0743543454022404
"302",-0.16862243754902,1.0115744363397,-0.143812315842921,-0.0509986084896249
"303",-0.16862243754902,1.02154214218645,-0.133020833913535,-0.160791187593815
"304",-0.16862243754902,1.02688356390455,-0.132192763656529,-0.192392637733786
"305",-0.16862243754902,1.0093687244715,-0.0867560526832974,-0.106294916454362
"306",-0.16862243754902,1.02855011853037,-0.193511960826817,-0.143068051450361
"307",-0.16862243754902,1.01542390504895,-0.0553328936990267,-0.167403637414963
"308",-0.16862243754902,1.01362939757961,-0.0503562855760575,-0.157825220229829
"309",-0.16862243754902,1.01131033417074,-0.0711974682088862,-0.132964328002615
"310",-0.16862243754902,1.01407523919243,-0.142216947369692,-0.0901273023230747
"311",-0.16862243754902,1.05555762137858,-0.303447105745123,-0.148733809422467
"312",-0.16862243754902,1.02163123757011,-0.16522348500634,-0.128185746404933
"313",-0.16862243754902,1.01536832659788,-0.143923530749376,-0.101286010656963
"314",-0.16862243754902,1.02606677419143,-0.101200756743192,-0.206328456433465
"315",-0.16862243754902,1.00142218609555,-0.0290843688702639,-0.0447268855589734
"316",-0.16862243754902,1.02713726262158,-0.119867366443263,-0.201600522637476
"317",-0.16862243754902,1.00695230477072,0.0133092630972234,-0.117370386379544
"318",-0.16862243754902,1.00853120300558,-0.121451553247676,-0.0488334685397061
"319",-0.16862243754902,1.02532367486343,-0.105724052883185,-0.200277464726803
"320",-0.16862243754902,1.04055170044393,-0.173766398713975,-0.229244585486183
"321",-0.16862243754902,1.01368749989444,-0.159884132332047,-0.0447147813442513
"322",-0.16862243754902,1.03374086084528,-0.171092086129807,-0.198362459767206
"323",-0.16862243754902,1.01877050466336,-0.177572578482333,0.0797578870280019
"324",-0.16862243754902,1.03774077338996,-0.271306784107244,-0.0574329317846257
"325",-0.16862243754902,1.01440344641261,-0.139917631484675,-0.0971463251672861
"326",-0.16862243754902,1.01393442322898,-0.120558991500024,-0.116312270105843
"327",-0.16862243754902,1.0355780784777,-0.186082175781402,-0.194410340465805
"328",-0.16862243754902,1.01446514264777,-0.159231465995403,-0.061521263676109
"329",-0.16862243754902,1.01240901123615,-0.144252881445352,-0.0645221839901869
"330",-0.16862243754902,1.01487071034027,-0.12043177109016,-0.124333210441348
"331",-0.16862243754902,1.01333764259297,-0.160801767915175,-0.0315589817838431
"332",-0.16862243754902,1.04355337759841,-0.208769502513068,-0.213117213564519
"333",-0.16862243754902,1.01030522330951,-0.140191784329431,-0.032602267605233
"334",-0.16862243754902,1.01562879060599,-0.166494474164146,-0.0614933360665913
"335",-0.16862243754902,1.03434648947697,-0.147099465535807,-0.219623331029329
"336",-0.16862243754902,1.01639565452749,-0.172871844491315,-0.0563511483869688
"337",-0.16862243754902,1.01776247136471,-0.138333378280176,-0.129245211021524
"338",-0.16862243754902,1.01561663747813,-0.0328502284206084,-0.174350270476121
"339",-0.16862243754902,1.01238364917169,-0.105627049915124,-0.117318282617872
"340",-0.16862243754902,1.00703710739318,-0.0961615300932724,-0.0698333430171614
"341",-0.16862243754902,1.00636538777242,-0.057172825340381,-0.0974810840570598
"342",-0.16862243754902,1.00676539714091,0.00612519600262145,-0.116357409967018
"343",-0.16862243754902,1.01363436471178,-0.00882844526355224,-0.165459009663641
"344",-0.16862243754902,1.04129761393017,-0.221832064687293,-0.187326602097084
"345",-0.16862243754902,1.00429616536369,0.00460438643624273,-0.0926800269192918
"346",-0.16862243754902,1.01089755997009,-0.0621537310160427,-0.134353230233809
"347",-0.16862243754902,1.00454892979837,-0.0705552265291669,-0.0643468131959733
"348",-0.16862243754902,1.02152931002754,-0.166387780182344,-0.12584608794606
"349",-0.16862243754902,1.00731164791708,-0.100530037024712,-0.0676052341556243
"350",-0.16862243754902,1.04118309500863,-0.162882899629243,-0.239857037295385
"351",-0.16862243754902,1.01135951973728,-0.104577152286492,-0.109140722843857
"352",-0.16862243754902,1.0166185283404,-0.136314306609573,-0.122195098013627
"353",-0.16862243754902,1.00137311481507,-0.0248367664829077,-0.0461654644199796
"354",-0.16862243754902,1.03385915215664,-0.0143766496214738,-0.262026827717511
"355",-0.16862243754902,1.00901941903501,-0.0879250348868797,-0.101928289644686
"356",-0.16862243754902,1.03762407522171,-0.14987915094866,-0.232808852045225
"357",-0.16862243754902,1.05556290117291,-0.116517941459956,-0.317232734203937
"358",-0.16862243754902,1.02285895768379,-0.131715350608026,-0.169975038544415
"359",-0.16862243754902,1.00831792707438,-0.08303623373057,-0.0990455751026603
"360",-0.16862243754902,1.0094958358731,0.0265600936375075,-0.135559596012603
"361",-0.16862243754902,1.04026011998821,-0.168848975614309,-0.231583981898338
"362",-0.16862243754902,1.01250864142898,-0.0850997978423513,-0.133909571635298
"363",-0.16862243754902,1.02548996226767,-0.224525306962311,-0.0349005622479261
"364",-0.16862243754902,1.02808219354508,-0.161211582647167,-0.175965400874311
"365",-0.16862243754902,1.02597923971005,-0.158465907073873,-0.16589742798269
"366",-0.16862243754902,1.0536625284913,-0.314846649148951,-0.10524405667949
"367",-0.16862243754902,1.03348024452979,-0.0929816266794727,-0.243794653209206
"368",-0.16862243754902,1.02078442130104,-0.115869782651958,-0.169041498570861
"369",-0.16862243754902,1.00618779416711,-0.103291526731617,-0.0417700566951863
"370",-0.16862243754902,1.01522768228994,-0.100602697524492,-0.143409707267672
"371",-0.16862243754902,1.04255599236595,-0.177810886225,-0.235172885252618
"372",-0.16862243754902,1.00927914242704,-0.136537177577244,0.00140942453146667
"373",-0.16862243754902,1.03335752063641,-0.102870693695338,-0.239260079901472
"374",-0.16862243754902,1.01841547593167,-0.158073491565641,-0.110375961519594
"375",-0.16862243754902,1.01036057169022,-0.144184694838103,0.00626566841004731
"376",-0.16862243754902,1.02332042274779,-0.207997369470833,-0.062624131977432
"377",-0.16862243754902,1.00461852365899,0.0130830311335601,-0.0953268712122955
"378",-0.16862243754902,1.0448153284569,-0.160008193392094,-0.256975579824042
"379",-0.16862243754902,1.02465727144418,-0.125313022064966,-0.184984243719248
"380",-0.16862243754902,1.0234325310318,-0.156930456134359,-0.150953560778229
"381",-0.16862243754902,1.00625656089835,-0.0711579102214264,-0.0865379579368995
"382",-0.16862243754902,1.01266933588127,-0.107449645289212,-0.118126024065143
"383",-0.16862243754902,1.00123235607803,-0.0383718972166361,0.0315250434031272
"384",-0.16862243754902,1.00959229079947,-0.136904420502492,-0.0231035341151106
"385",-0.16862243754902,1.02696822557532,-0.195922779357268,-0.127585269017379
"386",-0.16862243754902,1.00590594008184,-0.019475427296082,-0.107086264401926
"387",-0.16862243754902,1.0112033985323,-0.020932818949296,-0.148640944204855
"388",-0.16862243754902,1.01369436086447,-0.137315727344759,-0.0933844112912375
"389",-0.16862243754902,1.00226688937187,-0.0408803664366532,-0.0535510333342176
"390",-0.16862243754902,1.00977551248113,-0.0853877147406813,-0.111155403727809
"391",-0.16862243754902,1.01624673175032,-0.149531460745331,-0.101969417182706
"392",-0.16862243754902,1.00962831798464,-0.111045557573737,-0.0837748447902056
"393",-0.16862243754902,1.02598088661252,-0.0470394257100431,-0.224553049685557
"394",-0.16862243754902,1.00887209751656,-0.0950287256417463,-0.0937680673277123
"395",-0.16862243754902,1.01725727177018,-0.068066809666115,-0.173721807471578
"396",-0.16862243754902,1.04258793706687,-0.273970512168775,-0.109223463501837
"397",-0.16862243754902,1.02930603412422,-0.033724016976695,-0.241523503128548
"398",-0.16862243754902,1.02670156783591,-0.0732542845063068,-0.220793838678049
"399",-0.16862243754902,1.03390804760949,-0.222254544877758,-0.139888413361689
"400",-0.16862243754902,1.00376210143444,-0.0661137252487703,-0.0562790512518978
"401",-0.16862243754902,1.02338421395418,-0.123380796811317,-0.179143597007568
"402",-0.16862243754902,1.01491913052023,-0.153493629591048,-0.0806259708214609
"403",-0.16862243754902,1.01506824744031,-0.174225283608519,-0.00301620839516758
"404",-0.16862243754902,1.01883306942365,-0.101048471449344,-0.166763394571374
"405",-0.16862243754902,1.00557085428502,-0.0576027466702184,-0.0886265567623719
"406",-0.16862243754902,1.03607781681506,-0.0954971119757176,-0.253648465598674
"407",-0.16862243754902,1.00690089326071,-0.0876319276868668,-0.0785496919096632
"408",-0.16862243754902,1.02817216159327,-0.123138313397212,-0.204877889605183
"409",-0.16862243754902,1.02603553934122,-0.209461970728541,-0.0942051527770522
"410",-0.16862243754902,1.00386867035471,0.0849977028935631,0.0229716743525543
"411",-0.16862243754902,1.0154881329115,-0.150345219516986,-0.0928033569030793
"412",-0.16862243754902,1.03468238442128,-0.232835055821776,-0.127888519469817
"413",-0.16862243754902,1.03887951491865,-0.188628199922772,-0.209021646514209
"414",-0.16862243754902,1.03003009029782,-0.0906013508345106,-0.229681044376515
"415",-0.16862243754902,1.01231354283837,-0.0536474132338771,-0.147988729527925
"416",-0.16862243754902,1.03680824213063,-0.0914398905751418,-0.258089281764317
"417",-0.16862243754902,1.02042474667489,-0.132769043012192,-0.153749942582532
"418",-0.16862243754902,1.04752392730536,-0.225250420679145,-0.215797651194619
"419",-0.16862243754902,1.0115587789081,-0.127560153463556,-0.0835438234366028
"420",-0.16862243754902,1.02350729407478,-0.177577979041477,-0.126622440285413
"421",-0.16862243754902,1.00548744832742,-0.0356601151752789,-0.0986578173773772
"422",-0.16862243754902,1.02834238752233,-0.170955254992882,-0.168114148022864
"423",-0.16862243754902,1.02555058454172,-0.109126757281519,-0.199613006337448
"424",-0.16862243754902,1.01344041776521,-0.121881681256972,-0.110482288780108
"425",-0.16862243754902,1.00604460247433,-0.107469819966976,-0.0239995825795733
"426",-0.16862243754902,1.02571185515634,-0.153961497262598,-0.168465626075231
"427",-0.16862243754902,1.0142613773163,-0.132716613364863,-0.105415568359285
"428",-0.16862243754902,1.01505812400829,-0.0681428922070077,-0.160310764943853
"429",-0.16862243754902,1.04884318986529,-0.258959423493966,-0.18169219551335
"430",-0.16862243754902,1.01805265722171,-0.108848943759627,-0.156790051720786
"431",-0.16862243754902,1.00850112806047,-0.0568623631235331,-0.117648616478242
"432",-0.16862243754902,1.0135794727623,-0.111378099401708,-0.122222201660632
"433",-0.16862243754902,1.01652954484984,-0.126567187769844,-0.131579111308232
"434",-0.16862243754902,1.00948637869133,-0.137597296940016,-0.0113900236231237
"435",-0.16862243754902,1.03891923110864,-0.16232540264386,-0.23022517764981
"436",-0.16862243754902,1.01193770056406,-0.11562878365133,-0.103188634132743
"437",-0.16862243754902,1.00676652571345,-0.0850099751420677,-0.0797003226058762
"438",-0.16862243754902,1.01336531162828,-0.109559293008075,-0.122090196686913
"439",-0.16862243754902,1.03483008208915,-0.179505501155552,-0.196598763606339
"440",-0.16862243754902,1.02234789066047,-0.1165507851343,-0.177795174350979
"441",-0.16862243754902,1.02969491779186,-0.177552034800217,-0.169549103992606
"442",-0.16862243754902,1.02384125187414,-0.155840013395783,-0.154805682273012
"443",-0.16862243754902,1.01193861734269,-0.124065870211108,-0.0928839335848217
"444",-0.16862243754902,1.01557420954023,-0.153690240373498,-0.0881492206272406
"445",-0.16862243754902,1.02515085228624,-0.161730836446844,-0.157408406654154
"446",-0.16862243754902,1.02904354204768,-0.217263486671193,-0.108292145557826
"447",-0.16862243754902,1.04284795686967,-0.141194554114147,-0.259992228798761
"448",-0.16862243754902,1.03523497044026,-0.217871412581179,-0.155703216416138
"449",-0.16862243754902,1.03136311482686,-0.175984336016338,-0.180940288775747
"450",-0.16862243754902,1.01527775349581,0.0492428428333128,-0.16841632691992
"451",-0.16862243754902,1.00444568140529,-0.032370588319892,-0.0886750917989796
"452",-0.16862243754902,1.03693745098664,-0.111480640118714,-0.25062191471896
"453",-0.16862243754902,1.02476131431082,-0.194917560660905,-0.110194808652904
"454",-0.16862243754902,1.04079028746067,-0.201966142365113,-0.206043926895743
"455",-0.16862243754902,1.00655995278889,0.0114520770957908,-0.114156859139371
"456",-0.16862243754902,1.00204304256788,-0.00759496320213977,-0.063502564457269
"457",-0.16862243754902,1.01490281340292,-0.172672652587761,0.0145559507238564
"458",-0.16862243754902,1.01355863384502,-0.165214721020719,0.0022803946656576
"459",-0.16862243754902,1.00827279753129,-0.080442026704103,-0.100713030841659
"460",-0.16862243754902,1.03462491510118,-0.255835991115537,-0.0706870610371041
"461",-0.16862243754902,1.01213159938102,-0.123088521439631,-0.0962267652755443
"462",-0.16862243754902,1.02231427229126,-0.206130597134071,-0.0513483033367685
"463",-0.16862243754902,1.00884596851722,-0.0699544971265526,-0.113474915841421
"464",-0.16862243754902,1.01191743796178,-0.123012256067981,-0.094047254655335
"465",-0.16862243754902,1.00865419115562,-0.0973745686924746,-0.0888902171655767
"466",-0.16862243754902,1.01953507188304,-0.183236984026492,-0.0766548790647313
"467",-0.16862243754902,1.01756563209719,-0.15557938917448,-0.105994666325451
"468",-0.16862243754902,1.02927258049707,-0.1365636947948,-0.20187224233928
"469",-0.16862243754902,1.00199262191985,-0.0136285153386582,-0.061672343489502
"470",-0.16862243754902,1.00359705435833,-0.071138952729093,-0.0463281439442672
"471",-0.16862243754902,1.00234521372794,-0.0605858747792031,-0.0320199822070735
"472",-0.16862243754902,1.03559759361045,-0.103718278367747,-0.248404699279595
"473",-0.16862243754902,1.00617408573989,-0.110204769784666,-0.0155305998342441
"474",-0.16862243754902,1.00718920112667,-0.117830472109162,-0.0233680702821634
"475",-0.16862243754902,1.0080854762091,-0.0928193875723447,-0.0872977011978584
"476",-0.16862243754902,1.02349271473007,-0.0919134017659035,-0.197710049520378
"477",-0.16862243754902,1.01355229352114,-0.141731306092362,-0.0848556926512196
"478",-0.16862243754902,1.01204880339892,-0.0554491940531276,-0.145492842916921
"479",-0.16862243754902,1.0047221195389,-0.0527605567043174,0.0817487684738997
"480",-0.16862243754902,1.0060291057702,-0.0453303182687382,-0.100198422654473
"481",-0.16862243754902,1.01841282346913,-0.189330065416285,-0.0363153595030495
"482",-0.16862243754902,1.04119691174908,-0.20529971031049,-0.204799995073838
"483",-0.16862243754902,1.0207373607774,-0.0851176625084917,-0.186171273874096
"484",-0.16862243754902,1.03359798769507,-0.232666628434767,-0.11912615237679
"485",-0.16862243754902,1.00947898628295,-0.111567597513618,-0.081243430084494
"486",-0.16862243754902,1.03086359657923,-0.242783586002153,-0.0611218874069967
"487",-0.16862243754902,1.02171993279855,-0.206742188792817,-0.0341948600089915
"488",-0.16862243754902,1.03585487432149,-0.159439824115375,-0.21811525196933
"489",-0.16862243754902,1.00176399778531,0.0568627769290211,-0.0172549082501387
"490",-0.16862243754902,1.00707382473288,0.0304990594372393,-0.115184616314663
"491",-0.16862243754902,1.01491451867612,-0.151530635200857,-0.0842018219233549
"492",-0.16862243754902,1.0163744335831,-0.165334014762756,-0.0753767391427356
"493",-0.16862243754902,1.02416070740543,-0.179292065404099,-0.129458525699634
"494",-0.16862243754902,1.02289654026819,-0.148376338229894,-0.155890327942835
"495",-0.16862243754902,1.03458704327404,-0.246038789945024,-0.0991728992866449
"496",-0.16862243754902,1.02128108490878,-0.163439085179618,-0.127682104572636
"497",-0.16862243754902,1.00141078421718,-0.0367589447989685,-0.0383710662313605
"498",-0.16862243754902,1.02613170487191,-0.187721633769977,-0.133067140790149
"499",-0.16862243754902,1.04169678692849,-0.15621782084047,-0.246430899744719
"500",-0.16862243754902,1.00343959477746,-0.0789252464194797,0.0257259760703286
"501",-0.16862243754902,1.02617836149611,-0.0489764540318951,-0.225040744207121
"502",-0.16862243754902,1.01442393805181,-0.129436887269883,-0.110914463918898
"503",-0.16862243754902,1.006649123803,-0.10708328173484,0.0433085352585506
"504",-0.16862243754902,1.00288157813596,-0.0759697556296419,-0.000236630595961421
"505",-0.16862243754902,1.01376814583787,-0.1403316108395,-0.0896264052316112
"506",-0.16862243754902,1.02020675827107,-0.196693433710938,-0.0461900720606912
"507",-0.16862243754902,1.00636463313532,-0.104617625949713,-0.0427191662633994
"508",-0.16862243754902,1.01370709400614,-0.103248939380014,-0.130160397030998
"509",-0.16862243754902,1.0192620838128,-0.154202147805938,-0.122950775151906
"510",-0.16862243754902,1.02562327606718,-0.183374375250335,-0.135192244275812
"511",-0.16862243754902,1.020503981259,-0.140210786611041,-0.147544268215982
"512",-0.16862243754902,1.00549728974455,-0.0896029428734886,-0.0547367546721481
"513",-0.16862243754902,1.01383374576124,-0.16579895708219,-0.0192242002361018
"514",-0.16862243754902,1.01726930050189,0.00475998821240241,-0.186585562827937
"515",-0.16862243754902,1.01963197724328,-0.194038874168938,-0.0447021736416853
"516",-0.16862243754902,1.00337864665164,-0.0787720960826541,-0.0237416392697436
"517",-0.16862243754902,1.01233054668864,-0.142955198002696,-0.0661585000050775
"518",-0.16862243754902,1.0171773995192,-0.153269932991279,-0.105632332803401
"519",-0.16862243754902,1.01326039297845,-0.0985979538323641,-0.130288401168006
"520",-0.16862243754902,1.01691134087568,-0.110131572241668,-0.1482555631238
"521",-0.16862243754902,1.01656355322203,-0.0609942124592135,-0.172282221328505
"522",-0.16862243754902,1.01240532476157,-0.0888895098358318,-0.130626171369744
"523",-0.16862243754902,1.00533620616502,0.0147305897030435,-0.102390903664706
"524",-0.16862243754902,1.0199659551083,-0.197605563528958,0.035813277459528
"525",-0.16862243754902,1.02180399202281,-0.0992176879361316,-0.185038505491027
"526",-0.16862243754902,1.01376786402454,-0.0396305836779486,-0.161724144660664
"527",-0.16862243754902,1.01083739351476,-0.0414034068147078,-0.141696838468085
"528",-0.16862243754902,1.03907150329322,-0.242977684365919,-0.143636464229004
"529",-0.16862243754902,1.01367237485714,-0.163489078783375,-0.0283373369791097
"530",-0.16862243754902,1.02309591972777,-0.173440324050299,-0.129010522659752
"531",-0.16862243754902,1.02317838816492,-0.159904500384793,-0.14602932843936
"532",-0.16862243754902,1.01448996493154,-0.107231418662554,-0.133008690687536
"533",-0.16862243754902,1.01507066726588,-0.152482497619129,-0.084365558514339
"534",-0.16862243754902,1.01661463076013,-0.141113156085488,-0.116586382803223
"535",-0.16862243754902,1.02501047942521,-0.187289230273472,-0.124776709185089
"536",-0.16862243754902,1.01494297121159,-0.165932839529727,-0.0507496559338807
"537",-0.16862243754902,1.02336687325069,-0.156422626317732,-0.151035490010623
"538",-0.16862243754902,1.0201583065648,-0.199952953733603,0.0272357622687174
"539",-0.16862243754902,1.04199092476965,-0.201604367813066,-0.212369409711033
"540",-0.16862243754902,1.02513062402949,-0.18092237320223,-0.134758640531762
"541",-0.16862243754902,1.01838605636196,-0.115522717113639,-0.154157911321971
"542",-0.16862243754902,1.01411253922032,-0.164247530697403,-0.0380393331129969
"543",-0.16862243754902,1.02076936443503,-0.191624887392255,-0.0724568692464825
"544",-0.16862243754902,1.03053839771957,-0.245553482947195,-0.0413869084001643
"545",-0.16862243754902,1.02447075966611,-0.109059979124675,-0.194026437281575
"546",-0.16862243754902,1.0131298829244,-0.0784224137093155,-0.142415184241023
"547",-0.16862243754902,1.03981938208258,-0.126033661106912,-0.255616634088218
"548",-0.16862243754902,1.02515606372074,-0.181751559212617,-0.13383320106458
"549",-0.16862243754902,1.02896885280693,-0.179892502486998,-0.162528728524464
"550",-0.16862243754902,1.01224129964353,-0.129983737173137,-0.0879583809225962
"551",-0.16862243754902,1.01701898518356,-0.171667181895134,-0.0696993176722824
"552",-0.16862243754902,1.01030902544841,-0.053038662497951,-0.133832832978068
"553",-0.16862243754902,1.02677171859586,-0.126946580689616,-0.195306752979816
"554",-0.16862243754902,1.01440771360519,-0.0807010006460013,-0.150034522415495
"555",-0.16862243754902,1.00994183889692,-0.130416030065488,-0.054536016140293
"556",-0.16862243754902,1.0007754417783,-0.0380113409732816,-0.0103258328462998
"557",-0.16862243754902,1.01581130428213,0.0389236581352299,-0.174234195107446
"558",-0.16862243754902,1.00655009685294,-0.0936132894548338,-0.0661789204513859
"559",-0.16862243754902,1.02560669725169,-0.193329274944411,-0.120386414918735
"560",-0.16862243754902,1.01832085297652,0.0147091416472825,-0.191731585188342
"561",-0.16862243754902,1.02509726437988,-0.0750176516035419,-0.212595280726072
"562",-0.16862243754902,1.01106098015176,9.12155629936816e-05,-0.149145222066142
"563",-0.16862243754902,1.01276041464469,-0.0317861444862375,-0.157077364664613
"564",-0.16862243754902,1.02702587980854,-0.21650221605587,-0.088932267706432
"565",-0.16862243754902,1.0444209318044,-0.210467329005184,-0.215681677971493
"566",-0.16862243754902,1.02838668490734,-0.198273707059895,-0.135154396093623
"567",-0.16862243754902,1.00847493789405,0.0733047981252157,-0.107926395901242
"568",-0.16862243754902,1.04990549663173,-0.182335645804529,-0.262783683143693
"569",-0.16862243754902,1.00949636303758,-0.126366215791057,-0.0558075845449895
"570",-0.16862243754902,1.01369433802347,-0.161556694436409,-0.0384141305202924
"571",-0.16862243754902,1.0018641799401,-0.0557093763296285,-0.0250659218066351
"572",-0.16862243754902,1.0093436176682,-0.112907808080761,-0.0776296683100159
"573",-0.16862243754902,1.03064180748434,-0.190677041259924,-0.16082537508413
"574",-0.16862243754902,1.01185537796647,-0.0405429497564973,-0.149022062610581
"575",-0.16862243754902,1.01338679158176,-0.0537693978674797,-0.155118152404349
"576",-0.16862243754902,1.01188860428062,-0.138278031032967,-0.0692656740862249
"577",-0.16862243754902,1.01278931549073,-0.0453232913386716,-0.153909053776628
"578",-0.16862243754902,1.01366781668987,-0.135045643475443,-0.096359310764989
"579",-0.16862243754902,1.03579443841757,-0.0922726106761719,-0.253684615173586
"580",-0.16862243754902,1.00649631483229,-0.104582356423393,-0.0457969703790855
"581",-0.16862243754902,1.00686589869302,-0.0326795565902152,-0.112743002141935
"582",-0.16862243754902,1.02567331995488,-0.188304086691451,-0.128636426421794
"583",-0.16862243754902,1.0277503164721,-0.0286697747558285,-0.235475597512668
"584",-0.16862243754902,1.01041165683019,-0.0818786278742313,-0.11927953116848
"585",-0.16862243754902,1.0439862890865,-0.249718187575116,-0.165976500128185
"586",-0.16862243754902,1.01164754149704,-0.0271921576101358,-0.150636432450802
"587",-0.16862243754902,1.01746425335034,-0.181963285546589,-0.0460746086131262
"588",-0.16862243754902,1.02867996990064,-0.177866090795542,-0.162929844472709
"589",-0.16862243754902,1.00186810549619,-0.0106029597854942,-0.0602268881340786
"590",-0.16862243754902,1.02082606719777,-0.146962666066752,-0.143135719696408
"591",-0.16862243754902,1.02635032211371,-0.215989877108849,-0.0821179437724629
"592",-0.16862243754902,1.00435194548204,-0.0932590386782468,0.0050578748860006
"593",-0.16862243754902,1.00298291824594,-0.00207816740875103,-0.0772684638993721
"594",-0.16862243754902,1.03325408501206,-0.167358955868808,-0.199010010011063
"595",-0.16862243754902,1.0441945470288,-0.222963198067184,-0.201568014209439
"596",-0.16862243754902,1.01660390939961,-0.18043768274573,0.0304261606505289
"597",-0.16862243754902,1.04559852668365,-0.118343888828737,-0.281551066380335
"598",-0.16862243754902,1.01455449077795,-0.156330483025851,-0.0698684108493539
"599",-0.16862243754902,1.01841514561281,-0.126203837912911,-0.145746355390504
"600",-0.16862243754902,1.03762917007757,-0.167147773808939,-0.220762126069189
"601",-0.16862243754902,1.03303811985176,-0.201657954549899,-0.162793815710572
"602",-0.16862243754902,1.02372063835781,-0.0890178867115808,-0.200199303807814
"603",-0.16862243754902,1.01563664674581,-0.0792659489445427,-0.158854359559276
"604",-0.16862243754902,1.03447467142915,-0.264280341364167,-0.0171390488911792
"605",-0.16862243754902,1.01202525315745,-0.0988437878785687,-0.120104199036593
"606",-0.16862243754902,1.02539152149917,-0.181346635749109,-0.136165965148639
"607",-0.16862243754902,1.02101628298462,-0.160076653974424,0.129806451966328
"608",-0.16862243754902,1.02582262218884,-0.19384317463534,-0.121395534685959
"609",-0.16862243754902,1.05132888994628,-0.146630577074208,-0.28946832072365
"610",-0.16862243754902,1.02014078506737,-0.175818759284967,-0.0988685250288209
"611",-0.16862243754902,1.02362880245518,-0.0848079531393134,-0.201552812682296
"612",-0.16862243754902,1.00699168507818,-0.117010444782958,-0.0184610299900574
"613",-0.16862243754902,1.00243760776846,0.0337907245562209,-0.0611501790882582
"614",-0.16862243754902,1.00407347053274,-0.0433719134883274,-0.0792616637979076
"615",-0.16862243754902,1.015854044581,-0.176313394285779,-0.0295470283955206
"616",-0.16862243754902,1.04909086471992,-0.0907794534041263,-0.303892634459016
"617",-0.16862243754902,1.01587368349223,-0.171141928634729,-0.0520555575827356
"618",-0.16862243754902,1.0181099491176,-0.100799611148792,-0.162441703033703
"619",-0.16862243754902,1.02547125273235,-0.163436708100021,-0.157733105674988
"620",-0.16862243754902,1.01054813040237,-0.0757137913565794,-0.124398334627691
"621",-0.16862243754902,1.03475431800989,-0.221528077832111,-0.147111554176167
"622",-0.16862243754902,1.02785428333684,-0.177317817569029,-0.158249231740442
"623",-0.16862243754902,1.00492307693932,-0.0782639008205727,-0.0611976502289292
"624",-0.16862243754902,1.0058721085176,-0.0549565550950868,-0.0935867284700163
"625",-0.16862243754902,1.02641322967025,-0.200446208077565,-0.115522446777428
"626",-0.16862243754902,1.02969096315572,-0.183361565579256,-0.163223821401391
"627",-0.16862243754902,1.03887471927722,-0.281203350635367,0.013614622461746
"628",-0.16862243754902,1.02018651899836,-0.0905794069257754,-0.180487962443386
"629",-0.16862243754902,1.024171336046,0.0311182502471055,-0.218994474998381
"630",-0.16862243754902,1.02506070939542,-0.0703752334158038,-0.214001832861084
"631",-0.16862243754902,1.0271189199088,-0.0858913603673418,-0.218164960176621
"632",-0.16862243754902,1.00783989881008,-0.0920357117411327,-0.0852683376043879
"633",-0.16862243754902,1.01293058469649,-0.0457973338742035,-0.154696391760089
"634",-0.16862243754902,1.01574922918854,-0.142158015933616,-0.107413197992279
"635",-0.16862243754902,1.01446060960763,-0.146031694204227,-0.0883463226926734
"636",-0.16862243754902,1.00955165367078,-0.127881662700564,-0.05329935998062
"637",-0.16862243754902,1.04206875904916,-0.269335316093658,-0.115610492996941
"638",-0.16862243754902,1.00353113076166,-0.0482765743955332,-0.0688774474875643
"639",-0.16862243754902,1.02374858478478,-0.05222508101999,-0.212917133555049
"640",-0.16862243754902,1.04477860252287,-0.19752286930898,-0.229231421034707
"641",-0.16862243754902,1.0159454592178,-0.132900678581191,-0.120343615276923
"642",-0.16862243754902,1.01799709188651,-0.139257334547162,-0.130097939507965
"643",-0.16862243754902,1.00531081108093,-0.0828276055505359,-0.0615582215058402
"644",-0.16862243754902,1.00223110862808,-0.0578587035856303,0.033459909163951
"645",-0.16862243754902,1.04155625977224,-0.147735874084906,-0.251025006282451
"646",-0.16862243754902,1.02971261672531,-0.13116432825732,-0.207615009178272
"647",-0.16862243754902,1.04838885301737,-0.185096360232581,-0.254673368375491
"648",-0.16862243754902,1.03462593950557,-0.248740712256518,-0.0926223124517168
"649",-0.16862243754902,1.00834437577784,-0.058541282826691,-0.115461241842437
"650",-0.16862243754902,1.01495973644612,-0.111935365502155,-0.132716768182038
"651",-0.16862243754902,1.00569785281129,-0.0996388509634844,-0.0387333258050876
"652",-0.16862243754902,1.00431740704481,0.0145413025041973,-0.0918803820992173
"653",-0.16862243754902,1.02479334685418,-0.0997911325281633,-0.200606913204269
"654",-0.16862243754902,1.0161862342552,-0.158160047705078,-0.0872918209209579
"655",-0.16862243754902,1.02770313767013,-0.136854709397164,-0.193505885421708
"656",-0.16862243754902,1.03080444400398,-0.141518474885139,-0.206228812353029
"657",-0.16862243754902,1.00782835620182,-0.118016783208535,-0.0423087986780007
"658",-0.16862243754902,1.00719157345088,-0.0747765742857462,-0.0940389789850234
"659",-0.16862243754902,1.03384471417716,-0.167672491156769,-0.201794025534306
"660",-0.16862243754902,1.01261283167009,-0.0624122397741874,-0.146592834713312
"661",-0.16862243754902,1.00875990691237,-0.108896985508333,-0.0757495633059558
"662",-0.16862243754902,1.00746900851202,-0.100424833407427,-0.070061800913812
"663",-0.16862243754902,1.03034610330281,-0.142716762841942,-0.203088695389991
"664",-0.16862243754902,1.00778566674875,-0.0348029228795263,-0.120086246769804
"665",-0.16862243754902,1.01950778172337,-0.0738107378584529,-0.184250079976349
"666",-0.16862243754902,1.00781698453788,-0.0628879109273155,-0.108352134183998
"667",-0.16862243754902,1.01140094687188,-0.0667434766199286,-0.135930804683897
"668",-0.16862243754902,1.03176237313785,-0.186094149095693,-0.172923573567653
"669",-0.16862243754902,1.0140905599277,-0.0231247058096581,-0.166867946939142
"670",-0.16862243754902,1.01723108657393,-0.147441971688299,-0.114104988835063
"671",-0.16862243754902,1.03207434535055,-0.142282828992301,-0.211974175089115
"672",-0.16862243754902,1.0542642029938,-0.277392557018835,-0.185812752589004
"673",-0.16862243754902,1.02514609129065,-0.116732969058569,-0.193126700441128
"674",-0.16862243754902,1.01204135067458,-0.138734243992577,-0.0705726931541703
"675",-0.16862243754902,1.01242046800225,-0.0358030942229289,-0.153991371426968
"676",-0.16862243754902,1.01462650447473,-0.123054504238283,-0.119685139300117
"677",-0.16862243754902,1.03956272637473,-0.276832680329787,-0.06367361438686
"678",-0.16862243754902,1.02966217544027,-0.159253099193634,-0.186661849154063
"679",-0.16862243754902,1.01290238106282,-0.126161712496832,-0.100271909638748
"680",-0.16862243754902,1.00278722266702,-0.0743994376693369,0.00685110346692088
"681",-0.16862243754902,1.00903619385864,-0.0843109019832355,-0.105098583832029
"682",-0.16862243754902,1.0273806322211,-0.105349203111906,-0.210742755193885
"683",-0.16862243754902,1.02921040504458,-0.21370695537592,-0.116633593256749
"684",-0.16862243754902,1.03458245520978,-0.158129385066617,-0.212969373869457
"685",-0.16862243754902,1.00191330269781,-0.0417263232559013,-0.0457075493805071
"686",-0.16862243754902,1.02136399780874,-0.195032834847435,-0.0717398728129566
"687",-0.16862243754902,1.01224827256931,-0.0914978794312594,-0.12757234566761
"688",-0.16862243754902,1.00874441865847,-0.128499881235178,-0.0324512356801627
"689",-0.16862243754902,1.02052011853901,-0.154022001790355,-0.133186092770092
"690",-0.16862243754902,1.00230117391512,-0.0270151293749497,-0.0622721929634456
"691",-0.16862243754902,1.01041382003649,-0.129121335856733,-0.0652975370692847
"692",-0.16862243754902,1.01251989465762,-0.0944227688123312,-0.127596543085171
"693",-0.16862243754902,1.01189229127615,-0.152442975750042,-0.0262135134724296
"694",-0.16862243754902,1.01796872630093,-0.126800798213128,-0.142062962447118
"695",-0.16862243754902,1.0225070253776,-0.197132011515965,0.0816062925406348
"696",-0.16862243754902,1.01446928076982,-0.17066195191251,0.00473495459815227
"697",-0.16862243754902,1.01732025444679,-0.128276822915557,-0.135961600499486
"698",-0.16862243754902,1.00884939462867,-0.0612276363756743,-0.118441029995895
"699",-0.16862243754902,1.01327807723392,-0.150797491460513,-0.0631868528420504
"700",-0.16862243754902,1.03979696499316,-0.146634356435489,-0.244286909026535
"701",-0.16862243754902,1.02012079833157,-0.150347268986014,-0.134321040410938
"702",-0.16862243754902,1.01998262561996,-0.13696963635515,-0.146982567957326
"703",-0.16862243754902,1.00280831100898,-0.0399233083120358,-0.0634873064643343
"704",-0.16862243754902,1.02501385480636,-0.175731232838233,-0.140612717597514
"705",-0.16862243754902,1.01330925462268,0.00950316698287538,-0.163417671386163
"706",-0.16862243754902,1.01233911737106,-0.0979822149990895,-0.123409781231033
"707",-0.16862243754902,1.00737837827819,0.00274990177683271,-0.121670189703993
"708",-0.16862243754902,1.0099226963647,0.00284362237891135,-0.141194073686953
"709",-0.16862243754902,1.02017344144213,-0.0682278844770975,-0.189996858931015
"710",-0.16862243754902,1.01869659387389,-0.153507985394584,-0.119071612025585
"711",-0.16862243754902,1.01164181966537,-0.123734147932099,-0.0900501634167454
"712",-0.16862243754902,1.01090236355449,-0.135955909119182,-0.0586479276328111
"713",-0.16862243754902,1.04333297609378,-0.183408802463926,-0.23431796811906
"714",-0.16862243754902,1.02490252909771,-0.167859019810452,-0.149159457022222
"715",-0.16862243754902,1.03239452753111,-0.248631937356378,-0.0634083606678899
"716",-0.16862243754902,1.01493937757516,-0.0679932348630366,-0.159620989113296
"717",-0.16862243754902,1.00467337632923,-0.0773542966878042,-0.0581799440418301
"718",-0.16862243754902,1.01787345192209,-0.0529548483074339,-0.182379133040307
"719",-0.16862243754902,1.01600889851435,-0.103812007211555,-0.146619060899502
"720",-0.16862243754902,1.01691280412859,-0.14903447611129,-0.109088845125907
"721",-0.16862243754902,1.00670263368182,-0.0020775414991182,-0.115956355941539
"722",-0.16862243754902,1.0089077455783,-0.10752257831522,-0.0795847613575295
"723",-0.16862243754902,1.01844324158019,-0.113811509105195,-0.155799796904734
"724",-0.16862243754902,1.00001133348381,0.000910956008166099,-0.00467303490557935
"725",-0.16862243754902,1.03426376512947,-0.259584644177834,-0.0481388446772483
"726",-0.16862243754902,1.01022944508678,-0.0257800220768897,-0.141063539520557
"727",-0.16862243754902,1.01151822901226,-0.142874648227167,-0.0524972620054586
"728",-0.16862243754902,1.05605282226312,-0.28818213450256,-0.179439741315684
"729",-0.16862243754902,1.02401776351279,-0.16817603193802,-0.142580511541055
"730",-0.16862243754902,1.03331189039355,-0.249038272817019,-0.0755870458545055
"731",-0.16862243754902,1.00881988058531,-0.0467537920122581,-0.124625978016761
"732",-0.16862243754902,1.01039863294487,-0.121728240984641,-0.0780232837276855
"733",-0.16862243754902,1.01077165636087,-0.14393579668873,0.0306892120144559
"734",-0.16862243754902,1.00530350163449,-0.0741436038089598,-0.0716788421557081
"735",-0.16862243754902,1.02074006112069,-0.190851603116912,-0.0740671179699453
"736",-0.16862243754902,1.0174643436111,-0.0997105856785417,-0.159032982816775
"737",-0.16862243754902,1.0317648527817,-0.221528003254496,-0.124354554438959
"738",-0.16862243754902,1.01717826157338,-0.100351323265157,-0.156784016201857
"739",-0.16862243754902,1.00400565790938,-0.0637234043554671,-0.0629816548797555
"740",-0.16862243754902,1.00579272651548,-0.00942138799446025,-0.107378983789669
"741",-0.16862243754902,1.00307357464733,-0.0743057319827655,-0.0252042526227558
"742",-0.16862243754902,1.02299096956734,-0.185181465088144,-0.110536640097909
"743",-0.16862243754902,1.01263297640707,-0.0147856684780796,-0.158766901193821
"744",-0.16862243754902,1.00734522658042,-0.0564423670147674,-0.107511230669759
"745",-0.16862243754902,1.04316291770686,-0.294973807059338,-0.0343413166260655
"746",-0.16862243754902,1.04418740524964,-0.260653209240292,-0.149623667227883
"747",-0.16862243754902,1.02469351792416,-0.117069043255332,-0.190503660823308
"748",-0.16862243754902,1.02025009868156,-0.166444598720713,-0.114919360494328
"749",-0.16862243754902,1.02009125768957,-0.172469927659804,-0.104116752099306
"750",-0.16862243754902,1.03074496584604,0.00739253377485595,-0.249760955838465
"751",-0.16862243754902,1.04509409066206,-0.202435054716878,-0.226366311447898
"752",-0.16862243754902,1.01042819635876,-0.106499981528313,-0.0980963502445152
"753",-0.16862243754902,1.02807466795279,-0.128654846717637,-0.200961322901468
"754",-0.16862243754902,1.04208651687363,-0.188785471642923,-0.224286322245427
"755",-0.16862243754902,1.03670288594683,-0.22440913097596,-0.156183916153707
"756",-0.16862243754902,1.02953585319464,-0.187782839314078,-0.157104036461066
"757",-0.16862243754902,1.01108224691896,-0.138921160327544,-0.0546646251971552
"758",-0.16862243754902,1.00740897940875,-0.0436788213627959,-0.113864008175295
"759",-0.16862243754902,1.01132994091221,-0.0439979461626719,-0.144403705350542
"760",-0.16862243754902,1.04250221275248,-0.275463589791508,-0.104549865102734
"761",-0.16862243754902,1.01363837756258,-0.0817327641390544,-0.144161422488455
"762",-0.16862243754902,1.00015639933274,-0.0150024001413302,0.00936755657773437
"763",-0.16862243754902,1.01554847687491,-0.0382399954729447,-0.172847943664862
"764",-0.16862243754902,1.0286380327238,-0.0925335633899898,-0.222561771228222
"765",-0.16862243754902,1.02551166803666,-0.17295664080433,-0.147513327130147
"766",-0.16862243754902,1.00512311136907,-0.0947309596281149,-0.0360349038596798
"767",-0.16862243754902,1.01181559931879,-0.0703269804239654,-0.137203946187022
"768",-0.16862243754902,1.02435581240936,-0.219766125107958,-0.0317439863890518
"769",-0.16862243754902,1.00760567980918,-0.0796410750755735,-0.0944801838722561
"770",-0.16862243754902,1.01968097758446,-0.0329225181184913,-0.196635205007509
"771",-0.16862243754902,1.04163532444249,-0.185150357688839,-0.225218769586608
"772",-0.16862243754902,1.01283335965524,-0.126139094843629,-0.0996009195868973
"773",-0.16862243754902,1.02244873570681,-0.0483468280730017,-0.207518677144345
"774",-0.16862243754902,1.00836671224676,-0.106131145258905,-0.074428531984526
"775",-0.16862243754902,1.02149066663328,-0.07035866291275,-0.196195923943491
"776",-0.16862243754902,1.03660928152153,-0.236559260100318,-0.136376387242689
"777",-0.16862243754902,1.05581602959822,-0.245685808644318,-0.233208001122019
"778",-0.16862243754902,1.0301436679139,-0.191544748285826,-0.15654579504803
"779",-0.16862243754902,1.04485260801469,-0.267046376355566,-0.142839789101161
"780",-0.16862243754902,1.0058737212684,-0.0458939956743326,-0.0983650562922497
"781",-0.16862243754902,1.00710045377577,-0.117060522507303,0.0234127756936972
"782",-0.16862243754902,1.01557868373478,-0.0395423543848714,-0.172732350954211
"783",-0.16862243754902,1.00391147048407,-0.0648900339736535,-0.0602289304270974
"784",-0.16862243754902,1.01110021985512,-0.126527812628471,-0.0794629927861141
"785",-0.16862243754902,1.03051731182945,-0.0553643569260817,-0.2426947011419
"786",-0.16862243754902,1.00768261754878,-0.0870455403787365,-0.0885851658583127
"787",-0.16862243754902,1.0147068824842,-0.151082962532063,-0.0824863370100442
"788",-0.16862243754902,1.03124412432308,-0.237874700187891,-0.0829461931700103
"789",-0.16862243754902,1.04045997163949,-0.211509492159676,-0.194475415696721
"790",-0.16862243754902,1.02501949658214,-0.100318702385787,-0.201497211705629
"791",-0.16862243754902,1.003546105876,-0.0557666602300625,-0.0632049541227924
"792",-0.16862243754902,1.01435761349115,-0.104730769646206,-0.133988185810482
"793",-0.16862243754902,1.03570795030805,-0.21062874031528,-0.168304759542044
"794",-0.16862243754902,1.00724670178092,-0.0591454950644763,-0.105108176000324
"795",-0.16862243754902,1.01734763633816,-0.105185177070324,-0.154700651865206
"796",-0.16862243754902,1.00272957836174,-0.0583828450915292,-0.0453657439103516
"797",-0.16862243754902,1.01319314857455,-0.147512934946758,-0.0692841276325929
"798",-0.16862243754902,1.02215361450036,-0.176929220866528,-0.116163946384865
"799",-0.16862243754902,1.02440720929554,0.0477397156496855,-0.217096867794894
"800",-0.16862243754902,1.00425079873832,-0.0282620234462598,-0.0878687930796567
"801",-0.16862243754902,1.00235484630874,-0.04675847673941,-0.0502879982861439
"802",-0.16862243754902,1.00570101031031,-0.0779509792030354,-0.0731995012310433
"803",-0.16862243754902,1.01760995750273,-0.136186498368148,-0.130319849873046
"804",-0.16862243754902,1.02224072152584,-0.167690761157685,-0.1298302790878
"805",-0.16862243754902,1.03087518509722,-0.170733578616253,-0.183176669863067
"806",-0.16862243754902,1.01510331286938,-0.116457832521286,-0.129893452655741
"807",-0.16862243754902,1.0106633245431,-0.0842938344949938,-0.119728463794755
"808",-0.16862243754902,1.0201727497436,-0.169075983906348,-0.110298463205575
"809",-0.16862243754902,1.00834218462578,-0.0339380711874145,-0.124908641094068
"810",-0.16862243754902,1.0262183440766,-0.19469594373524,-0.123359552578505
"811",-0.16862243754902,1.00508784637798,0.0420014062094969,-0.0918556520479469
"812",-0.16862243754902,1.02543525930907,-0.176557562265581,-0.142635543400256
"813",-0.16862243754902,1.00780492542333,-0.117193443142968,-0.0440052791357239
"814",-0.16862243754902,1.00612166190324,-0.0484319941659937,-0.0996751749034601
"815",-0.16862243754902,1.00930684359128,-0.0698448332231852,-0.117567018301101
"816",-0.16862243754902,1.04031752728049,-0.229375303027771,-0.172184575174161
"817",-0.16862243754902,1.00750099017476,-0.103951411816402,-0.065210038985491
"818",-0.16862243754902,1.00452228414298,0.0367918304409247,0.087814466647833
"819",-0.16862243754902,1.00348828089296,-0.0793252120450194,-0.0263863719281481
"820",-0.16862243754902,1.03401582469439,-0.155945778065931,-0.211824550092367
"821",-0.16862243754902,1.01507611251138,-0.0982927391949721,-0.143937665719431
"822",-0.16862243754902,1.0198845676435,-0.0561613885378692,-0.192380949563286
"823",-0.16862243754902,1.01714643296537,-0.17027063124192,-0.0747982501843776
"824",-0.16862243754902,1.02900865446085,-0.226106552095005,-0.0879467910445689
"825",-0.16862243754902,1.03838719563635,-0.2172508834149,-0.176210163489392
"826",-0.16862243754902,1.02324743416621,-0.0396435603577556,-0.213222183765887
"827",-0.16862243754902,1.01667555875916,-0.0994788552654587,-0.154055668942523
"828",-0.16862243754902,1.00809345679736,-0.125147068232941,-0.0243028588924892
"829",-0.16862243754902,1.03642749502097,-0.145339304980105,-0.230344174797926
"830",-0.16862243754902,1.00938581921484,-0.0215684847910989,-0.135626444677368
"831",-0.16862243754902,1.02215392391975,-0.199638296074174,-0.0703078582033799
"832",-0.16862243754902,1.04133991667677,-0.156722954504275,-0.244595048183372
"833",-0.16862243754902,1.02032071326025,-0.14408493287384,-0.14245662507106
"834",-0.16862243754902,1.0150320990055,-0.169298986643046,-0.0403486695338274
"835",-0.16862243754902,1.02107252206099,-0.163992973953061,-0.125281282728201
"836",-0.16862243754902,1.01979033054698,-0.166649322755188,-0.11045506553506
"837",-0.16862243754902,1.0068069142178,-0.0536898489825593,-0.103815040495082
"838",-0.16862243754902,1.01192465655356,-0.106112496009667,-0.112834607863213
"839",-0.16862243754902,1.02119149957394,-0.20681837235186,-0.00763149132244979
"840",-0.16862243754902,1.03147479969637,-0.251849601331811,-0.0226283167221477
"841",-0.16862243754902,1.02288388801716,-0.186023321003585,-0.108105376406088
"842",-0.16862243754902,1.01360100698735,-0.121731611478706,-0.11210894760259
"843",-0.16862243754902,1.01184666560755,-0.150575296312728,-0.034069852383824
"844",-0.16862243754902,1.01602093956413,-0.133258907206292,-0.120584465346762
"845",-0.16862243754902,1.02941062095435,0.0245263138151669,-0.243073417847916
"846",-0.16862243754902,1.01186051581509,-0.0405420112351141,-0.149057199727431
"847",-0.16862243754902,1.00622086704531,-0.0333447995351868,-0.106623438424043
"848",-0.16862243754902,1.01681943926774,-0.128908202700083,-0.131546369578947
"849",-0.16862243754902,1.01194301043929,-0.0769646231112125,-0.134555204902213
"850",-0.16862243754902,1.00612344629766,-0.0369785249350374,-0.104484342767228
"851",-0.16862243754902,1.013846362594,-0.0371957569930944,-0.162791039700558
"852",-0.16862243754902,1.01495305219195,-0.134201832997834,-0.11008890122885
"853",-0.16862243754902,1.02858991987817,-0.144499145974749,-0.19265829877674
"854",-0.16862243754902,1.01851242307277,-0.193129685815071,0.00827528915177836
"855",-0.16862243754902,1.00646467344435,-0.0779751783554884,-0.0830121102724245
"856",-0.16862243754902,1.0244891643219,-0.00120462615137177,-0.222658026329216
"857",-0.16862243754902,1.03065798522159,-0.11218612691183,-0.222868022447245
"858",-0.16862243754902,1.00547875784705,-0.0853039492319773,-0.0609160793803582
"859",-0.16862243754902,1.0132886466871,-0.142476338591762,-0.0803391215191329
"860",-0.16862243754902,1.01582145998092,-0.164139753450174,-0.0703660422013568
"861",-0.16862243754902,1.02037072726288,-0.167013653599898,-0.115164493513388
"862",-0.16862243754902,1.0041331531258,-0.0860036128977369,-0.02977864629071
"863",-0.16862243754902,1.0168512374289,-0.142853888330639,-0.116529848749183
"864",-0.16862243754902,1.00873553208383,-0.0786369556638737,-0.106600201183553
"865",-0.16862243754902,1.00981201728702,-0.055860805172445,-0.128840524303343
"866",-0.16862243754902,1.03870320124305,-0.257567845703548,0.112085436753373
"867",-0.16862243754902,1.00924043157239,-0.0996334677382745,-0.0929484848013906
"868",-0.16862243754902,1.02219471431032,-0.134240041747338,-0.163895226152626
"869",-0.16862243754902,1.00373081177306,-0.0816318698584252,-0.0284917589143206
"870",-0.16862243754902,1.0083781570514,-0.128686298665359,-0.0163200537431804
"871",-0.16862243754902,1.01301668257291,-0.161866878158876,-0.00138308572488584
"872",-0.16862243754902,1.0231944208803,-0.182673666067427,-0.116435195048789
"873",-0.16862243754902,1.05688908752311,-0.321030470671443,-0.118126966548298
"874",-0.16862243754902,1.02398576595351,-0.203306299463604,0.0849317224234103
"875",-0.16862243754902,1.00002335667874,0.000953559448862246,-0.00676791159795182
"876",-0.16862243754902,1.02299992002274,-0.0958165263719824,-0.193256383181901
"877",-0.16862243754902,1.02369221108009,-0.167587738633361,-0.140925841795626
"878",-0.16862243754902,1.01100120389011,-0.112008142605602,-0.0978652658366869
"879",-0.16862243754902,1.01934149246852,-0.070232116336925,-0.184728254749448
"880",-0.16862243754902,1.02321407494969,-0.213653954870533,-0.0363184628436465
"881",-0.16862243754902,1.02940238915782,-0.210584200060847,-0.123788422271858
"882",-0.16862243754902,1.04705672665964,-0.211599300462106,-0.227054013149164
"883",-0.16862243754902,1.00993995776904,-0.122533589221822,-0.0704573474589466
"884",-0.16862243754902,1.0376599602428,-0.215529787544573,-0.174026158298328
"885",-0.16862243754902,1.01844823712173,-0.192967734847392,-0.000514785605521218
"886",-0.16862243754902,1.01881217849994,-0.164885097638083,-0.103880506528741
"887",-0.16862243754902,1.00823981358108,-0.0804704050855018,-0.100359531661887
"888",-0.16862243754902,1.02419451585154,-0.174732952403185,-0.13580427697551
"889",-0.16862243754902,1.02264203011043,-0.110297440456123,-0.183388103150668
"890",-0.16862243754902,1.02294862124215,-0.177818882847717,-0.121673031539432
"891",-0.16862243754902,1.01818862804518,-0.0824601164710499,-0.172940485347132
"892",-0.16862243754902,1.01444935626982,-0.161483811765972,-0.0550497499884518
"893",-0.16862243754902,1.03475468042772,-0.0613538989801826,-0.258752676791962
"894",-0.16862243754902,1.01240670482016,-0.116087156626104,-0.107196585912402
"895",-0.16862243754902,1.01886959649264,-0.0199369637167853,-0.194159141260026
"896",-0.16862243754902,1.02727557967842,-0.186363048380711,-0.143401292887793
"897",-0.16862243754902,1.05694966953975,-0.322042405449938,-0.115893455519272
"898",-0.16862243754902,1.00786261372404,-0.106796805769744,-0.0661928275573654
"899",-0.16862243754902,1.02666075812684,-0.165077227536847,-0.163651523751898
"900",-0.16862243754902,1.01605318263458,-0.112396191816941,-0.140467668902503
"901",-0.16862243754902,1.01059932921046,-0.0500769838432994,-0.13712512493991
"902",-0.16862243754902,1.00761948868266,-0.0699928475337544,-0.10197075692189
"903",-0.16862243754902,1.01014845004109,-0.0357761629463582,-0.138274933683747
"904",-0.16862243754902,1.04535930217762,-0.258090253617537,-0.161757508749696
"905",-0.16862243754902,1.01864186693352,-0.174012919809813,-0.0857365546839174
"906",-0.16862243754902,1.0399624941007,-0.228993889181119,-0.170539695830184
"907",-0.16862243754902,1.0220621477057,-0.210202078666174,-0.0206426717556744
"908",-0.16862243754902,1.05926155829212,-0.282646009146827,-0.205295597587526
"909",-0.16862243754902,1.01512523539807,-0.11437639892719,-0.131898760079222
"910",-0.16862243754902,1.0336920592551,-0.13351574435628,-0.225150659284032
"911",-0.16862243754902,1.01334533283563,-0.106510533296178,-0.124596428025518
"912",-0.16862243754902,1.0178239075232,-0.186456023984208,-0.0346360772288389
"913",-0.16862243754902,1.01363049633505,-0.117413736190293,-0.116879415015088
"914",-0.16862243754902,1.00740252321918,-0.075500158353884,-0.0957056418238399
"915",-0.16862243754902,1.02433727744701,0.00208047789540328,-0.221951637928824
"916",-0.16862243754902,1.0111832577473,-0.146960723654785,-0.0299019472827218
"917",-0.16862243754902,1.00528223508989,-0.0341794356293471,-0.097078001459537
"918",-0.16862243754902,1.0123467163071,-0.120605750097901,-0.101489541634018
"919",-0.16862243754902,1.02372814196184,-0.213927990576223,-0.0474776104354581
"920",-0.16862243754902,1.00349529777232,-0.0701510092320042,-0.0456250869028823
"921",-0.16862243754902,1.01474430583854,-0.137042928003987,-0.104523882992482
"922",-0.16862243754902,1.00271048702949,0.0134064832322024,-0.0724471324917047
"923",-0.16862243754902,1.04353364909149,-0.240745703733884,-0.176079478985727
"924",-0.16862243754902,1.04306159299852,-0.199250443596319,-0.219719702155468
"925",-0.16862243754902,1.0018461534104,-0.0225537787045908,-0.056453894191277
"926",-0.16862243754902,1.00114940695403,-0.0361295670313195,-0.0315402826641971
"927",-0.16862243754902,1.04187908370182,-0.247724525115934,-0.155385278297007
"928",-0.16862243754902,1.02309067149456,-0.056185508079489,-0.208704841297538
"929",-0.16862243754902,1.01804430314678,-0.0881146421705438,-0.169263147213942
"930",-0.16862243754902,1.00810336295597,-0.0973681350879387,-0.0824126002054654
"931",-0.16862243754902,1.01745777590045,-0.103832873680071,-0.156329971802029
"932",-0.16862243754902,1.03659750601943,-0.129087793974313,-0.240563361575577
"933",-0.16862243754902,1.01652449611687,-0.139860640058746,-0.117307512837014
"934",-0.16862243754902,1.02459173110139,-0.175671758999277,-0.137577790836452
"935",-0.16862243754902,1.0192499730043,-0.0504555369285698,-0.190590519865263
"936",-0.16862243754902,1.01920434809271,-0.185203489696362,-0.0669116624765729
"937",-0.16862243754902,1.00561297019435,-0.066528024046619,-0.0826526940853186
"938",-0.16862243754902,1.02751227765899,-0.155321393822898,-0.177923425554005
"939",-0.16862243754902,1.02181964230383,-0.177743398617673,-0.111904716816429
"940",-0.16862243754902,1.01931058241011,-0.114796320676238,-0.160673171912523
"941",-0.16862243754902,1.00822839223065,-0.126039669369262,-0.02526841200576
"942",-0.16862243754902,1.01151025253714,-0.113221610513359,-0.101655584699061
"943",-0.16862243754902,1.031930822853,-0.241420588261466,-0.0812239048406225
"944",-0.16862243754902,1.00787723934865,-0.0958831014640104,-0.0813815731643324
"945",-0.16862243754902,1.00826815232365,-0.0664064528706542,-0.110430294789472
"946",-0.16862243754902,1.0257491782322,-0.134784556739021,-0.184375974326091
"947",-0.16862243754902,1.00839377630262,-0.129420676005121,-0.0104065704359425
"948",-0.16862243754902,1.03651616145589,-0.205579893531765,-0.179172152788088
"949",-0.16862243754902,1.01153782228633,-0.093442213093187,-0.120321730074115
"950",-0.16862243754902,1.02922939235666,-0.0644963144368263,-0.234847541002509
"951",-0.16862243754902,1.00851204152223,-0.126384065122429,0.0335202323748225
"952",-0.16862243754902,1.02550367508681,-0.0927821255359137,-0.207483167504228
"953",-0.16862243754902,1.03148358767926,-0.220120982521676,-0.124519655899668
"954",-0.16862243754902,1.00950111547483,-0.0924603788340987,-0.102681938483729
"955",-0.16862243754902,1.02184256947432,-0.11446792663111,-0.176236575553037
"956",-0.16862243754902,1.00412032614647,-0.0745955400023029,-0.0518954216887064
"957",-0.16862243754902,1.03163820654787,-0.146818111534774,-0.206692601064172
"958",-0.16862243754902,1.00791184399773,0.0120958893438062,-0.12545905599792
"959",-0.16862243754902,1.01879567539204,-0.0751691912514358,-0.179705928906423
"960",-0.16862243754902,1.0160056365845,-0.0445639466083809,-0.174015827539194
"961",-0.16862243754902,1.02443663690149,-0.161265714200713,-0.153178955634831
"962",-0.16862243754902,1.03781079058142,-0.105217163583455,-0.256866863442301
"963",-0.16862243754902,1.0066083391741,-0.0839628265379371,-0.0788073109210119
"964",-0.16862243754902,1.03130974123849,-0.182275671241477,-0.174285289244013
"965",-0.16862243754902,1.01792638545553,-0.110302823313438,-0.154943258567921
"966",-0.16862243754902,1.013462782504,-0.0546711609299145,-0.155299309989873
"967",-0.16862243754902,1.01162066344674,-0.13683072145633,-0.0682181821669998
"968",-0.16862243754902,1.02199910680333,-0.139972274395091,-0.157765448395614
"969",-0.16862243754902,1.04118476309356,-0.204441654171407,-0.205595041131465
"970",-0.16862243754902,1.03405416702007,-0.260494132788639,-0.0375609786115391
"971",-0.16862243754902,1.02288921832543,-0.189391122709253,-0.102143798663127
"972",-0.16862243754902,1.00547379888375,-0.050919120000415,-0.0915685724476647
"973",-0.16862243754902,1.0030562645451,-0.0631221154118473,-0.0462327631567405
"974",-0.16862243754902,1.00629309655316,-0.0731638386040904,-0.0852809995910793
"975",-0.16862243754902,1.01874350371124,-0.124885403909326,-0.149137393849652
"976",-0.16862243754902,1.0113950889148,-0.0414260947057869,-0.145615605476879
"977",-0.16862243754902,1.01298930054153,-0.114433753874427,-0.114246395942347
"978",-0.16862243754902,1.01668863010133,-0.158152506395974,-0.0929707228001476
"979",-0.16862243754902,1.04535915420373,-0.25593385710232,-0.165147273868708
"980",-0.16862243754902,1.02077797004763,-0.189625401247517,-0.07765224617668
"981",-0.16862243754902,1.00770446327075,-0.105490398098042,-0.065879140893798
"982",-0.16862243754902,1.02463407918154,-0.162411216869855,-0.153289245725408
"983",-0.16862243754902,1.01758783781248,-0.155999100848569,-0.105590189877242
"984",-0.16862243754902,1.00002169944429,-0.00593091448927997,-0.00286768421771664
"985",-0.16862243754902,1.01059325274614,-0.105085144761753,-0.101271095809307
"986",-0.16862243754902,1.01397174760325,-0.167353110147713,0.0114735112969247
"987",-0.16862243754902,1.01494395089287,-0.163141503376438,-0.0591276021000067
"988",-0.16862243754902,1.01365290557943,-0.0677097272399697,-0.151352587776727
"989",-0.16862243754902,1.02430820308315,-0.00806122836074358,-0.221680652066775
"990",-0.16862243754902,1.00517084246991,-0.0808795916750568,-0.0618620578556526
"991",-0.16862243754902,1.01358937645383,-0.163761694644021,0.0233566142103895
"992",-0.16862243754902,1.01173956147863,-0.124008027223614,-0.0907686589362145
"993",-0.16862243754902,1.01900781631894,-0.108340063075282,-0.163215686905179
"994",-0.16862243754902,1.03413675868949,-0.0961696084041364,-0.245336996990244
"995",-0.16862243754902,1.01615509625647,-0.0289001640647883,-0.1781458957288
"996",-0.16862243754902,1.02761224114164,-0.196318639749517,-0.132082965711147
"997",-0.16862243754902,1.02061756931082,-0.171763759617351,-0.110260753072189
"998",-0.16862243754902,1.04887196042463,-0.137445738166578,-0.285028171282843
"999",-0.16862243754902,1.00980061395516,-0.14034551131606,-0.00064606319253986
"1000",-0.16862243754902,1.01560315965927,-0.171059248445196,-0.046781528740104
