"","t","","",""
"1",-0.16862243754902,1.01534540368135,-0.0677673930587389,-0.162277137067613
"2",-0.16862243754902,1.00150072718729,-0.00486767707258339,-0.0545894887005559
"3",-0.16862243754902,1.01408817625941,-0.0848927590825928,-0.145492435145177
"4",-0.16862243754902,1.01393241756404,-0.118833699907724,-0.118057185946014
"5",-0.16862243754902,1.01727760070516,-0.16720015498489,-0.0830531460540568
"6",-0.16862243754902,1.03760865925309,-0.0895786389679533,-0.261930138009439
"7",-0.16862243754902,1.01655890388629,-0.182605407829898,-0.00687532557516646
"8",-0.16862243754902,1.01165979899014,-0.0475131000458902,-0.145595515785365
"9",-0.16862243754902,1.01039207105318,0.00362353455908675,-0.14449569974377
"10",-0.16862243754902,1.00093225544873,-0.0379963674642168,-0.0205342654411505
"11",-0.16862243754902,1.00271157286905,-0.0710401221749898,-0.0195907990363579
"12",-0.16862243754902,1.01787709675151,-0.144666149658436,-0.123067011153589
"13",-0.16862243754902,1.01352762309604,-0.133478426873328,-0.0970657114440353
"14",-0.16862243754902,1.01708059700704,-0.178531051511232,-0.0507898066003263
"15",-0.16862243754902,1.01164629840764,-0.143827384030028,-0.0523633143046257
"16",-0.16862243754902,1.00305731508937,-0.0217763410288433,-0.0751649408014834
"17",-0.16862243754902,1.01359248845096,-0.129323079241552,-0.103175936243323
"18",-0.16862243754902,1.00316940002918,-0.0450947541183932,-0.0656910062786342
"19",-0.16862243754902,1.02214734021689,-0.163777965165743,-0.134022249043364
"20",-0.16862243754902,1.00694034781811,-0.0880278201836846,-0.0786127657430132
"21",-0.16862243754902,1.00833563271235,-0.0811156098762187,-0.100801815617652
"22",-0.16862243754902,1.00503537641246,-0.0959029611970624,-0.0299788237621892
"23",-0.16862243754902,1.00261370147082,-0.0365170703300347,-0.0624558880453629
"24",-0.16862243754902,1.01824145959859,-0.184211956270197,-0.0536807713485532
"25",-0.16862243754902,1.02158548433582,-0.177425944363626,-0.110258496599239
"26",-0.16862243754902,1.01101765389569,-0.08686509555082,-0.120876596840301
"27",-0.16862243754902,1.01723302406841,-0.0698377788452586,-0.17287483883241
"28",-0.16862243754902,1.01071200704828,-0.0394070218863689,-0.141371311862102
"29",-0.16862243754902,1.02424464771881,-0.12714178285098,-0.181416827869134
"30",-0.16862243754902,1.02622731943985,-0.163993059664975,-0.162014775704034
"31",-0.16862243754902,1.00864995426785,-0.0147837654484076,-0.130981565587345
"32",-0.16862243754902,1.01162351304438,-0.143744635156956,-0.0521498994039958
"33",-0.16862243754902,1.0104449888655,-0.109591572170287,-0.0948090862346467
"34",-0.16862243754902,1.00651240256251,-0.109947803340465,-0.0312841342017659
"35",-0.16862243754902,1.00770425923268,-0.0804643238345897,-0.0948333626184594
"36",-0.16862243754902,1.00298044846177,0.0135570398468697,-0.0760656733826978
"37",-0.16862243754902,1.02502802924217,-0.213203834165507,-0.0722951300518146
"38",-0.16862243754902,1.02176830399273,-0.0818621157646311,-0.193155535894576
"39",-0.16862243754902,1.00665871763535,-0.0391605301430482,-0.108757651087904
"40",-0.16862243754902,1.01294312656084,-0.130596394299961,-0.0948596829147853
"41",-0.16862243754902,1.01317514252083,-0.0540568489394187,-0.153628534149258
"42",-0.16862243754902,1.02723808303807,-0.120275868528267,-0.201870737585944
"43",-0.16862243754902,1.02112243024367,-0.0850041283218978,-0.188322371785654
"44",-0.16862243754902,1.02556266338241,-0.0647239207807273,-0.21815038529143
"45",-0.16862243754902,1.02344279515935,-0.200733462512062,-0.0845058104008253
"46",-0.16862243754902,1.03241222732249,-0.215369812937552,-0.139609637203955
"47",-0.16862243754902,1.00213746865812,-0.0125903845559673,-0.0641949242949351
"48",-0.16862243754902,1.03264804097063,-0.197004358258582,-0.165985720312363
"49",-0.16862243754902,1.01356613347826,-0.165270318257731,0.00142437251695828
"50",-0.16862243754902,1.04492365840362,-0.10555481418398,-0.284119047397706
"51",-0.16862243754902,1.00431132558568,-0.0463163252700749,-0.0805979944734405
"52",-0.16862243754902,1.0101683867597,-0.123091142315432,-0.0727237257859175
"53",-0.16862243754902,1.01555199520302,-0.00169730230418643,-0.177039470530518
"54",-0.16862243754902,1.03207300650788,-0.23682860351045,-0.0953252501780315
"55",-0.16862243754902,1.05156748506924,-0.239074828416113,-0.220538890159225
"56",-0.16862243754902,1.01576405960376,-0.120593121158826,-0.131278040478545
"57",-0.16862243754902,1.01159005563507,-0.104722739312543,-0.111119703611226
"58",-0.16862243754902,1.02736950573013,-0.209462863859455,-0.107765532374563
"59",-0.16862243754902,1.00982026852739,0.0207580710581838,-0.138946310547155
"60",-0.16862243754902,1.00561724447033,-0.0335954626823323,-0.100684592978534
"61",-0.16862243754902,1.0029997150243,-0.0704597975838116,-0.0323085942633213
"62",-0.16862243754902,1.02723335171335,-0.20271832330694,-0.118800842875216
"63",-0.16862243754902,1.00056613880335,-0.0118963950587251,-0.0314813262817155
"64",-0.16862243754902,1.01715468639667,-0.122099794005174,-0.140339931461427
"65",-0.16862243754902,1.00803814357758,-0.0940768787051156,-0.0853840722877328
"66",-0.16862243754902,1.02186439766074,-0.139837541038519,-0.157010538890999
"67",-0.16862243754902,1.01749209528052,-0.00108560131130319,-0.187853627668264
"68",-0.16862243754902,1.02689512450324,-0.197514604924174,-0.12450533149296
"69",-0.16862243754902,1.04422700728088,-0.103284865522984,-0.282386754803913
"70",-0.16862243754902,1.01798744757716,-0.0968260123130174,-0.164082804596391
"71",-0.16862243754902,1.0110484822151,-0.11791507388683,-0.091186998742799
"72",-0.16862243754902,1.0272441345825,-0.198373197217575,-0.126010264105025
"73",-0.16862243754902,1.01979858655576,-0.157890971890719,-0.122717554312894
"74",-0.16862243754902,1.01034994134701,-0.106704811393132,-0.0970622851856242
"75",-0.16862243754902,1.01424323124648,-0.0776364049213237,-0.150538768296377
"76",-0.16862243754902,1.01328622294123,-0.142773583940095,-0.0797789027964296
"77",-0.16862243754902,1.020327748588,-0.173032499936739,-0.105491556554524
"78",-0.16862243754902,1.00696191198484,0.071907977038117,-0.0938164965581901
"79",-0.16862243754902,1.01625852298751,-0.101726407896997,-0.149776912376826
"80",-0.16862243754902,1.01493518193076,-0.172851018195453,0.0146952043065199
"81",-0.16862243754902,1.0206117703521,-0.184052299698203,-0.0881653943282038
"82",-0.16862243754902,1.05922603803617,-0.125015816266169,-0.326084107765316
"83",-0.16862243754902,1.023736530068,-0.135690007846658,-0.172118287134855
"84",-0.16862243754902,1.01330095914654,-0.0768891859154239,-0.144453753487295
"85",-0.16862243754902,1.00666223572281,-0.0946905809347912,-0.0663517197417502
"86",-0.16862243754902,1.00351305383362,-0.0500544635379839,-0.0673275567238486
"87",-0.16862243754902,1.03339580011734,-0.137339934123274,-0.221460204540629
"88",-0.16862243754902,1.02230111789924,-0.143625266030631,-0.156433240123889
"89",-0.16862243754902,1.00296186395704,-0.0595710357304699,-0.048824095016497
"90",-0.16862243754902,1.00919813372043,0.0644762767994965,-0.119681589373125
"91",-0.16862243754902,1.00839261847543,-0.0772119543024171,-0.104374264589186
"92",-0.16862243754902,1.02288265593269,-0.175528349482051,-0.124413529553755
"93",-0.16862243754902,1.02361302606165,-0.152592674433295,-0.156521892501913
"94",-0.16862243754902,1.01738437628635,-0.187234486461153,-0.00377043647322915
"95",-0.16862243754902,1.01290663299393,-0.0863091431676752,-0.136127069199201
"96",-0.16862243754902,1.00778052818617,-0.0914840517622356,-0.0851602093959876
"97",-0.16862243754902,1.02610130290602,-0.160143179394989,-0.165039528352119
"98",-0.16862243754902,1.01837472837258,-0.12148855487114,-0.149424289937232
"99",-0.16862243754902,1.0154773788143,-0.076917175434716,-0.158990738745074
"100",-0.16862243754902,1.00782946096131,-0.0814628261586546,-0.0953101796022662
"101",-0.16862243754902,1.05024056036784,-0.109024740404706,-0.301858974724014
"102",-0.16862243754902,1.00374098388845,-0.0297385229139157,-0.0813116411853895
"103",-0.16862243754902,1.01971325123775,-0.13268575742298,-0.149028871454307
"104",-0.16862243754902,1.00887061000243,-0.0135972499601871,-0.132796922103601
"105",-0.16862243754902,1.03270116799635,-0.181361040247385,-0.183248125396697
"106",-0.16862243754902,1.01159595656475,-0.0290888599567123,-0.149934044047941
"107",-0.16862243754902,1.01945513169845,-0.154429341282457,-0.124259181139129
"108",-0.16862243754902,1.00871190903283,-0.112876333748618,-0.068982959519966
"109",-0.16862243754902,1.02413639553463,-0.157045197400137,-0.155538299567091
"110",-0.16862243754902,1.04429657469422,-0.246225106043086,-0.172998650492293
"111",-0.16862243754902,1.02117428951799,-0.0065793760526661,-0.206769536884265
"112",-0.16862243754902,1.04044702638126,-0.202706552845979,-0.203568337761332
"113",-0.16862243754902,1.02050133282564,-0.196697613407954,-0.0522782859179154
"114",-0.16862243754902,1.02784995895443,-0.200987057390076,-0.126805918175384
"115",-0.16862243754902,1.02686037407671,-0.220566027243134,-0.0761108105011051
"116",-0.16862243754902,1.0010552487509,-0.0368216692650586,-0.0274913754524784
"117",-0.16862243754902,1.00940941408067,-0.092802640338816,-0.101464452794192
"118",-0.16862243754902,1.02487396346703,-0.17683597029176,-0.138187121699504
"119",-0.16862243754902,1.01185770569651,-0.152290689133608,-0.0257597084729107
"120",-0.16862243754902,1.0173484611378,-0.164540622544073,-0.0890183964821402
"121",-0.16862243754902,1.00665956963637,-0.103264008188322,-0.0519618490178539
"122",-0.16862243754902,1.03156197672376,-0.22009510519057,-0.125212844761993
"123",-0.16862243754902,1.01305332806571,-0.0159094208753824,-0.161319359757031
"124",-0.16862243754902,1.00234774523467,-0.0442622461185089,-0.0523627343209263
"125",-0.16862243754902,1.00551890711972,-0.0781193157052397,-0.070467333488522
"126",-0.16862243754902,1.02008760473389,-0.175819354480051,-0.0983172208818632
"127",-0.16862243754902,1.00780329417538,-0.1097451847731,-0.0601953002306629
"128",-0.16862243754902,1.02590225319752,-0.197344512877934,-0.116321005638375
"129",-0.16862243754902,1.0161413521693,-0.156537814715402,-0.0896613637671123
"130",-0.16862243754902,1.00798976297426,-0.0148292292850022,-0.125791320128719
"131",-0.16862243754902,1.02521258566006,-0.0591302721586998,-0.218092770880269
"132",-0.16862243754902,1.02752185918609,-0.227517032767437,-0.0635387354763915
"133",-0.16862243754902,1.01153064102052,-0.149642902009047,-0.0283061760343353
"134",-0.16862243754902,1.02774549960114,-0.222030058163193,-0.0834473799615396
"135",-0.16862243754902,1.02508626315327,-0.222806526139982,-0.0340455403096009
"136",-0.16862243754902,1.04038903707885,-0.213751011025667,-0.191624251490691
"137",-0.16862243754902,1.02044730681159,-0.126539016146778,-0.159061571008283
"138",-0.16862243754902,1.00439045191263,-0.0869041171970457,-0.0353249813511026
"139",-0.16862243754902,1.02993035573435,-0.220781744615025,-0.10959908260487
"140",-0.16862243754902,1.0177788128074,-0.167311066947848,-0.0887734119903686
"141",-0.16862243754902,1.00506695355025,-0.0750605784563008,-0.0672717673365815
"142",-0.16862243754902,1.02183958680001,-0.0377966137643353,-0.206706451615747
"143",-0.16862243754902,1.01409500428067,-0.108377097675172,-0.129008071090636
"144",-0.16862243754902,1.01835080342822,-0.142081014960809,-0.12981272676669
"145",-0.16862243754902,1.00859039756145,-0.0624959877301964,-0.115537186960665
"146",-0.16862243754902,1.01730990166653,-0.186765286948317,-0.00617767107232032
"147",-0.16862243754902,1.01120966268645,-0.148083484591201,0.0248246551187953
"148",-0.16862243754902,1.00501954125218,-0.091567612249279,0.0409835416443324
"149",-0.16862243754902,1.02869631116298,-0.196670514954559,-0.139774136190645
"150",-0.16862243754902,1.02787001185618,-0.19600095907126,-0.13453767248009
"151",-0.16862243754902,1.01465957425342,-0.145000980807956,-0.092242979076269
"152",-0.16862243754902,1.02193702511794,-0.0580649390612756,-0.20244442733429
"153",-0.16862243754902,1.02867703027993,-0.0754223123308866,-0.229102395073027
"154",-0.16862243754902,1.02684641277383,-0.195807856761411,-0.1267786995397
"155",-0.16862243754902,1.00544488625767,-0.0935448741790359,-0.0465701172054033
"156",-0.16862243754902,1.0209660571187,-0.0717849314285082,-0.192921262198596
"157",-0.16862243754902,1.014587813829,-0.162977562093513,-0.0531671536229611
"158",-0.16862243754902,1.00375052908811,-0.0852022983089148,-0.0159904036080662
"159",-0.16862243754902,1.03267833894835,-0.254357262841903,-0.0415564023070871
"160",-0.16862243754902,1.00717135281788,-0.0655313367747446,-0.100497650905467
"161",-0.16862243754902,1.03006268152322,-0.156526359867456,-0.19112463612379
"162",-0.16862243754902,1.00728673172879,-0.0802359255759045,-0.0904917463851565
"163",-0.16862243754902,1.02390387996732,-0.202829599976759,-0.0850841276936594
"164",-0.16862243754902,1.00563817512177,-0.0682438471066474,-0.0815531519582447
"165",-0.16862243754902,1.02302346615667,-0.139914607015771,-0.164319551638968
"166",-0.16862243754902,1.0175857625195,-0.169017092707502,-0.0831505048396326
"167",-0.16862243754902,1.0010603459944,-0.0410563799424887,-0.0208851619204648
"168",-0.16862243754902,1.00705774881498,-0.109007926821045,-0.0477763679916001
"169",-0.16862243754902,1.05243490026025,-0.239641414095113,-0.224033952641751
"170",-0.16862243754902,1.04412422597909,-0.295707725907104,-0.0524627497875926
"171",-0.16862243754902,1.02140902261597,-0.200919040911217,-0.0539252304643193
"172",-0.16862243754902,1.0167836425546,-0.11635869577466,-0.142511858047729
"173",-0.16862243754902,1.02022642787405,-0.145358158826437,-0.140474089408803
"174",-0.16862243754902,1.01648145544685,-0.117095794349888,-0.139725173869663
"175",-0.16862243754902,1.02426692140419,-0.166556801749758,-0.146224341590985
"176",-0.16862243754902,1.01703155311403,-0.147973004379979,-0.111611692955063
"177",-0.16862243754902,1.00478686140435,-0.0719454301143424,0.0664867801632337
"178",-0.16862243754902,1.01236217218662,-0.107207168538951,-0.11568833427911
"179",-0.16862243754902,1.00730101331589,-0.120125112980069,0.0150096188737935
"180",-0.16862243754902,1.0050091615255,-0.0978101590760558,-0.021830884812594
"181",-0.16862243754902,1.02795453976149,-0.0103152216607982,-0.237874193678833
"182",-0.16862243754902,1.02885396149117,-0.100845291363819,-0.219933401933004
"183",-0.16862243754902,1.01026281094766,-0.0963933794781594,-0.106485978310044
"184",-0.16862243754902,1.0122876955729,-0.127621114580928,-0.0918652802827052
"185",-0.16862243754902,1.00969034570778,-0.0950564657568078,-0.102170751848639
"186",-0.16862243754902,1.02620357499795,-0.216808379172383,-0.0780250220072196
"187",-0.16862243754902,1.00553816113591,-0.0212644432134569,-0.103222172789608
"188",-0.16862243754902,1.0061176168483,-0.0680737085953835,-0.0873992513158564
"189",-0.16862243754902,1.0070199056456,-0.0260425563520668,-0.115805335046026
"190",-0.16862243754902,1.00170596191707,-0.0584337539076797,-0.000574929953127332
"191",-0.16862243754902,1.03681032005867,-0.228465851994529,-0.150927115696902
"192",-0.16862243754902,1.03095681419397,-0.163157164533243,-0.19039877204028
"193",-0.16862243754902,1.01413284064056,-0.0755340584815506,-0.150864258441135
"194",-0.16862243754902,1.05587653131921,-0.282520309310905,-0.187236546159021
"195",-0.16862243754902,1.04034833205123,-0.279400550132448,-0.065268557418202
"196",-0.16862243754902,1.01933861829179,-0.164156780913848,-0.11001713512456
"197",-0.16862243754902,1.02143730649298,-0.18955477275773,-0.0860416133065375
"198",-0.16862243754902,1.00224413273025,-0.0138822652210235,-0.0655788403720204
"199",-0.16862243754902,1.00586900239538,-0.0158087099749288,-0.107343069961679
"200",-0.16862243754902,1.01192006866848,-0.142119103306077,-0.061517362179307
"201",-0.16862243754902,1.02014657187939,-0.141933299533213,-0.143366546310096
"202",-0.16862243754902,1.0210893798838,-0.180216194013128,-0.100725593207061
"203",-0.16862243754902,1.02385843119588,-0.213834841129052,-0.0506038323668225
"204",-0.16862243754902,1.00497550112454,-0.0372240543302286,-0.092682941471137
"205",-0.16862243754902,1.01584175192651,-0.176579233554751,0.0274634162904519
"206",-0.16862243754902,1.00723630490833,-0.104455438250528,-0.0601168474329546
"207",-0.16862243754902,1.01569205624257,-0.151130267297609,-0.093754975445625
"208",-0.16862243754902,1.02490012691252,-0.0651410164656891,-0.214888152579723
"209",-0.16862243754902,1.01744290854426,-0.0202340953579458,-0.186495719875951
"210",-0.16862243754902,1.033837693904,-0.233950176704949,-0.118691584185528
"211",-0.16862243754902,1.03462368032421,-0.161762439691564,-0.210425932319772
"212",-0.16862243754902,1.02382925811734,-0.152719455105011,-0.157807217228889
"213",-0.16862243754902,1.0185883572786,-0.0557519948688748,-0.185509990705769
"214",-0.16862243754902,1.03083812159202,-0.230944590835044,-0.0963941330756364
"215",-0.16862243754902,1.00769145423549,-0.0980228266003243,-0.0763779575828044
"216",-0.16862243754902,1.00201178910679,-0.0609993577503846,-0.0175129627141467
"217",-0.16862243754902,1.01538122216654,-0.12293603394239,-0.126038715825435
"218",-0.16862243754902,1.01343913981272,0.0111415842048664,-0.164118113582124
"219",-0.16862243754902,1.02205910219202,0.00127887355567782,-0.211194632640098
"220",-0.16862243754902,1.01418326071928,-0.100637438289159,-0.135793196949597
"221",-0.16862243754902,1.00390887778539,-0.0590134497479139,-0.0659579232933566
"222",-0.16862243754902,1.04092106511657,-0.211047935745291,-0.197421965903162
"223",-0.16862243754902,1.01412124370098,-0.136471713430639,-0.0990826339926469
"224",-0.16862243754902,1.0308941977226,-0.232346860772226,-0.0935830283086216
"225",-0.16862243754902,1.01874350333412,-0.151682685120846,-0.121781314740849
"226",-0.16862243754902,1.00480649131269,-0.0585433795307182,0.0787956705488423
"227",-0.16862243754902,1.01494190215367,-0.0471034294725686,-0.166997999027605
"228",-0.16862243754902,1.01620352233837,-0.149620362060936,-0.101406834432684
"229",-0.16862243754902,1.03928573086795,-0.192070539837042,-0.20790319408907
"230",-0.16862243754902,1.03402997410593,-0.0843672919764495,-0.249199011623379
"231",-0.16862243754902,1.01850593135421,-0.181737072199344,-0.0657720973674343
"232",-0.16862243754902,1.04193992803186,-0.18203802790701,-0.229130901501231
"233",-0.16862243754902,1.00201498299871,-0.0635133041548765,-0.000293852404368879
"234",-0.16862243754902,1.00746248874639,-0.0842946205399001,-0.0887416654064734
"235",-0.16862243754902,1.00283948141803,-0.0452194905359091,-0.0603508340162127
"236",-0.16862243754902,1.01255181182327,-0.130109588575209,-0.0912834409264571
"237",-0.16862243754902,1.02298060529545,-0.176664479693203,-0.123608172971609
"238",-0.16862243754902,1.01577636700284,-0.151879540378744,-0.0934571183796098
"239",-0.16862243754902,1.01542073757597,-0.0659474911445658,-0.163493739057679
"240",-0.16862243754902,1.02070763102482,-0.0381213188136645,-0.200974707573381
"241",-0.16862243754902,1.01917773023692,-0.168424405112646,-0.101766721345091
"242",-0.16862243754902,1.01405778894522,-0.165911103605491,-0.0280482623503268
"243",-0.16862243754902,1.03339057298593,-0.254399988268111,-0.0563624192647367
"244",-0.16862243754902,1.00413213414703,-0.0906754225708974,-0.00770133548512659
"245",-0.16862243754902,1.01696014354432,-0.0917225611833619,-0.160607924236764
"246",-0.16862243754902,1.00711315184264,0.00736689628208704,-0.119258666157163
"247",-0.16862243754902,1.02433529178704,-0.0121007352054731,-0.221622115791577
"248",-0.16862243754902,1.02194821157999,-0.145300670064523,-0.152531512909119
"249",-0.16862243754902,1.01366797699591,-0.162286023525616,0.0344385562301224
"250",-0.16862243754902,1.04728759845658,-0.234271830447753,-0.20476333494941
"251",-0.16862243754902,1.01848208016123,-0.193145654622695,-0.000709725247044261
"252",-0.16862243754902,1.04613084124184,-0.22786870593187,-0.206071807519357
"253",-0.16862243754902,1.00816673836731,-0.100281956389317,-0.0796473576016188
"254",-0.16862243754902,1.04280606534657,-0.219346061884556,-0.198322452232069
"255",-0.16862243754902,1.00710501038554,-0.104760089178161,-0.0573221218993913
"256",-0.16862243754902,1.04023187416062,-0.27248196439621,-0.0885207947236362
"257",-0.16862243754902,1.01716701335057,-0.150157695652031,-0.109915419687085
"258",-0.16862243754902,1.01206034084961,-0.0809723306335823,-0.133077478156096
"259",-0.16862243754902,1.01363807250794,-0.158638997112297,-0.047914618153783
"260",-0.16862243754902,1.01939000381682,-0.132003305609539,-0.147414745496535
"261",-0.16862243754902,1.03440838504117,-0.0682920887123424,-0.255610832444141
"262",-0.16862243754902,1.03364482921172,-0.233093679505298,-0.118696965128896
"263",-0.16862243754902,1.00617306766855,-0.0893365647492085,-0.0663567652945553
"264",-0.16862243754902,1.02078125618061,-0.110350119309597,-0.172676646185909
"265",-0.16862243754902,1.01429108135883,-0.134943804985426,-0.102842438808693
"266",-0.16862243754902,1.01864017216142,-0.0863395882675082,-0.173704564818664
"267",-0.16862243754902,1.01399229628667,-0.154812187858957,-0.0649119666860107
"268",-0.16862243754902,1.00933772945238,-0.135972139397837,0.0165598732984732
"269",-0.16862243754902,1.03637781667196,-0.184151529861808,-0.20041754648557
"270",-0.16862243754902,1.02334097534636,-0.202534766049185,-0.0787808375447151
"271",-0.16862243754902,1.03398101353914,-0.137588398571441,-0.224022697372313
"272",-0.16862243754902,1.01076161227241,-0.0230147502268229,-0.145290598854542
"273",-0.16862243754902,1.011458735771,-0.120887828431126,-0.0918417503353999
"274",-0.16862243754902,1.02055811063787,-0.13644823389167,-0.151395959842371
"275",-0.16862243754902,1.01722186570341,-0.186004360773815,-0.0119457874691224
"276",-0.16862243754902,1.00733574028261,-0.013012612284695,-0.120648106376558
"277",-0.16862243754902,1.00710724905915,-0.113763148383884,-0.0363724782945097
"278",-0.16862243754902,1.01178326584483,-0.150005869874248,-0.0346931700324818
"279",-0.16862243754902,1.00194150004064,0.0264041036644954,-0.0564764801785418
"280",-0.16862243754902,1.02574275510342,-0.197254042427934,-0.115061037684301
"281",-0.16862243754902,1.00817958439861,-0.105768532615129,-0.0723815715953066
"282",-0.16862243754902,1.02318747160738,-0.168037316201096,-0.136660390816943
"283",-0.16862243754902,1.03183085322527,-0.201222414224116,-0.155513503212431
"284",-0.16862243754902,1.01785418640287,-0.17879058338062,-0.0637265413487204
"285",-0.16862243754902,1.03533485456018,-0.146681238264973,-0.224505847158144
"286",-0.16862243754902,1.01190339175344,-0.15454494269063,0.00802090586341103
"287",-0.16862243754902,1.01556586012214,-0.116773198231848,-0.133184219862319
"288",-0.16862243754902,1.0129816132096,-0.0511173649169862,-0.15335828541249
"289",-0.16862243754902,1.02774777818615,-0.0778062573150857,-0.224079632919158
"290",-0.16862243754902,1.01484489425245,-0.172371403229058,-0.0140804381717024
"291",-0.16862243754902,1.01819142928617,-0.179886920442988,-0.0659885029786373
"292",-0.16862243754902,1.02074529866756,-0.158893032179163,-0.129127723889304
"293",-0.16862243754902,1.01164104685044,-0.149327982983336,-0.0334478873889962
"294",-0.16862243754902,1.0435003970004,-0.204306850710094,-0.217144627593972
"295",-0.16862243754902,1.02113483086341,-0.185659585733007,-0.090812229506253
"296",-0.16862243754902,1.00638225878608,-0.0778705096667424,-0.08210623924898
"297",-0.16862243754902,1.0248822807905,-0.115346957214378,-0.192558481869048
"298",-0.16862243754902,1.02499517032614,-0.139155093092758,-0.176779408467883
"299",-0.16862243754902,1.02025703814663,-0.12414164267417,-0.159728758969345
"300",-0.16862243754902,1.02554969740222,-0.141471824775849,-0.178151353170183
"301",-0.16862243754902,1.02182568438523,-0.16713136865044,-0.127258928497635
"302",-0.16862243754902,1.02618868274433,-0.230043240465733,-0.0119716376726243
"303",-0.16862243754902,1.02414000888997,-0.216767914333572,-0.0432946777862396
"304",-0.16862243754902,1.02087053269288,-0.16676674737505,-0.119856149156341
"305",-0.16862243754902,1.00233962373293,-0.0642271580086146,-0.0236557282537174
"306",-0.16862243754902,1.03321133454044,-0.143981136460685,-0.216321737618577
"307",-0.16862243754902,1.00962360451456,-0.129190422535158,-0.0514748241197162
"308",-0.16862243754902,1.02711019363762,-0.163578065475298,-0.167921310052279
"309",-0.16862243754902,1.01170449165251,-0.0333856646615217,-0.149771078065701
"310",-0.16862243754902,1.0146996761772,-0.126805823079287,-0.116343096345695
"311",-0.16862243754902,1.02573834030573,-0.106766679243177,-0.201841569000366
"312",-0.16862243754902,1.0182671207117,-0.16906924068559,-0.0910138504651782
"313",-0.16862243754902,1.04535789635866,-0.200706832405405,-0.22910674129148
"314",-0.16862243754902,1.00223001991593,0.0228632971722038,-0.0627875980039301
"315",-0.16862243754902,1.01762670204238,-0.140372526443776,-0.125935136198937
"316",-0.16862243754902,1.00496975879651,0.0210223838866463,-0.0975821472977554
"317",-0.16862243754902,1.02415393532452,-0.180355333448878,-0.127918868573986
"318",-0.16862243754902,1.00674165490455,-0.0734590642966639,-0.0901805167018491
"319",-0.16862243754902,1.01396752462828,-0.0912593635697496,-0.140719115835966
"320",-0.16862243754902,1.01378509886099,-0.157775003248329,0.0535469422336048
"321",-0.16862243754902,1.01490876496572,-0.124514840689994,-0.120564736354294
"322",-0.16862243754902,1.00629758922149,-0.0637396772704541,-0.0925855907495269
"323",-0.16862243754902,1.0040216548598,0.0197831270203539,-0.0875677526987908
"324",-0.16862243754902,1.02565976316161,-0.112671482731967,-0.198199613389384
"325",-0.16862243754902,1.02623474366188,-0.134391790198914,-0.187340854663093
"326",-0.16862243754902,1.0333786009344,-0.240536393661303,-0.100067857944302
"327",-0.16862243754902,1.02770429702294,-0.230321461495893,-0.0559298354531231
"328",-0.16862243754902,1.05401480814254,-0.273745328978905,-0.189764882541511
"329",-0.16862243754902,1.01749007236396,-0.157078337897957,-0.103016712830627
"330",-0.16862243754902,1.00975137583969,-0.0799288792545279,-0.114931350254238
"331",-0.16862243754902,1.05925777607122,-0.32280462491997,-0.13350734173683
"332",-0.16862243754902,1.01107953901208,-0.071489799733398,-0.131038325473742
"333",-0.16862243754902,1.00737014213355,-0.115018444341281,-0.0395646398122291
"334",-0.16862243754902,1.02216220215902,-0.0944569066627443,-0.189455694837272
"335",-0.16862243754902,1.01708441967588,-0.185570855868876,-0.0049167265041975
"336",-0.16862243754902,1.00390019354062,-0.0694187227105729,-0.0547415703842513
"337",-0.16862243754902,1.02166682446792,-0.119205136187286,-0.17202684594251
"338",-0.16862243754902,1.01304454427152,-0.0983367896491003,-0.128798775148672
"339",-0.16862243754902,1.00266761978428,0.0715259608166521,0.0150463514886449
"340",-0.16862243754902,1.01534612895396,-0.0913015251243805,-0.150305665534477
"341",-0.16862243754902,1.01898878451783,-0.171430979190449,-0.0946021265454368
"342",-0.16862243754902,1.03790879582026,-0.266399909586502,-0.0792827636587609
"343",-0.16862243754902,1.02135735264091,-0.200912484717869,-0.0529623949433648
"344",-0.16862243754902,1.00695009238033,-0.0939157781186921,-0.0716122556906777
"345",-0.16862243754902,1.00296685973551,0.0647359975761406,-0.0418541795466829
"346",-0.16862243754902,1.00003462031719,-0.00673211137266934,-0.00489085978283238
"347",-0.16862243754902,1.01404011964644,-0.158844790378699,-0.0551878321925402
"348",-0.16862243754902,1.00994046877253,-0.136584405195221,-0.0363930037499093
"349",-0.16862243754902,1.01891739529748,-0.135624101952733,-0.14070807158554
"350",-0.16862243754902,1.01359757477938,-0.0616754301636647,-0.153545383886222
"351",-0.16862243754902,1.01245118860867,-0.148778346354662,-0.054059346750354
"352",-0.16862243754902,1.0222018916541,-0.167904015843647,-0.129247625760792
"353",-0.16862243754902,1.01104871090076,-0.107883966580279,-0.102861778951157
"354",-0.16862243754902,1.02174725735704,-0.163947335212261,-0.130723866196742
"355",-0.16862243754902,1.01854208350852,-0.101034649341735,-0.164984773570991
"356",-0.16862243754902,1.0093557173883,-0.136101066291477,-0.0165971075421623
"357",-0.16862243754902,1.01642302680176,-0.0577601797307275,-0.172567468111244
"358",-0.16862243754902,1.00977547607786,-0.110739329769677,0.0859262063077381
"359",-0.16862243754902,1.01520394357498,-0.135218727949381,-0.111152789717301
"360",-0.16862243754902,1.03330001176129,-0.215486283203408,-0.145858068193208
"361",-0.16862243754902,1.01360259940744,-0.0431394316514087,-0.159778656153767
"362",-0.16862243754902,1.02619206929773,-0.210774399039326,-0.0929748127138541
"363",-0.16862243754902,1.02085507946888,-0.197636858608696,-0.0555406643523794
"364",-0.16862243754902,1.01167103536841,-0.0548207571088189,-0.143083781028459
"365",-0.16862243754902,1.03452684060686,-0.18677271413667,-0.188047167460799
"366",-0.16862243754902,1.03202829496885,-0.143542092843344,-0.210898243706432
"367",-0.16862243754902,1.01756363100721,-0.114876460178661,-0.149127938513855
"368",-0.16862243754902,1.03641902068858,-0.116264894196216,-0.246265833648552
"369",-0.16862243754902,1.00668107217163,-0.113618444639442,0.0223076243990256
"370",-0.16862243754902,1.04538708478295,-0.115522397121143,-0.281937462559316
"371",-0.16862243754902,1.05504911839901,-0.221929136476833,-0.252737216525751
"372",-0.16862243754902,1.00522515873873,-0.0683614337208121,-0.07618618077402
"373",-0.16862243754902,1.01579821264978,-0.132516996487402,-0.11952093734755
"374",-0.16862243754902,1.00960008002568,-0.113449217655128,-0.080134865079473
"375",-0.16862243754902,1.01842453801731,-0.103484100263112,-0.162725476273723
"376",-0.16862243754902,1.04330668157044,-0.179140000616149,-0.237481982450829
"377",-0.16862243754902,1.02263707518638,-0.098184430620514,-0.19012207954228
"378",-0.16862243754902,1.04035557002663,-0.225672779131912,-0.177232922574545
"379",-0.16862243754902,1.00668128045467,-0.0548520218479253,-0.101972820481979
"380",-0.16862243754902,1.00834209263164,-0.0326307679491429,-0.125255773343176
"381",-0.16862243754902,1.01149559328364,-0.000961645314952064,-0.152060548698579
"382",-0.16862243754902,1.01649121189965,-0.150867606411113,-0.102437049962448
"383",-0.16862243754902,1.02285112266003,-0.214997417605884,-0.000727701646186646
"384",-0.16862243754902,1.00319357557724,-0.0587658354445552,-0.0542579640601167
"385",-0.16862243754902,1.01355410849366,-0.161560372968096,0.0344989381109956
"386",-0.16862243754902,1.01783171316178,-0.104716683849227,-0.158163878434599
"387",-0.16862243754902,1.0082424973969,-0.125546050962505,-0.0281269025110501
"388",-0.16862243754902,1.02409306533351,-0.20773255186799,-0.0749252518087548
"389",-0.16862243754902,1.01620596390813,-0.112168737232247,-0.141748846450949
"390",-0.16862243754902,1.0153973606771,-0.149593382330615,-0.0930248355704068
"391",-0.16862243754902,1.04527864816331,-0.217563561272943,-0.21277581890889
"392",-0.16862243754902,1.01358512133082,-0.155235858082452,-0.0570668603360109
"393",-0.16862243754902,1.0139550117309,-0.129129223509067,-0.106913092978184
"394",-0.16862243754902,1.01187220091877,-0.150886605789595,-0.0334452266474407
"395",-0.16862243754902,1.01647650846367,-0.134418262010833,-0.123110613256826
"396",-0.16862243754902,1.0058388389176,-0.0691048577485834,-0.0832843833540076
"397",-0.16862243754902,1.03600124843919,-0.0620042947499138,-0.263541370946055
"398",-0.16862243754902,1.03455118365694,-0.227457423246671,-0.13623241984185
"399",-0.16862243754902,1.01724419912637,-0.106685186142406,-0.152983762909666
"400",-0.16862243754902,1.03095416507508,-0.16565718776396,-0.188213141485391
"401",-0.16862243754902,1.01689368787325,-0.151507615858184,-0.10544294558401
"402",-0.16862243754902,1.00908395292176,-0.0907575253490724,-0.100067455432445
"403",-0.16862243754902,1.02390962899793,-0.211846334816111,-0.0592626254874711
"404",-0.16862243754902,1.01867517703624,-0.10866552601015,-0.160906556009206
"405",-0.16862243754902,1.02560404488569,-0.180759589144431,-0.138526632162274
"406",-0.16862243754902,1.02269446633315,-0.155387406817508,-0.147508390510404
"407",-0.16862243754902,1.00717329035031,-0.11623443382619,-0.0297925022140995
"408",-0.16862243754902,1.01106577952335,-0.0882001772844666,-0.120311010510899
"409",-0.16862243754902,1.02846736474044,-0.193543785415587,-0.14242866096104
"410",-0.16862243754902,1.01242491364875,0.0558504158666288,-0.147935583360506
"411",-0.16862243754902,1.01069048793189,-0.117491599957431,-0.0876982687141005
"412",-0.16862243754902,1.01821230779605,-0.0298091065478336,-0.189387752809331
"413",-0.16862243754902,1.02120488486274,-0.153253321506432,-0.139186336666926
"414",-0.16862243754902,1.00479304047275,-0.064346986933839,-0.073949438503729
"415",-0.16862243754902,1.02369138969121,-0.115753378806355,-0.185863435411129
"416",-0.16862243754902,1.01810734700068,-0.0823129217311774,-0.172531599809538
"417",-0.16862243754902,1.03510331652256,-0.20487669808064,-0.171652015600109
"418",-0.16862243754902,1.019396658438,-0.148257232741795,-0.131108123982898
"419",-0.16862243754902,1.00294536971604,-0.0310350202301446,-0.0702583956133744
"420",-0.16862243754902,1.00814759519693,-0.0993589470588996,-0.0805566467815736
"421",-0.16862243754902,1.01001137552363,-0.14155132053734,0.009284521596661
"422",-0.16862243754902,1.02709091175924,-0.104380927006665,-0.209810302644228
"423",-0.16862243754902,1.00487321903921,-0.0914547153703178,0.0374996183816057
"424",-0.16862243754902,1.02014278903863,-0.0731005504682765,-0.188009626213018
"425",-0.16862243754902,1.02407656278301,-0.215731891327453,-0.0468247531305676
"426",-0.16862243754902,1.02527899312335,-0.129876647886456,-0.185281056975096
"427",-0.16862243754902,1.0034747286541,-0.0763902559978542,-0.0335568150456295
"428",-0.16862243754902,1.02744671205847,-0.124608128323596,-0.200298678166992
"429",-0.16862243754902,1.0060068476287,-0.0597587089111245,-0.0920797164695118
"430",-0.16862243754902,1.02526011123968,-0.221031534458336,-0.0479932961379981
"431",-0.16862243754902,1.02234800200223,-0.0955373701515542,-0.189915897445352
"432",-0.16862243754902,1.03895591572827,-0.222728502997321,-0.172688762747744
"433",-0.16862243754902,1.00814650808766,-0.105047112267178,-0.072969075461214
"434",-0.16862243754902,1.00429773194339,0.0168614648183042,-0.0912667814203277
"435",-0.16862243754902,1.05270907577082,-0.0248641948221828,-0.327991112724269
"436",-0.16862243754902,1.01676193543988,-0.0654751674313811,-0.171807554575685
"437",-0.16862243754902,1.00699110863561,-0.0748840867278815,-0.0917794444639323
"438",-0.16862243754902,1.01483162484105,-0.0973775624157114,-0.14283149903117
"439",-0.16862243754902,1.03420320919495,-0.185540929315662,-0.187485576666065
"440",-0.16862243754902,1.02668316422806,-0.0975625843100878,-0.211092069609628
"441",-0.16862243754902,1.00770106333997,-0.122876978606309,0.0190441903235961
"442",-0.16862243754902,1.01735945255666,-0.159534805977136,-0.0978207615398093
"443",-0.16862243754902,1.01368234189826,-0.165358534351676,0.0144376380829651
"444",-0.16862243754902,1.01082920006243,-0.0922790853328994,-0.115153124616642
"445",-0.16862243754902,1.00810474418409,-0.0644594749756227,-0.110091558860478
"446",-0.16862243754902,1.01098486527654,-0.148563480038984,0.00439206294813547
"447",-0.16862243754902,1.01435895392998,-0.141282581969098,-0.0946748089518407
"448",-0.16862243754902,1.00000084663689,0.0012753496671765,0.000258375159455436
"449",-0.16862243754902,1.00852745971147,-0.0957591618006735,-0.0892066136746553
"450",-0.16862243754902,1.00643415197022,0.0357913042043936,-0.10783637973968
"451",-0.16862243754902,1.02087524475832,-0.202213084657142,-0.0360018576439213
"452",-0.16862243754902,1.01454042848475,-0.0190793741803544,-0.170083092960215
"453",-0.16862243754902,1.02107523073162,-0.156707747831363,-0.134303047557595
"454",-0.16862243754902,1.00554079631135,-0.0863054278029341,-0.0605282262933919
"455",-0.16862243754902,1.01405613736522,-0.110904678895097,-0.12653063631881
"456",-0.16862243754902,1.03085056747625,-0.250259774945698,-0.00478931208345799
"457",-0.16862243754902,1.00523344782158,-0.0724816823120684,-0.0723926125269832
"458",-0.16862243754902,1.01878129082438,-0.148951212068051,-0.125414731819092
"459",-0.16862243754902,1.01632960836806,-0.0924016838925392,-0.156165942700055
"460",-0.16862243754902,1.01249087201652,-0.0739404493698138,-0.14025183016189
"461",-0.16862243754902,1.0151073810645,-0.0919933474082903,-0.148257273427807
"462",-0.16862243754902,1.00369741433616,-0.067449196943236,-0.0534706029216968
"463",-0.16862243754902,1.0328762569016,-0.120653879874996,-0.228639461471941
"464",-0.16862243754902,1.00078690033834,0.0347688531556864,0.0191192766355442
"465",-0.16862243754902,1.01291471385032,-0.122893686809508,-0.104371256947707
"466",-0.16862243754902,1.02613789830617,-0.229090560239326,-0.0218289154435564
"467",-0.16862243754902,1.03519710122344,-0.129565503216292,-0.234191841783001
"468",-0.16862243754902,1.00514554412741,-0.0152577781228891,-0.100422931076175
"469",-0.16862243754902,1.01146954214055,-0.145697067018245,0.0429301681837711
"470",-0.16862243754902,1.01202166304712,-0.146361174805819,-0.0525951802556435
"471",-0.16862243754902,1.0039937360136,-0.0654730354891466,-0.0609647732578207
"472",-0.16862243754902,1.01193343837116,-0.110504223488058,-0.108619060412861
"473",-0.16862243754902,1.00585811265319,0.00683970372281419,-0.108183923219812
"474",-0.16862243754902,1.01043007427605,-0.114909994251438,-0.0881171278619092
"475",-0.16862243754902,1.02590748331259,-0.228863491686871,-0.0103762464149308
"476",-0.16862243754902,1.02598884667637,-0.202743460086044,-0.107462565094336
"477",-0.16862243754902,1.02429721328805,-0.117050973425307,-0.188371576332106
"478",-0.16862243754902,1.00418772693146,-0.0907902924682041,-0.0122520901608697
"479",-0.16862243754902,1.02618352687446,-0.119921704565174,-0.196650490980021
"480",-0.16862243754902,1.00318358317878,-0.0340151800535898,-0.0722514296422356
"481",-0.16862243754902,1.01985603725662,-0.126380533049496,-0.155352172803901
"482",-0.16862243754902,1.03811972311561,-0.267140900256051,-0.0795506061071824
"483",-0.16862243754902,1.01724470371543,-0.123959390679378,-0.13935873384717
"484",-0.16862243754902,1.04251721863916,-0.197161394352005,-0.219019487115424
"485",-0.16862243754902,1.0151604563844,-0.102687351258072,-0.141442780297153
"486",-0.16862243754902,1.00655050365946,-0.0634608822770242,-0.0954810600995503
"487",-0.16862243754902,1.0094353436826,-0.0340442194642923,-0.13341927970381
"488",-0.16862243754902,1.01741611005513,-0.06647356521204,-0.175262106936219
"489",-0.16862243754902,1.01364328913862,-0.156435014415074,-0.054779593652277
"490",-0.16862243754902,1.00420661647913,0.0758505195465207,-0.0517457946598579
"491",-0.16862243754902,1.01768117840677,-0.109215297085386,-0.154100615722141
"492",-0.16862243754902,1.03477813612294,-0.198186498368263,-0.177448310396572
"493",-0.16862243754902,1.00939577109377,-0.098856020261083,-0.0954322270521386
"494",-0.16862243754902,1.03623540582667,-0.198621467899781,-0.185292549170479
"495",-0.16862243754902,1.01778163115587,-0.14103747982328,-0.126443180928858
"496",-0.16862243754902,1.01906506754944,-0.191140416362854,-0.0442600624962217
"497",-0.16862243754902,1.01665803017242,-0.0162553396760786,-0.18256317877954
"498",-0.16862243754902,1.0093967370418,-0.0389893977124268,-0.131763422908818
"499",-0.16862243754902,1.01787746314419,-0.184220593693346,-0.0462309726928313
"500",-0.16862243754902,1.03062258314735,-0.215738879734421,-0.125058564937566
"501",-0.16862243754902,1.02192062809605,-0.196865194397277,-0.0746047274852138
"502",-0.16862243754902,1.03158846547856,-0.244044419936849,-0.0679491221878893
"503",-0.16862243754902,1.00653558019495,-0.114040927015754,-0.0104183090648861
"504",-0.16862243754902,1.01164800156719,-0.151494948188684,-0.0219307945181429
"505",-0.16862243754902,1.03664890559508,-0.160308873988606,-0.221228430342901
"506",-0.16862243754902,1.0078229603158,-0.0213999233743999,-0.123487499850301
"507",-0.16862243754902,1.00004410304591,-0.00934807401289891,0.000906393489432762
"508",-0.16862243754902,1.01951880996292,-0.17222610026443,-0.0987763851125981
"509",-0.16862243754902,1.0009627520387,0.0104106401209623,-0.0426385921573168
"510",-0.16862243754902,1.00303036219909,-0.033683386498878,-0.0702519534760322
"511",-0.16862243754902,1.01320481551901,-0.0207387861342478,-0.161721677398515
"512",-0.16862243754902,1.01397511232992,-0.117771707059789,-0.119479510547579
"513",-0.16862243754902,1.02895944105875,-0.197392750836637,-0.140689847754097
"514",-0.16862243754902,1.00565846904479,-0.042448428956629,-0.097709197318469
"515",-0.16862243754902,1.02062887977695,-0.176277771993153,-0.103002220053131
"516",-0.16862243754902,1.01528075389803,-0.0740471956596314,-0.159097523710116
"517",-0.16862243754902,1.01434989890593,-0.122781889631472,-0.117602402139575
"518",-0.16862243754902,1.02282484698897,-0.189041769082008,-0.10214635167425
"519",-0.16862243754902,1.02160349379801,-0.0915179189334001,-0.187878069647289
"520",-0.16862243754902,1.00731794512851,-0.0409800230881323,-0.114061738920746
"521",-0.16862243754902,1.02661686360657,-0.184133754617904,-0.141551916453627
"522",-0.16862243754902,1.00239353981132,-0.0455807383636838,-0.0521076284787904
"523",-0.16862243754902,1.0068615968908,-0.110139556588989,0.0404913986900566
"524",-0.16862243754902,1.02186689262048,-0.184050657730067,-0.101672521474372
"525",-0.16862243754902,1.01241846002843,-0.135462245476126,-0.0814930564950948
"526",-0.16862243754902,1.00239425956006,-0.0189566892578019,-0.066595011309775
"527",-0.16862243754902,1.02399104448363,-0.148481284130234,-0.162821888718032
"528",-0.16862243754902,1.01024628517621,-0.122510408831807,-0.0747579857954314
"529",-0.16862243754902,1.01569801460694,-0.155090343087209,-0.0871174055948342
"530",-0.16862243754902,1.02258008413637,-0.13734029735164,-0.163730483403996
"531",-0.16862243754902,1.02943705962802,-0.111654691137393,-0.217425595739313
"532",-0.16862243754902,1.01736210496499,-0.0978106454946382,-0.159557921291069
"533",-0.16862243754902,1.05853369426068,-0.14688494899206,-0.314512946704533
"534",-0.16862243754902,1.03251601371318,-0.185766209053023,-0.177708283848076
"535",-0.16862243754902,1.01848007054839,-0.146230729612361,-0.126167459438986
"536",-0.16862243754902,1.01703746405722,-0.185362157327598,0.0024645337880844
"537",-0.16862243754902,1.03986088356023,-0.23646883470549,-0.159352274447818
"538",-0.16862243754902,1.0068516549326,-0.100582501134552,-0.0602778193537138
"539",-0.16862243754902,1.03862810424402,-0.197880055599028,-0.198976939673058
"540",-0.16862243754902,1.01144440223319,0.0408186022963847,-0.146128780585545
"541",-0.16862243754902,1.01078215521112,-0.106599027497323,-0.101573680793094
"542",-0.16862243754902,1.01774287891905,-0.0646558706115704,-0.177820656803103
"543",-0.16862243754902,1.01689839860484,-0.0792964349127126,-0.166716611335563
"544",-0.16862243754902,1.04950418941849,-0.14920775867307,-0.281417995797582
"545",-0.16862243754902,1.01247237501838,-0.129978494486201,-0.0905864291517119
"546",-0.16862243754902,1.01044099963034,-0.139881706249557,-0.0377375408669119
"547",-0.16862243754902,1.0071108599138,-0.0872153668737885,-0.0816441298403459
"548",-0.16862243754902,1.03218512232104,-0.100798668560112,-0.235044155761014
"549",-0.16862243754902,1.02516078406901,-0.142720048434365,-0.17488745228825
"550",-0.16862243754902,1.01763560415901,-0.160888649128573,-0.0984736788875854
"551",-0.16862243754902,1.01412454225646,-0.115054255835452,-0.123333310265441
"552",-0.16862243754902,1.00038485651058,0.014248004501073,-0.023808727463416
"553",-0.16862243754902,1.02040601371981,-0.126574760049587,-0.158767953170455
"554",-0.16862243754902,1.00855579209093,-0.0645646851927515,-0.114088505933458
"555",-0.16862243754902,1.02225685254209,-0.11327779735654,-0.179380080263449
"556",-0.16862243754902,1.01516661099652,-0.13652782673821,-0.109194324982135
"557",-0.16862243754902,1.02202223983401,-0.0797868659120276,-0.195354843152804
"558",-0.16862243754902,1.00825516624164,-0.0975136114782903,-0.0840807696766912
"559",-0.16862243754902,1.02593614352107,-0.208520300652265,-0.0952063800318464
"560",-0.16862243754902,1.00049269570447,0.00928399929157405,0.0299906904748346
"561",-0.16862243754902,1.01743515196527,-0.172434918756587,-0.0737596586760443
"562",-0.16862243754902,1.02206923410404,-0.19481402025648,-0.0816885353860743
"563",-0.16862243754902,1.01372883443024,-0.116767420976485,-0.1183702629624
"564",-0.16862243754902,1.01289746103285,-0.100348589173209,-0.126061204253056
"565",-0.16862243754902,1.03759068671788,-0.128656531725027,-0.24503454860114
"566",-0.16862243754902,1.0090004351422,-0.134358892819179,-0.00543746609738437
"567",-0.16862243754902,1.01449872796009,-0.168811006723553,0.0266554505047592
"568",-0.16862243754902,1.00933434362633,-0.132711807024464,-0.0338141020861214
"569",-0.16862243754902,1.00588667205479,-0.0608646663927221,-0.0900193834813802
"570",-0.16862243754902,1.01815900735017,0.00652493884430368,-0.191324826986349
"571",-0.16862243754902,1.00554221121218,-0.0606723443059353,-0.086220677136656
"572",-0.16862243754902,1.00809728216012,-0.00993655855741157,-0.12712747579758
"573",-0.16862243754902,1.01417065245643,0.0490156609785513,-0.161677386429716
"574",-0.16862243754902,1.01015562708889,-0.10892466079521,-0.092465178364609
"575",-0.16862243754902,1.01137143826205,-0.143382303242251,-0.0481009485269417
"576",-0.16862243754902,1.00065706734233,-0.0187171177210948,-0.0310521484983796
"577",-0.16862243754902,1.01821431692224,-0.092000726455334,-0.168214926558612
"578",-0.16862243754902,1.01365398260675,-0.141976825379084,-0.0856561586216241
"579",-0.16862243754902,1.02047953641696,-0.203082690263981,0.0116578368884006
"580",-0.16862243754902,1.01825742312258,-0.139793567956484,-0.131552035720629
"581",-0.16862243754902,1.02560085756367,-0.196142002448043,-0.115695435999026
"582",-0.16862243754902,1.02148542607729,-0.101928281626734,-0.1817776143889
"583",-0.16862243754902,1.00690124755037,-0.109545839754519,-0.0430096653203053
"584",-0.16862243754902,1.01659079898131,-0.0525289174620336,-0.175207207054154
"585",-0.16862243754902,1.02575231727801,-0.188085972604852,-0.129581955960291
"586",-0.16862243754902,1.03901198157379,-0.114849710004881,-0.257595500670498
"587",-0.16862243754902,1.00312101115853,-0.0782013729360192,0.0116751145023454
"588",-0.16862243754902,1.00799939194736,-0.061131267070779,-0.111021359893388
"589",-0.16862243754902,1.01475024289833,-0.15167338207188,-0.0819343678385066
"590",-0.16862243754902,1.00080275382981,0.0255601183393188,-0.030867983799071
"591",-0.16862243754902,1.00255257186638,-0.047939297240957,-0.053042276873646
"592",-0.16862243754902,1.00449289935065,-0.0945948700168262,0.00760232940399275
"593",-0.16862243754902,1.0245954527931,-0.22026750866288,-0.0357500561082173
"594",-0.16862243754902,1.02345100048243,-0.174394940810897,-0.130531049976783
"595",-0.16862243754902,1.01465543054758,-0.125620169189698,-0.117239992461834
"596",-0.16862243754902,1.02272961133377,-0.195035187124018,-0.0890905925584512
"597",-0.16862243754902,1.00801396022897,-0.098881171872026,-0.0794648215608726
"598",-0.16862243754902,1.03675467562255,-0.0161739171034361,-0.273127555971101
"599",-0.16862243754902,1.01696508454288,-0.11412880434748,-0.145576781107142
"600",-0.16862243754902,1.01016596142971,-0.0298960828405183,-0.139790893344354
"601",-0.16862243754902,1.00797654144613,-0.0637174379662859,-0.10934713624379
"602",-0.16862243754902,1.03105858995687,-0.215842045254145,-0.128429075463278
"603",-0.16862243754902,1.00059421070304,-0.0057852574257808,-0.0339897821257675
"604",-0.16862243754902,1.00816179522967,-0.0321019683427815,-0.123934131655624
"605",-0.16862243754902,1.01547849144044,-0.119829478643379,-0.129759248711624
"606",-0.16862243754902,1.00668705081309,-0.112410311436549,-0.0279774937673959
"607",-0.16862243754902,1.03799550209411,-0.213161278011969,-0.178876862461054
"608",-0.16862243754902,1.00458924108039,-0.0939046657557379,-0.0195309253178936
"609",-0.16862243754902,1.02345361899637,-0.0444364152953989,-0.213266770108385
"610",-0.16862243754902,1.03573414143384,-0.199469546910353,-0.181540936394707
"611",-0.16862243754902,1.00904333348067,-0.10141904531231,-0.0887841544969066
"612",-0.16862243754902,1.02430262356275,-0.0864136845503693,-0.20427564651707
"613",-0.16862243754902,1.01925097951142,-0.0867616686874486,-0.177045113125343
"614",-0.16862243754902,1.02005804520532,-0.149176558320172,-0.13514721616022
"615",-0.16862243754902,1.00097903400096,-0.0442296044235818,-0.00166391166533579
"616",-0.16862243754902,1.00574668096454,-0.0727265269810594,-0.078976189731233
"617",-0.16862243754902,1.02300253303771,-0.201079817947781,-0.0781094707167438
"618",-0.16862243754902,1.03234387681406,-0.165491455241629,-0.195822517187088
"619",-0.16862243754902,1.01377154666601,-0.0499761151562766,-0.158855710452843
"620",-0.16862243754902,1.03324568700815,-0.245826416563704,-0.0846523634661258
"621",-0.16862243754902,1.04588824537436,-0.146824385065308,-0.268932745798014
"622",-0.16862243754902,1.01095475982259,-0.130468381949285,-0.0707638871140413
"623",-0.16862243754902,1.01664283002136,-0.125816205840866,-0.133165033629895
"624",-0.16862243754902,1.00908646795992,-0.0880212571763013,-0.102507356345474
"625",-0.16862243754902,1.00895882875342,-0.007605204963578,-0.133940580023165
"626",-0.16862243754902,1.03731389877413,-0.191453862286586,-0.198407518016654
"627",-0.16862243754902,1.03087427597513,-0.216492233972187,-0.125828794387402
"628",-0.16862243754902,1.02352186860158,-0.0162821263369472,-0.217558975608032
"629",-0.16862243754902,1.0210350705062,-0.137622123555656,-0.153534251265419
"630",-0.16862243754902,1.01936000510179,-0.196938874203025,-0.0176039719601788
"631",-0.16862243754902,1.02378655463415,-0.179879933478712,-0.125626903891474
"632",-0.16862243754902,1.00894781613623,-0.0478256191298486,-0.125253366585155
"633",-0.16862243754902,1.02532418274321,-0.189081982800556,-0.124650244677841
"634",-0.16862243754902,1.04796840809056,-0.282238929479376,-0.136304699266765
"635",-0.16862243754902,1.03136819571898,-0.226690562687619,-0.111048385530753
"636",-0.16862243754902,1.01380735636896,-0.139081911063133,-0.0919868351604784
"637",-0.16862243754902,1.00364835922584,-0.0595965951076537,-0.0613047700289452
"638",-0.16862243754902,1.01762701457396,0.0571006828516304,-0.179733838796651
"639",-0.16862243754902,1.01819797110791,-0.164201433198832,-0.0988180029331942
"640",-0.16862243754902,1.0250639153814,-0.203518449703786,-0.096624382260414
"641",-0.16862243754902,1.03642128853207,-0.199770133776501,-0.185097220328648
"642",-0.16862243754902,1.00657939770398,-0.0542048512195562,-0.101310996374356
"643",-0.16862243754902,1.0189917562506,-0.142230500568563,-0.134590802117752
"644",-0.16862243754902,1.00255029075366,-0.06981749393784,-0.0152513288104083
"645",-0.16862243754902,1.02528303115341,-0.179937759634402,-0.137214054050152
"646",-0.16862243754902,1.0157012110294,-0.153074890065287,-0.0906478246738239
"647",-0.16862243754902,1.0025072605726,-0.0546138536213771,-0.0451457029340675
"648",-0.16862243754902,1.01157970318097,-0.0775884139447145,-0.131428816890514
"649",-0.16862243754902,1.02518548291243,-0.200819754089692,-0.103328121737246
"650",-0.16862243754902,1.01077578908328,-0.137293915886589,-0.0530855578990946
"651",-0.16862243754902,1.01211531665702,-0.0578950818287626,-0.145001978303001
"652",-0.16862243754902,1.02408411349673,-0.108951776518009,-0.192035887036653
"653",-0.16862243754902,1.01054969898952,-0.137705503911741,-0.047411900618115
"654",-0.16862243754902,1.02103117036848,-0.202070116029109,-0.0408939979949116
"655",-0.16862243754902,1.00161829217385,-0.0386872874451576,-0.0417432270841345
"656",-0.16862243754902,1.00793484888641,-0.106078337000354,-0.0684108618488581
"657",-0.16862243754902,1.00304821583029,-0.068365932784305,-0.0378394306890041
"658",-0.16862243754902,1.00928369288887,-0.0724024408155393,-0.115807855067512
"659",-0.16862243754902,1.00342611879806,-0.0195783667076263,-0.0805025679291858
"660",-0.16862243754902,1.03844232361461,-0.163013291239689,-0.22757224425072
"661",-0.16862243754902,1.02079377655861,-0.181025907882249,-0.0961746065040035
"662",-0.16862243754902,1.03555831435878,-0.187672220609239,-0.19276970729137
"663",-0.16862243754902,1.01742619600161,-0.128937297793642,-0.136129488164712
"664",-0.16862243754902,1.02812806986385,-0.172056200558779,-0.165662282645285
"665",-0.16862243754902,1.01131792931535,0.123591172464104,-0.0865400268294565
"666",-0.16862243754902,1.02546398745303,-0.222084103635182,-0.0474872664576269
"667",-0.16862243754902,1.01375922054157,-0.165447345880595,-0.0183011741184036
"668",-0.16862243754902,1.01419060614302,-0.144750198270942,-0.0873496748091809
"669",-0.16862243754902,1.01150461189702,-0.110822961958599,-0.104210608824895
"670",-0.16862243754902,1.01240653469725,-0.157174287173168,-0.0162245169203793
"671",-0.16862243754902,1.00740893206037,-0.121820070661325,-0.00571198556361712
"672",-0.16862243754902,1.00539950104438,-0.0115372941524236,-0.103416862957269
"673",-0.16862243754902,1.02747879384042,-0.140756085452733,-0.189473998743312
"674",-0.16862243754902,1.0317445557426,-0.194918540932585,-0.162799234350829
"675",-0.16862243754902,1.02474454859096,-0.170486295127656,-0.145037281553852
"676",-0.16862243754902,1.03818630530974,-0.237164912457313,-0.146913610097272
"677",-0.16862243754902,1.0433078359764,-0.200195482438229,-0.220029564879552
"678",-0.16862243754902,1.0225670808594,-0.0627518161886616,-0.204219598526517
"679",-0.16862243754902,1.0136355018965,-0.0363466437848934,-0.161665865879438
"680",-0.16862243754902,1.00025092321579,0.021861549822965,-0.0048971454317811
"681",-0.16862243754902,1.0119403255852,-0.0429952522240404,-0.148911486567233
"682",-0.16862243754902,1.05261954792,-0.292694367010294,-0.149458757467594
"683",-0.16862243754902,1.01323582400397,-0.159140087372874,0.0363492453285361
"684",-0.16862243754902,1.02464547668204,-0.0497280116932868,-0.217773914273482
"685",-0.16862243754902,1.03183260478466,-0.210661355998471,-0.142479182288432
"686",-0.16862243754902,1.00277808831803,-0.0635368842857271,-0.0390763195047074
"687",-0.16862243754902,1.00693138719956,-0.0473675774678027,-0.108014495010913
"688",-0.16862243754902,1.03274907062864,-0.156298905028721,-0.205283450797038
"689",-0.16862243754902,1.00579377047956,-0.106089754604585,-0.019133026509674
"690",-0.16862243754902,1.01122032858204,-0.088137502315873,-0.12164840164628
"691",-0.16862243754902,1.00682673600587,-0.116489994613613,-0.0114086586045508
"692",-0.16862243754902,1.03498175450789,-0.219108188096495,-0.152245965704502
"693",-0.16862243754902,1.01808934129429,-0.0938269425451154,-0.166440414892759
"694",-0.16862243754902,1.01898771577661,-0.158344025943039,-0.115165682179139
"695",-0.16862243754902,1.02595073276079,-0.183855017185934,-0.137011819592201
"696",-0.16862243754902,1.02064784547926,-0.204031529167705,0.00965192141167688
"697",-0.16862243754902,1.01317868265745,-0.158906576539923,-0.0357734947111864
"698",-0.16862243754902,1.00876765986256,-0.103480756482848,-0.0830898587212901
"699",-0.16862243754902,1.01696368436203,-0.110145027187203,-0.148604200132871
"700",-0.16862243754902,1.0127183382657,-0.123107379406526,-0.102191026001819
"701",-0.16862243754902,1.01935167907144,-0.115952438559779,-0.160102709589214
"702",-0.16862243754902,1.0062222378635,-0.0722499323602468,-0.0852240532066955
"703",-0.16862243754902,1.01598198346571,-0.107097128113278,-0.14404720016995
"704",-0.16862243754902,1.02314025592752,-0.211129288291416,-0.0473329369994646
"705",-0.16862243754902,1.02371494942345,-0.179474370711543,-0.125623437028135
"706",-0.16862243754902,1.01374821492024,-0.047698744778195,-0.159406000516139
"707",-0.16862243754902,1.0228941035018,-0.0572921070700327,-0.207436644415155
"708",-0.16862243754902,1.03938239723658,-0.188639867796436,-0.211496496337413
"709",-0.16862243754902,1.01643882753469,-0.125674419350226,-0.131733938076221
"710",-0.16862243754902,1.0162411990008,-0.0946565980740468,-0.154228087544481
"711",-0.16862243754902,1.03040856905409,-0.14565306778524,-0.20131319635047
"712",-0.16862243754902,1.00995470652738,-0.0980500832628329,-0.101954354536529
"713",-0.16862243754902,1.01167291269268,-0.106243961209653,-0.110427817974306
"714",-0.16862243754902,1.02664347439802,-0.192815350177348,-0.129688335096233
"715",-0.16862243754902,1.00794061597793,-0.112899206809268,-0.0565513433952863
"716",-0.16862243754902,1.00280252228922,-0.0264211332932921,-0.0701057945188337
"717",-0.16862243754902,1.01186228834923,-0.0918469941629793,-0.124215217451653
"718",-0.16862243754902,1.01149507687496,-0.0726481285753484,-0.133583456897817
"719",-0.16862243754902,1.02188027777889,-0.111539067062532,-0.178320886696652
"720",-0.16862243754902,1.01946557092748,-0.0846409960470141,-0.179292922600582
"721",-0.16862243754902,1.01252202914386,-0.0825382824787591,-0.135603434422064
"722",-0.16862243754902,1.03445481134258,-0.176029356044706,-0.197763552052182
"723",-0.16862243754902,1.01526817656543,-0.100317267876472,-0.143895504142063
"724",-0.16862243754902,1.01887754599322,-0.139832089626086,-0.136229367024803
"725",-0.16862243754902,1.02424291172803,-0.182538644448071,-0.125511694706813
"726",-0.16862243754902,1.02387980967108,-0.16551441208435,-0.144688783409277
"727",-0.16862243754902,1.0152645702513,-0.143208542358873,-0.101259374889439
"728",-0.16862243754902,1.00461247154514,-0.0950279669730292,-0.01469365431101
"729",-0.16862243754902,1.00987272622267,-0.124080394069259,-0.0666856729442006
"730",-0.16862243754902,1.03892590634607,-0.270394216045627,-0.0790822787107268
"731",-0.16862243754902,1.00999400781467,-0.10974704632138,-0.0896854594975255
"732",-0.16862243754902,1.03932010599512,-0.200409990768564,-0.200055288172657
"733",-0.16862243754902,1.02045247553933,-0.10874970972946,-0.171746194915936
"734",-0.16862243754902,1.00857035601055,-0.114365904482236,-0.0643008780283041
"735",-0.16862243754902,1.02419898492705,-0.159446722205884,-0.153493659489223
"736",-0.16862243754902,1.0267543589022,-0.152935944962976,-0.175599288902201
"737",-0.16862243754902,1.02757058880428,-0.1452795041981,-0.186534663361871
"738",-0.16862243754902,1.03431729780905,-0.202772832402254,-0.169397316940312
"739",-0.16862243754902,1.01052604831542,-0.0166695324625727,-0.144516507747214
"740",-0.16862243754902,1.00651340597613,0.000187472760979263,-0.114320607344603
"741",-0.16862243754902,1.01228203970593,-0.0666808176432471,-0.142367821046841
"742",-0.16862243754902,1.02556677402033,-0.196676548019639,-0.114479445463093
"743",-0.16862243754902,1.02148774885533,-0.149866287879522,-0.144835481905273
"744",-0.16862243754902,1.00787399789404,-0.115987144076154,-0.0485487182113278
"745",-0.16862243754902,1.00104755944965,-0.0369730645474594,-0.0270038659837792
"746",-0.16862243754902,1.01917724801703,-0.0629990903628094,-0.186422577734097
"747",-0.16862243754902,1.03203683477191,0.0262235556764813,-0.253795889355418
"748",-0.16862243754902,1.0325385300397,-0.116188272543538,-0.229425589984831
"749",-0.16862243754902,1.00881472135584,-0.129688092733368,-0.0298016883321528
"750",-0.16862243754902,1.04450175723661,-0.136532933152028,-0.268965944006416
"751",-0.16862243754902,1.0172675930602,-0.11739894835676,-0.145089085789466
"752",-0.16862243754902,1.01978159877571,-0.163718466884663,-0.114676818941245
"753",-0.16862243754902,1.0000165715399,0.00225374901260619,-0.00529754375227486
"754",-0.16862243754902,1.01668456780682,-0.141140335462639,-0.117161922662746
"755",-0.16862243754902,1.01750532852497,-0.113496925639099,-0.149784984051089
"756",-0.16862243754902,1.0202371812794,-0.193206253134135,0.0596259156306584
"757",-0.16862243754902,1.03106500060516,-0.227703854170774,-0.106047113438758
"758",-0.16862243754902,1.00817578454079,-0.128048550175803,-0.00468842535482287
"759",-0.16862243754902,1.01121723995563,-0.0968859243782191,-0.114775537641329
"760",-0.16862243754902,1.05772603958826,-0.289137229025131,-0.18757408566944
"761",-0.16862243754902,1.03325459368485,-0.259084866790976,-0.0221379125201048
"762",-0.16862243754902,1.00501675040559,-0.0973687948846209,0.0240413472696203
"763",-0.16862243754902,1.00440683583035,-0.0938424938613361,-0.00516509521982746
"764",-0.16862243754902,1.00844824543203,-0.0542936211651819,-0.118406361381982
"765",-0.16862243754902,1.01998022341975,-0.200702242734354,0.00884680330955927
"766",-0.16862243754902,1.02537077064216,-0.201378439616753,-0.104076612861984
"767",-0.16862243754902,1.04396997243461,-0.226118640277125,-0.196834102391705
"768",-0.16862243754902,1.01402671519687,-0.101495868878839,-0.133973011213016
"769",-0.16862243754902,1.03523298982768,-0.174064442395731,-0.203491801114966
"770",-0.16862243754902,1.02412221704716,-0.167197911349391,-0.14446859136155
"771",-0.16862243754902,1.03034126355737,-0.186773010342222,-0.163459358853228
"772",-0.16862243754902,1.01221081504706,0.0302170535428503,-0.153810480050683
"773",-0.16862243754902,1.00623449907419,-0.0673167415631887,-0.0893102649889603
"774",-0.16862243754902,1.02596135140387,-0.138646497772728,-0.182685093069489
"775",-0.16862243754902,1.01081405700002,-0.132837625002121,-0.0640251763966887
"776",-0.16862243754902,1.02809316593246,-0.20596180150037,-0.120645323820508
"777",-0.16862243754902,1.02001759751489,-0.120842601489421,-0.16072636655295
"778",-0.16862243754902,1.00906624838633,-0.131457827127528,-0.0305537774974389
"779",-0.16862243754902,1.02321032961089,-0.154474314607272,-0.151977184962221
"780",-0.16862243754902,1.02210664210898,-0.105791703413724,-0.183057650296612
"781",-0.16862243754902,1.02546203851608,-0.177114924167322,-0.142136188476978
"782",-0.16862243754902,1.02274238885997,-0.177926354580488,-0.119767300698873
"783",-0.16862243754902,1.00814237211621,-0.0081003779255183,-0.127614365702145
"784",-0.16862243754902,1.01794633988686,-0.0753172708437059,-0.174762866770149
"785",-0.16862243754902,1.01790350092853,-0.140204862949542,-0.128336018357498
"786",-0.16862243754902,1.03393220128648,-0.24158171614691,-0.10321856073706
"787",-0.16862243754902,1.0217202866506,-0.150311741122378,-0.146009330640692
"788",-0.16862243754902,1.01238909432074,0.0542940690304236,-0.148269458647717
"789",-0.16862243754902,1.00137466307817,-0.0496518611544493,0.0169088302024578
"790",-0.16862243754902,1.01011521668568,-0.127393361068482,-0.0640599916924803
"791",-0.16862243754902,1.01991349883071,-0.0694215061527912,-0.188160037150777
"792",-0.16862243754902,1.01145170577385,-0.0575925501232873,-0.140419554489875
"793",-0.16862243754902,1.02528178693142,-0.194070808784947,-0.116358342162637
"794",-0.16862243754902,1.02040327587726,-0.124047515307754,-0.160732882034196
"795",-0.16862243754902,1.01440475445709,-0.168329441790889,-0.0261190522706041
"796",-0.16862243754902,1.02565030228109,-0.188836583766643,-0.127668661779763
"797",-0.16862243754902,1.01429291080994,-0.141012791689746,-0.0943689647032508
"798",-0.16862243754902,1.01108752967751,-0.0971315337026483,-0.113417184896928
"799",-0.16862243754902,1.01364859284891,-0.145007917644235,-0.0803503180146782
"800",-0.16862243754902,1.02179214495979,-0.120930999421098,-0.171565966556739
"801",-0.16862243754902,1.00439967169414,-0.0601629102744493,-0.0721049563247906
"802",-0.16862243754902,1.04765288955067,-0.252262124324576,-0.184229198595457
"803",-0.16862243754902,1.01789741742612,-0.119306438092487,-0.147922703573332
"804",-0.16862243754902,1.05272182571497,-0.236972641465395,-0.228182404084046
"805",-0.16862243754902,1.03229006246852,-0.25072749237421,-0.0525214017234532
"806",-0.16862243754902,1.01887317637015,-0.0724629643162528,-0.18125029194212
"807",-0.16862243754902,1.00974902951273,-0.107139262316647,-0.0900793043497893
"808",-0.16862243754902,1.03870192591227,-0.236112223843285,-0.152160141448543
"809",-0.16862243754902,1.03600680100172,-0.230005110910519,-0.142855663789896
"810",-0.16862243754902,1.03076543760031,-0.134588050244437,-0.210626313842223
"811",-0.16862243754902,1.02927925309013,-0.22876239587827,-0.084163810951084
"812",-0.16862243754902,1.02753704437411,-0.209380488187795,-0.109508852278331
"813",-0.16862243754902,1.01459191801466,-0.140074504594138,-0.0988731169902296
"814",-0.16862243754902,1.01170527455256,-0.0848033650546382,-0.127890389916065
"815",-0.16862243754902,1.01364862069377,-0.146406776406968,-0.0777726305104175
"816",-0.16862243754902,1.01327537234095,-0.0590847837335821,-0.152433488852858
"817",-0.16862243754902,1.0257702016013,-0.126938443059209,-0.189976677955172
"818",-0.16862243754902,1.01174532494294,-0.12706778431294,-0.0865007556828082
"819",-0.16862243754902,1.02797675061537,-0.115869802686525,-0.208111481257329
"820",-0.16862243754902,1.02969665855229,-0.166060466791892,-0.180829007635943
"821",-0.16862243754902,1.02158341782132,-0.148331813165461,-0.147072610538268
"822",-0.16862243754902,1.0155879382792,-0.14467717904971,-0.102407881729914
"823",-0.16862243754902,1.0031364270665,-0.0777773722099108,0.0152765074497232
"824",-0.16862243754902,1.01425922294209,-0.063072726187694,-0.157300993430894
"825",-0.16862243754902,1.01429430670481,-0.108833880732756,-0.130184972321815
"826",-0.16862243754902,1.00381549444706,-0.0276212777407221,-0.0829615085926562
"827",-0.16862243754902,1.01227842641182,-0.0367383841026443,-0.152832927447975
"828",-0.16862243754902,1.04527262474259,-0.12386837763254,-0.277941513737966
"829",-0.16862243754902,1.02282567611767,-0.154145904080363,-0.149704388649119
"830",-0.16862243754902,1.00788803246602,-0.0947545246388064,-0.0828243083201277
"831",-0.16862243754902,1.00665881852877,-0.083154544373008,-0.0802950725253734
"832",-0.16862243754902,1.00139836962041,-0.0512389032566398,-0.0131631862200907
"833",-0.16862243754902,1.02670795238591,-0.201522423420499,-0.116266643329899
"834",-0.16862243754902,1.01709886909793,-0.178095333515093,0.0526513219249428
"835",-0.16862243754902,1.01663334948487,-0.128300605535698,-0.130699356937979
"836",-0.16862243754902,1.00309509526095,-0.0779334971346655,-0.0112312136892652
"837",-0.16862243754902,1.01011838955778,-0.00266085864766563,-0.142590605420041
"838",-0.16862243754902,1.00840408467479,-0.073394154212496,-0.107201194565305
"839",-0.16862243754902,1.01319285162855,-0.0847054425401165,-0.139229101107792
"840",-0.16862243754902,1.01951343368492,-0.151848804913211,-0.127865483655435
"841",-0.16862243754902,1.01739923213492,-0.0910595759238153,-0.163735613662078
"842",-0.16862243754902,1.00768564055584,-0.117527411006173,-0.0402201174118723
"843",-0.16862243754902,1.01974751631187,-0.174069714885998,-0.0979016413740393
"844",-0.16862243754902,1.00851982536884,-0.130697602973881,0.00551132823168501
"845",-0.16862243754902,1.02556035555375,-0.161627665266939,-0.160157861823523
"846",-0.16862243754902,1.0248741623082,-0.122192022226581,-0.188244942219227
"847",-0.16862243754902,1.01989405028696,-0.118168826143489,-0.161925916204324
"848",-0.16862243754902,1.00684424673439,-0.0445525947482524,-0.108399278057292
"849",-0.16862243754902,1.02208557033876,-0.211283073426128,-0.00428672116088568
"850",-0.16862243754902,1.00622048838753,-0.0971927065935678,-0.0550749401802163
"851",-0.16862243754902,1.01423121188942,-0.144813359652391,-0.0877156886586983
"852",-0.16862243754902,1.00424883035075,-0.00811393865045141,-0.0919232139365816
"853",-0.16862243754902,1.03992108681816,-0.211654332174633,-0.191411364554936
"854",-0.16862243754902,1.01105179520732,-0.0993293889552365,-0.111172861264475
"855",-0.16862243754902,1.01902949771385,-0.080358133262566,-0.178783913229059
"856",-0.16862243754902,1.0189396080294,-0.0969297136125718,-0.169830961341247
"857",-0.16862243754902,1.00825260972145,-0.0784098177110648,-0.102103993539146
"858",-0.16862243754902,1.0192503948767,-0.0172518061348633,-0.196401992457822
"859",-0.16862243754902,1.01135518630275,-0.148750700952313,0.0266934791225207
"860",-0.16862243754902,1.01413911527327,-0.139110547628352,-0.0955321970111905
"861",-0.16862243754902,1.0416707352555,-0.107852429976514,-0.271008808041159
"862",-0.16862243754902,1.0317582054835,-0.0108071516840032,-0.253787706666436
"863",-0.16862243754902,1.0262432817784,-0.141676409148276,-0.181942486753812
"864",-0.16862243754902,1.0011679460385,-0.0319802714462847,-0.0362562879120475
"865",-0.16862243754902,1.05141476453745,-0.121920209654417,-0.301012407659825
"866",-0.16862243754902,1.04408539361394,-0.255282611603763,-0.157940170225133
"867",-0.16862243754902,1.04543705325466,-0.176929193979088,-0.248263353388474
"868",-0.16862243754902,1.01907049712062,-0.0234706100249922,-0.194817372343234
"869",-0.16862243754902,1.00429781146809,-0.0551050668327619,-0.0746828342322155
"870",-0.16862243754902,1.05268642627605,-0.19447971523382,-0.265191162048075
"871",-0.16862243754902,1.00917849447414,-0.106041811681128,-0.0848314085965961
"872",-0.16862243754902,1.01812609855787,-0.167982363084333,-0.0914476804368494
"873",-0.16862243754902,1.00508056825571,-0.089897115946779,-0.0458852615734678
"874",-0.16862243754902,1.01919068036498,-0.100572896421979,-0.169218011594895
"875",-0.16862243754902,1.0116016566104,-0.0997582008676381,-0.115698803003997
"876",-0.16862243754902,1.0113437293946,-0.069685244828949,-0.134015318672542
"877",-0.16862243754902,1.02901386650481,-0.21341897131677,-0.115420449406853
"878",-0.16862243754902,1.00251531233668,-0.0453471953733613,-0.0545947189871926
"879",-0.16862243754902,1.03320396819498,-0.193756745451979,-0.173114885222799
"880",-0.16862243754902,1.00865170926509,-0.123498655163,-0.0461123928713234
"881",-0.16862243754902,1.00909588779741,0.00119219428860572,-0.135177991708778
"882",-0.16862243754902,1.00538281766815,-0.0568553018557629,-0.0869602478908899
"883",-0.16862243754902,1.01466188956531,0.0520115430048624,-0.163809491576348
"884",-0.16862243754902,1.00142988348787,-0.0337585361349241,-0.0414990696349435
"885",-0.16862243754902,1.01378260838281,-0.123336849796696,-0.111996422003905
"886",-0.16862243754902,1.01296073916309,0.0768842762107461,-0.142050227586548
"887",-0.16862243754902,1.02517834410401,-0.104465519035148,-0.200193887400575
"888",-0.16862243754902,1.02271194602272,-0.0153139740957523,-0.213787760956911
"889",-0.16862243754902,1.02633003587087,-0.127986100847655,-0.192283385971121
"890",-0.16862243754902,1.0279281157158,-0.185403244042242,-0.14920404879778
"891",-0.16862243754902,1.02569508459214,-0.222049624554488,-0.0523867425184755
"892",-0.16862243754902,1.01083346503739,-0.137220073960869,-0.0543594089525125
"893",-0.16862243754902,1.01547321674119,-0.0627094609243516,-0.165085969813569
"894",-0.16862243754902,1.04299512750052,-0.198114068715379,-0.220430605331632
"895",-0.16862243754902,1.01754342263928,-0.187661017201208,-0.0133401491544261
"896",-0.16862243754902,1.03500486684716,-0.17650550881206,-0.200202097282504
"897",-0.16862243754902,1.0393107048076,-0.255366340927726,-0.122289709496944
"898",-0.16862243754902,1.01309874088589,-0.0305596519429696,-0.159484063334576
"899",-0.16862243754902,1.00716405320865,-0.11991393375467,0.000280298322233214
"900",-0.16862243754902,1.0141313487543,-0.12439971086049,-0.113960977812799
"901",-0.16862243754902,1.00323023843664,-0.0614160325114813,-0.0519517301366375
"902",-0.16862243754902,1.02227324259308,-0.0339241772817093,-0.209503538675447
"903",-0.16862243754902,1.02507545498609,-0.121438850575035,-0.189821742658591
"904",-0.16862243754902,1.01907961645916,-0.122142786062,-0.153637249700619
"905",-0.16862243754902,1.04122662178256,-0.208763169806346,-0.201421986985341
"906",-0.16862243754902,1.0215151494849,-0.138852568961331,-0.155605799120741
"907",-0.16862243754902,1.01961302140277,-0.104507051712232,-0.169378244047165
"908",-0.16862243754902,1.01568828284049,-0.158346048483114,0.0809272316914283
"909",-0.16862243754902,1.00101404676914,-0.0153996392687244,-0.0423317013540235
"910",-0.16862243754902,1.01671421824164,-0.151149657778233,-0.104218916364729
"911",-0.16862243754902,1.01158300703457,-0.123205008146439,-0.0901149604046372
"912",-0.16862243754902,1.02712958405272,-0.151761974962203,-0.178783347635852
"913",-0.16862243754902,1.01453892299361,-0.168545814095587,-0.029690652062376
"914",-0.16862243754902,1.05020647138238,-0.246216574948329,-0.205696452944978
"915",-0.16862243754902,1.02768327881321,-0.178910995362666,-0.155318309579404
"916",-0.16862243754902,1.00834128859264,0.0252266286137517,-0.126947908566701
"917",-0.16862243754902,1.00996778531705,-0.0212733670155653,-0.139937025958295
"918",-0.16862243754902,1.02439015771518,-0.0176716788188542,-0.221501483045715
"919",-0.16862243754902,1.01361755409908,-0.115448605956358,-0.118710426503028
"920",-0.16862243754902,1.03608040549413,-0.205377291396143,-0.176869372214845
"921",-0.16862243754902,1.01776152167673,-0.115269580465827,-0.150171364863492
"922",-0.16862243754902,1.01828554656059,-0.182991542797048,-0.0584769150943837
"923",-0.16862243754902,1.05630362899755,-0.196328043571771,-0.277907639226913
"924",-0.16862243754902,1.00446539671309,-0.0235135617990477,0.0916397599598646
"925",-0.16862243754902,1.01439877157569,-0.142029229655566,-0.0939817306592843
"926",-0.16862243754902,1.029826099965,-0.236117721357729,-0.0692113995665879
"927",-0.16862243754902,1.0035565111273,-0.0838940096807885,-0.00935233477156651
"928",-0.16862243754902,1.02552863443012,-0.176393768015155,-0.143506859214215
"929",-0.16862243754902,1.01961688702029,-0.165224481066697,-0.110993095069822
"930",-0.16862243754902,1.01993995449621,-0.167836677724704,-0.11003799520199
"931",-0.16862243754902,1.02230855929771,-0.205980887682812,-0.0518330427696198
"932",-0.16862243754902,1.01593052217651,-0.106690521028052,-0.143985966721061
"933",-0.16862243754902,1.01262126979763,-0.0669988194628362,-0.144613257473705
"934",-0.16862243754902,1.04773836119156,-0.106165881465876,-0.294082435934135
"935",-0.16862243754902,1.01413146682206,-0.0433418755243704,-0.163046354834147
"936",-0.16862243754902,1.01489113587709,-0.128846852029274,-0.115769194538287
"937",-0.16862243754902,1.01470518382774,-0.136384996238449,-0.105003537502002
"938",-0.16862243754902,1.01081060648424,-0.0882234214662925,-0.118130055810598
"939",-0.16862243754902,1.00502469791208,-0.0420185089763047,-0.091154200762648
"940",-0.16862243754902,1.02423240029611,-0.164182598793697,-0.14864751619074
"941",-0.16862243754902,1.03440802858709,-0.193623018150647,-0.180305564106203
"942",-0.16862243754902,1.01971876668536,-0.156779570800662,-0.123476837139103
"943",-0.16862243754902,1.02579860614059,-0.131879270671267,-0.186736815671653
"944",-0.16862243754902,1.04141522623979,-0.0693281073398851,-0.282381456502976
"945",-0.16862243754902,1.00476632189712,-0.0975660805726473,0.00601843337992397
"946",-0.16862243754902,1.01883247057781,-0.144516629757035,-0.130898994753013
"947",-0.16862243754902,1.02768750019382,-0.183073511837178,-0.150418374270682
"948",-0.16862243754902,1.02744415502766,-0.169002706566408,-0.164558733811742
"949",-0.16862243754902,1.01202979736134,-0.0964820404429505,-0.122047231100111
"950",-0.16862243754902,1.01386199932754,-0.141151692221909,-0.0893999634414102
"951",-0.16862243754902,1.02624351775332,-0.0425719097113064,-0.226634927216076
"952",-0.16862243754902,1.02298503186678,-0.145071990618135,-0.159538374573553
"953",-0.16862243754902,1.00703000320848,-0.0737059364424482,-0.0931496768390264
"954",-0.16862243754902,1.03897464973268,-0.141199011322464,-0.243990085840994
"955",-0.16862243754902,1.01411391669119,-0.112205412089022,-0.125845069528713
"956",-0.16862243754902,1.01340060304029,-0.106923589780415,-0.12469213363676
"957",-0.16862243754902,1.02045893152087,-0.159125980964604,-0.1265517803224
"958",-0.16862243754902,1.03022994676433,-0.241531554619318,-0.0551021899129669
"959",-0.16862243754902,1.02236379589931,-0.199079463857196,-0.0748003892769644
"960",-0.16862243754902,1.00504238987739,-0.0274357355049288,-0.0967340987850738
"961",-0.16862243754902,1.01285720643393,-0.106039976007463,-0.120976213006886
"962",-0.16862243754902,1.00359143035474,-0.00218500535219776,-0.0847996747227926
"963",-0.16862243754902,1.02686421714871,-0.076538171615333,-0.220435996938365
"964",-0.16862243754902,1.00009447453695,-0.00373019304135637,0.0132304066152352
"965",-0.16862243754902,1.03379723848865,-0.221695116745684,-0.139957156008074
"966",-0.16862243754902,1.01992957612937,-0.110599196120871,-0.167404175816656
"967",-0.16862243754902,1.00696823920352,-0.0455863901529767,-0.109118815047911
"968",-0.16862243754902,1.00221437694654,-0.0653107350682839,-0.0129678542245585
"969",-0.16862243754902,1.01345717182131,-0.00838174297015137,-0.164393386426669
"970",-0.16862243754902,1.00414013159161,-0.0707546631136391,-0.0573688201072321
"971",-0.16862243754902,1.00101039022407,-0.0295660830630311,-0.0338769548345057
"972",-0.16862243754902,1.03134559673813,-0.108219143494554,-0.227952532103567
"973",-0.16862243754902,1.02860520557452,-0.18351730484714,-0.156045082449381
"974",-0.16862243754902,1.00905823948457,-0.0500413981685602,-0.125277249095881
"975",-0.16862243754902,1.00360366539307,-0.0542619493168343,-0.0653908101092361
"976",-0.16862243754902,1.00903814928174,-0.114241739848812,-0.0714619589868133
"977",-0.16862243754902,1.00108634699806,0.0305626491423382,0.035210774250608
"978",-0.16862243754902,1.01501411447984,0.0103215952223053,-0.173629252331946
"979",-0.16862243754902,1.01965275790717,-0.0763821745954531,-0.184004103518803
"980",-0.16862243754902,1.01633400568872,-0.166587824724093,-0.0719951927073791
"981",-0.16862243754902,1.02338215090842,-0.171869114773875,-0.133311793119704
"982",-0.16862243754902,1.01446657983789,-0.168969999076153,-0.0243224386150774
"983",-0.16862243754902,1.01299059167995,-0.0910894493083787,-0.13361381312125
"984",-0.16862243754902,1.01888522793318,-0.127899508028354,-0.147542616035331
"985",-0.16862243754902,1.01864388330197,-0.0661806396620322,-0.182360861816467
"986",-0.16862243754902,1.00832042275197,-0.115219896310286,-0.0586041844322273
"987",-0.16862243754902,1.02282036366031,-0.163899887175231,-0.138918405195862
"988",-0.16862243754902,1.00533920666279,-0.0675068949187388,-0.0784202753871044
"989",-0.16862243754902,1.02716073378646,-0.200553917700302,-0.121808452612295
"990",-0.16862243754902,1.04270520531885,-0.172071894802078,-0.240052927951831
"991",-0.16862243754902,1.03982227233287,-0.223265783343224,-0.177151765522173
"992",-0.16862243754902,1.01493939092569,-0.171629730510105,-0.0254008436403783
"993",-0.16862243754902,1.00015263947687,-0.00671381445747675,-0.0161315513195808
"994",-0.16862243754902,1.03210008521395,-0.123513985720542,-0.223550623416857
"995",-0.16862243754902,1.0045306763436,0.0115526325265026,-0.0945960696701465
"996",-0.16862243754902,1.00134923632317,-0.0517894961707985,-0.00425924540033263
"997",-0.16862243754902,1.02189317801166,-0.132092060285941,-0.163760052748491
"998",-0.16862243754902,1.01980519253695,-0.0793163079719594,-0.183607064175161
"999",-0.16862243754902,1.02988418346364,-0.153099678094879,-0.192929831586012
"1000",-0.16862243754902,1.01151514064471,-0.151721867086438,0.0119730865397752
