"","t","","",""
"1",-0.16862243754902,1.01607095296147,0.0987095190014078,-0.150521135760171
"2",-0.16862243754902,1.04000487535501,-0.201403001392669,-0.202600522684961
"3",-0.16862243754902,1.00367519265538,0.0801361174107344,-0.0306935667223598
"4",-0.16862243754902,1.00098556835466,0.00439358914492097,0.0441905468254962
"5",-0.16862243754902,1.02346351797504,-0.208388541394452,-0.0636536600780591
"6",-0.16862243754902,1.00602987261682,-0.0589893027897544,-0.092824386633018
"7",-0.16862243754902,1.01258405943713,-0.107459266137327,-0.117383915198817
"8",-0.16862243754902,1.06020531462288,-0.326887284306878,-0.131072546755897
"9",-0.16862243754902,1.03072308993275,-0.213704595751363,-0.129307516700548
"10",-0.16862243754902,1.0292772782805,-0.218867727895536,-0.107278298226435
"11",-0.16862243754902,1.03631482810075,-0.00107469747690579,-0.271932469497152
"12",-0.16862243754902,1.00078202792495,0.0243461137003716,0.0311758586931807
"13",-0.16862243754902,1.04572067333505,0.0297657775294211,-0.304377602869172
"14",-0.16862243754902,1.00547624623049,-0.081892364355526,-0.0653920667513623
"15",-0.16862243754902,1.03643688557599,-0.0271553865024471,-0.271042437205599
"16",-0.16862243754902,1.02160979192209,-0.0951599952124822,-0.186094444469058
"17",-0.16862243754902,1.08329102639035,0.0889656297972231,-0.40694540736152
"18",-0.16862243754902,1.0140810241562,-0.166500887869789,-0.0252542648329411
"19",-0.16862243754902,1.00246442567212,-0.0699632295345562,-0.00633018571866509
"20",-0.16862243754902,1.01942322522557,-0.164760977608803,0.109897827033501
"21",-0.16862243754902,1.03799076249864,-0.135388510691243,-0.243094167361796
"22",-0.16862243754902,1.01435663441867,-0.133263481241583,0.10564197251351
"23",-0.16862243754902,1.04690289136599,-0.180064112945912,-0.252155862869518
"24",-0.16862243754902,1.02404314913157,-0.105317527367732,-0.193836502528401
"25",-0.16862243754902,1.03125013589214,-0.196324060963399,0.15790410338048
"26",-0.16862243754902,1.08733549149859,-0.135260864495301,-0.404972801072453
"27",-0.16862243754902,1.01240314144981,-0.157985929726515,0.000752878401360378
"28",-0.16862243754902,1.01020291578696,0.0533351108623337,-0.132910861158039
"29",-0.16862243754902,1.03318649112225,-0.257085067930003,-0.0371697899501133
"30",-0.16862243754902,1.01789098278286,-0.0590408361651981,-0.180599646997346
"31",-0.16862243754902,1.00664143050303,-0.0943167675187489,0.0665681377987684
"32",-0.16862243754902,1.00424054487145,0.0483678904103446,0.0784832411470906
"33",-0.16862243754902,1.09157867985275,-0.426156601658915,-0.099672288885095
"34",-0.16862243754902,1.05460040552986,-0.32657253180357,0.074380083457506
"35",-0.16862243754902,1.04684409146114,-0.113052124287759,-0.288273774424817
"36",-0.16862243754902,1.05323717323571,-0.245862214034158,-0.221043694313531
"37",-0.16862243754902,1.04693065210872,-0.309751989240812,0.0108395334838343
"38",-0.16862243754902,1.01469174173943,-0.154512308687418,0.0756655616399318
"39",-0.16862243754902,1.00500895228452,-0.0543397090304191,-0.0842032671250203
"40",-0.16862243754902,1.05939466235341,-0.349684679022116,0.00613806810767401
"41",-0.16862243754902,1.07003280083268,-0.277859375914668,-0.260315889015897
"42",-0.16862243754902,1.01982700787156,-0.137426817041636,0.145468195637631
"43",-0.16862243754902,1.06760689100352,-0.369605217879656,0.0563600624052455
"44",-0.16862243754902,1.0190215199654,-0.183871265241694,-0.0677953978600953
"45",-0.16862243754902,1.00136867671256,0.0520068875169334,0.00587455120613601
"46",-0.16862243754902,1.01581775818591,0.0514999898211378,-0.170977977804952
"47",-0.16862243754902,1.05428053677839,-0.315796547173051,-0.108535667056099
"48",-0.16862243754902,1.02025362646014,-0.0374438875070544,-0.198784852525078
"49",-0.16862243754902,1.00142946314078,-0.0521136631298686,-0.0120472304544454
"50",-0.16862243754902,1.00590465206165,-0.00165979738674888,-0.108818261849273
"51",-0.16862243754902,1.06848307744872,-0.37542722734451,-0.0266549012883494
"52",-0.16862243754902,1.03620386205037,0.032428407356185,-0.269567880364933
"53",-0.16862243754902,1.00201491027164,0.0245179073271314,-0.0585896972767265
"54",-0.16862243754902,1.03725233402621,0.191545186105446,-0.197997086146877
"55",-0.16862243754902,1.00812265979588,-0.12232138389951,0.0367256890314046
"56",-0.16862243754902,1.0654596219939,-0.348571099639855,-0.117057227864207
"57",-0.16862243754902,1.06226703334323,-0.143731879762794,-0.328256602169232
"58",-0.16862243754902,1.03173417045941,-0.169809044412841,-0.188786352603066
"59",-0.16862243754902,1.00890594478287,-0.133756554218705,-0.000624196891131477
"60",-0.16862243754902,1.00767169899853,-0.0788848003974647,-0.0958094005243209
"61",-0.16862243754902,1.01059192134778,-0.139170582324126,-0.043904219717062
"62",-0.16862243754902,1.01681363609643,-0.176640818774794,-0.0520383675206797
"63",-0.16862243754902,1.02895073426813,-0.0736984966828926,-0.230885567192095
"64",-0.16862243754902,1.07393893784468,-0.236953465112262,-0.311765773602959
"65",-0.16862243754902,1.02185644129434,0.0180696525593059,-0.209437518776161
"66",-0.16862243754902,1.05353829675751,-0.252198846438585,-0.215264220412406
"67",-0.16862243754902,1.04752386166074,-0.28730119584045,-0.121508286208322
"68",-0.16862243754902,1.01566476032193,-0.0320837667757386,-0.174772816162226
"69",-0.16862243754902,1.01153125144891,-0.00759202841051434,-0.152111254555392
"70",-0.16862243754902,1.01645575169885,0.0115293133140566,-0.181794857177455
"71",-0.16862243754902,1.01039577494001,-0.143563753290545,-0.0170020809828741
"72",-0.16862243754902,1.04587472234613,-0.108745840967855,-0.286405790644644
"73",-0.16862243754902,1.01980348398642,-0.197933372465408,-0.0286622751244813
"74",-0.16862243754902,1.00995028678368,0.104196453164384,-0.0956173672635005
"75",-0.16862243754902,1.00486591178473,-0.0530417084156805,-0.0833191324685221
"76",-0.16862243754902,1.04197214850957,-0.292007338895157,0.0209206190402064
"77",-0.16862243754902,1.0628922683359,-0.231579753874784,-0.275881843700383
"78",-0.16862243754902,1.09922518157109,-0.377030320429378,-0.257185025374588
"79",-0.16862243754902,1.04589223898436,-0.298534223921059,-0.0690499291496653
"80",-0.16862243754902,1.00278067082049,-0.074503495989619,0.00427818378651479
"81",-0.16862243754902,1.07248104672458,-0.262351321396702,-0.285284734510729
"82",-0.16862243754902,1.06127514383927,-0.102971124912683,-0.340149788130587
"83",-0.16862243754902,1.00238684721682,0.0616054198020763,0.0313713838440573
"84",-0.16862243754902,1.03335814059695,0.108722052674591,-0.236661281159811
"85",-0.16862243754902,1.04198846505478,-0.281788930420917,-0.0795924619511706
"86",-0.16862243754902,1.00503601881397,-0.0999210154448141,0.0106390688457313
"87",-0.16862243754902,1.02523742588889,-0.166901800471888,-0.152497765368921
"88",-0.16862243754902,1.00859047295923,-0.0298220651085086,-0.127927270653203
"89",-0.16862243754902,1.03445267603809,-0.25800357928839,-0.0593842743220296
"90",-0.16862243754902,1.00682482701096,-0.115798486691483,0.016939385042128
"91",-0.16862243754902,1.07143701079784,-0.270882339177453,-0.273130054056973
"92",-0.16862243754902,1.03512828369657,-0.227531264058155,-0.140428229301315
"93",-0.16862243754902,1.02350820858667,-0.209472314098383,0.0607486845171353
"94",-0.16862243754902,1.03620824213672,-0.270175584863863,-0.0270679592055119
"95",-0.16862243754902,1.01886900674982,-0.193644618947446,-0.0244093110935301
"96",-0.16862243754902,1.06408601210982,-0.0485753931013367,-0.360443438493254
"97",-0.16862243754902,1.07574886143893,-0.376897500366588,0.123222916312594
"98",-0.16862243754902,1.04321764523125,-0.0873305359719916,-0.284035970976719
"99",-0.16862243754902,1.07072743571844,-0.232490353347139,-0.30398269227163
"100",-0.16862243754902,1.00561097565583,-0.0473440841062879,-0.0949314071295859
"101",-0.16862243754902,1.00316237943201,-0.0555980200242323,-0.0569527846296957
"102",-0.16862243754902,1.06664254861695,-0.296124352298676,-0.223688834088252
"103",-0.16862243754902,1.0243306913884,-0.220987220893692,-0.0204453789868258
"104",-0.16862243754902,1.03614467136791,-0.214080908115391,-0.166628763377174
"105",-0.16862243754902,1.04024657054369,-0.230242952221753,0.170590475936124
"106",-0.16862243754902,1.00811713949652,-0.115235876964498,-0.0549623471739587
"107",-0.16862243754902,1.00479519331805,-0.0656922767255296,0.0727867109689169
"108",-0.16862243754902,1.0234354910769,-0.0277668293387377,-0.215984276243176
"109",-0.16862243754902,1.06485456437982,-0.194645311467698,-0.309884568838417
"110",-0.16862243754902,1.00199911414803,-0.0441884725423526,-0.0452725485014199
"111",-0.16862243754902,1.02496237724599,-0.200586571493888,0.101552459872134
"112",-0.16862243754902,1.13004595086142,-0.329640475113351,-0.410293807198383
"113",-0.16862243754902,1.0022181485622,-0.0395727990971508,-0.0536209928951012
"114",-0.16862243754902,1.05140628558676,-0.204554140229594,-0.252215743137276
"115",-0.16862243754902,1.11876546622581,-0.287995932916849,-0.410724373567981
"116",-0.16862243754902,1.03087267883539,0.201749907042643,-0.148308647682908
"117",-0.16862243754902,1.01858337504575,-0.18044804895539,-0.0703604544313245
"118",-0.16862243754902,1.02323752221056,-0.215727391034885,0.0218339097939438
"119",-0.16862243754902,1.03617032273431,0.115070078031339,0.2457800131361
"120",-0.16862243754902,1.00627079282617,-0.0249910295669159,-0.109345127628936
"121",-0.16862243754902,1.01917650587918,-0.195348960565492,-0.023654465584316
"122",-0.16862243754902,1.05231391157398,0.0578206316785753,-0.322523399219999
"123",-0.16862243754902,1.02133040961398,-0.12271273738753,-0.167503402010566
"124",-0.16862243754902,1.05305700237611,-0.0687397998894193,-0.322806273428085
"125",-0.16862243754902,1.00240664301801,-0.0411383354981334,0.0559170396129494
"126",-0.16862243754902,1.03913663739488,-0.15206274079077,-0.238079554014079
"127",-0.16862243754902,1.01736775712788,-0.141240432074319,-0.12283441533577
"128",-0.16862243754902,1.01441326254179,0.0675074418693073,-0.156451310358633
"129",-0.16862243754902,1.04531351750766,0.0907306175023313,-0.290599905251004
"130",-0.16862243754902,1.01438088711097,-0.00737107894645129,-0.170041910513856
"131",-0.16862243754902,1.0645810958115,-0.299052984265918,-0.209523798554873
"132",-0.16862243754902,1.00669250218336,0.0922567913496791,-0.0701318643845321
"133",-0.16862243754902,1.00467224587395,-0.0829841106368339,0.04979918685292
"134",-0.16862243754902,1.00441391900989,0.0281914744311951,-0.0897360656046521
"135",-0.16862243754902,1.04003529418395,-0.275034259341239,-0.0776503015893318
"136",-0.16862243754902,1.08458222397245,-0.25918294574935,-0.330367675764026
"137",-0.16862243754902,1.06546245240433,-0.254938155963651,-0.264984479012081
"138",-0.16862243754902,1.0042831852182,0.0916352390034482,0.0137003315577634
"139",-0.16862243754902,1.02330059311899,-0.120481797821872,-0.180632888121965
"140",-0.16862243754902,1.00531291972678,-0.071525206218411,-0.0744191604696063
"141",-0.16862243754902,1.03411681094455,-0.127525873304153,-0.230509718485209
"142",-0.16862243754902,1.03048166569929,-0.211653146373316,-0.130749412896047
"143",-0.16862243754902,1.00874005226879,-0.132443798966831,-0.00389013707551539
"144",-0.16862243754902,1.02007994667895,-0.15814052479507,-0.12471837087643
"145",-0.16862243754902,1.00819565063883,0.093628684792008,-0.0877048422332872
"146",-0.16862243754902,1.01934941349635,-0.194310409882019,0.0362862426661281
"147",-0.16862243754902,1.00953198156899,-0.00205874930422137,-0.138385632787225
"148",-0.16862243754902,1.00450269164771,-0.0699616422894577,0.0642730591745201
"149",-0.16862243754902,1.02809021846502,-0.0056949800151199,-0.238614887435949
"150",-0.16862243754902,1.0089770902396,-0.129562421493288,-0.0353319623735274
"151",-0.16862243754902,1.06220169343584,-0.3548012692651,-0.048872250468287
"152",-0.16862243754902,1.04744198831494,0.080780280172003,-0.301013729289042
"153",-0.16862243754902,1.06819159537091,-0.263735225929201,-0.267351856221592
"154",-0.16862243754902,1.04737109535332,-0.310073580986433,0.0289928569800425
"155",-0.16862243754902,1.03359577027276,0.181025446453409,-0.188547087121691
"156",-0.16862243754902,1.0036375759256,0.0203953951944179,-0.0829000100402837
"157",-0.16862243754902,1.00144758561874,-0.0195734201379796,-0.0501412800565425
"158",-0.16862243754902,1.12516236020227,-0.0894100017509657,-0.507933251916859
"159",-0.16862243754902,1.021761397971,-0.124905675582364,-0.168507942219236
"160",-0.16862243754902,1.01695265294777,0.161012566495638,0.090926628486848
"161",-0.16862243754902,1.02836915519542,-0.106452148400894,-0.214967577690615
"162",-0.16862243754902,1.0304488652911,-0.130538674844015,-0.211623529763784
"163",-0.16862243754902,1.09326091254537,0.0116405169965072,-0.441683055214461
"164",-0.16862243754902,1.03844149651585,-0.0693363377322889,-0.271206957794156
"165",-0.16862243754902,1.0132159998798,-0.117397341458604,-0.113245426534056
"166",-0.16862243754902,1.0122877937306,-0.101781011391899,-0.119863268168385
"167",-0.16862243754902,1.01485892144484,-0.12766088636183,-0.116796098091885
"168",-0.16862243754902,1.00357619346317,-0.0524405198451295,0.0664467302762702
"169",-0.16862243754902,1.00754731371812,-0.00314817699993606,-0.123051527264694
"170",-0.16862243754902,1.04601111759134,-0.200418292557516,-0.23231824322041
"171",-0.16862243754902,1.04984177037984,-0.133384133863973,-0.290476187780748
"172",-0.16862243754902,1.00322052348436,0.0788179490084584,-0.0154644642436042
"173",-0.16862243754902,1.08517167462969,-0.421139968966589,-0.0154495940858194
"174",-0.16862243754902,1.05077519869814,-0.211642380700879,-0.243589862043515
"175",-0.16862243754902,1.00003261447688,-0.000754232196544066,0.00804121578199574
"176",-0.16862243754902,1.10536463515161,-0.131020317017106,-0.452398776714295
"177",-0.16862243754902,1.03589011467415,-0.130651362929786,-0.236640129826316
"178",-0.16862243754902,1.01765627013156,-0.159099811068363,-0.101545724952356
"179",-0.16862243754902,1.00611349659334,0.0867249837959614,0.0688704959534379
"180",-0.16862243754902,1.06452334207506,-0.362447636379857,0.0429145279049001
"181",-0.16862243754902,1.01827440108779,-0.186039841113522,0.0476648028335174
"182",-0.16862243754902,1.01135353126358,-0.149678938629339,0.0207889521166464
"183",-0.16862243754902,1.06356548943968,-0.30848498493794,0.189759227430193
"184",-0.16862243754902,1.00040977553317,-0.0285660820311794,0.00192300278680885
"185",-0.16862243754902,1.00584747324221,-0.0413519311633686,-0.100095740253032
"186",-0.16862243754902,1.02353201151229,-0.215236557922883,-0.0359305263514734
"187",-0.16862243754902,1.02281854014469,-0.173280061008847,-0.127010970079271
"188",-0.16862243754902,1.01675587749966,-0.155062675340236,-0.0987323713198252
"189",-0.16862243754902,1.0086708116188,-0.129790303111972,0.0239015361396087
"190",-0.16862243754902,1.03853868586299,-0.132232621705187,-0.247137888214242
"191",-0.16862243754902,1.08941709510682,-0.357452503723804,-0.243017107818694
"192",-0.16862243754902,1.01311276073341,-0.140544604323022,-0.0815149075725588
"193",-0.16862243754902,1.01858411003396,-0.185497112456235,-0.0557172368667928
"194",-0.16862243754902,1.02590213860327,-0.207043747720464,-0.0980208371756851
"195",-0.16862243754902,1.04687815198327,0.0731014203295477,-0.301015028604386
"196",-0.16862243754902,1.01449109653329,-0.169606056638758,-0.0206390527100956
"197",-0.16862243754902,1.01298404512129,-0.0646653228358971,0.148172439045937
"198",-0.16862243754902,1.03228102346502,-0.0991938197170204,-0.236145500774284
"199",-0.16862243754902,1.00120962822036,-0.046591791708019,-0.0158090033392615
"200",-0.16862243754902,1.0266948512439,-0.141095504545045,-0.184917214363381
"201",-0.16862243754902,1.00002299881676,0.00030634361315285,-0.00677527239699743
"202",-0.16862243754902,1.04059599860743,-0.012058300529222,-0.287566739568646
"203",-0.16862243754902,1.01023014054262,-0.129517069411541,-0.0615651329228295
"204",-0.16862243754902,1.10898063992958,-0.452165935158512,-0.159323654304211
"205",-0.16862243754902,1.02491356393266,-0.151460969454798,-0.165853514478756
"206",-0.16862243754902,1.01929598106227,-0.0749522271712063,-0.182610132938375
"207",-0.16862243754902,1.0175159060466,-0.0740372889059072,-0.172792068421242
"208",-0.16862243754902,1.05778598127987,0.0209491885005318,-0.344198073343514
"209",-0.16862243754902,1.02299535323491,-0.0994326820269452,-0.191396537286217
"210",-0.16862243754902,1.09032828953322,-0.072488152822995,-0.428440482047093
"211",-0.16862243754902,1.02831742107743,-0.228867424990021,0.0711085105298298
"212",-0.16862243754902,1.03832526761449,-0.271569162642258,0.0661025814056292
"213",-0.16862243754902,1.02180183791973,-0.0233546830754261,-0.208646962006594
"214",-0.16862243754902,1.00272779830806,-0.0576022546348996,-0.0463143364488879
"215",-0.16862243754902,1.01231609413083,-0.135698183655012,-0.079811511632287
"216",-0.16862243754902,1.02210296758573,-0.186263152610856,0.100002571602005
"217",-0.16862243754902,1.08606911465616,-0.408870849489224,-0.111223874451381
"218",-0.16862243754902,1.03362739795869,-0.121208662158568,-0.231719783420803
"219",-0.16862243754902,1.00750829218392,-0.0538120939538303,-0.110350429829987
"220",-0.16862243754902,1.00451990002213,-0.0663564309454561,-0.0682426084836983
"221",-0.16862243754902,1.03333571077866,-0.0349971226053021,-0.257988163642791
"222",-0.16862243754902,1.00299892625835,-0.0665229970536927,-0.0397685420704031
"223",-0.16862243754902,1.02071181040257,-0.0952534908019306,-0.181050745332199
"224",-0.16862243754902,1.00683206863755,-0.0362258306941882,-0.111348568142929
"225",-0.16862243754902,1.00341711647517,-0.0534566625521223,-0.0631529481823692
"226",-0.16862243754902,1.01412366098892,-0.0483197419604354,-0.16159208617516
"227",-0.16862243754902,1.03165843721264,0.224698207501557,-0.117600368271628
"228",-0.16862243754902,1.00749045888202,-0.122621045332515,0.00105070446152859
"229",-0.16862243754902,1.00055099720994,0.0288514050927749,0.0164284643829638
"230",-0.16862243754902,1.0040276251414,-0.0368622561288536,0.0819307397755237
"231",-0.16862243754902,1.0152685333478,-0.172240046778144,0.033219890006709
"232",-0.16862243754902,1.00548340198355,0.0658957351798691,-0.0815758772524555
"233",-0.16862243754902,1.01818216922893,-0.100245647938891,-0.163235228443612
"234",-0.16862243754902,1.02716911578826,-0.0353720422107111,-0.232002610026448
"235",-0.16862243754902,1.05282754089407,-0.320307085352452,-0.076480075431889
"236",-0.16862243754902,1.01078319164389,-0.0123772133445234,-0.146729223740956
"237",-0.16862243754902,1.0482701740881,-0.295309459833094,-0.107993892493007
"238",-0.16862243754902,1.00185547358825,-0.00255001418066018,-0.0608924247046578
"239",-0.16862243754902,1.03694522602564,-0.0925075472162211,-0.258259085968736
"240",-0.16862243754902,1.03651868054716,-0.270983692178669,-0.0306400668480319
"241",-0.16862243754902,1.00400352844809,0.0237120533219011,-0.0863760595505476
"242",-0.16862243754902,1.04543563430968,-0.103981599057592,-0.286571967473984
"243",-0.16862243754902,1.02993226151638,-0.00564659861611078,0.246431692840676
"244",-0.16862243754902,1.00161841595471,0.0138812904504744,0.055197472361006
"245",-0.16862243754902,1.00506537981299,-0.00567527979120507,-0.100619127892904
"246",-0.16862243754902,1.01026557433363,0.135968273938821,0.0463590246420884
"247",-0.16862243754902,1.03636253193712,-0.149955349993169,-0.22706979238012
"248",-0.16862243754902,1.00446695390906,-0.0727760080547446,-0.0604773854177451
"249",-0.16862243754902,1.02969009118032,-0.211152950067601,-0.125204295264542
"250",-0.16862243754902,1.0697887331333,-0.268818632766748,-0.268671688527794
"251",-0.16862243754902,1.03033488395181,-0.230481184310073,-0.0920238923705423
"252",-0.16862243754902,1.02969815186671,-0.209024423259869,-0.128790816592663
"253",-0.16862243754902,1.0032697235267,0.0235504279074958,-0.0774307141302483
"254",-0.16862243754902,1.00900098542186,0.0621511439142263,-0.119248580253342
"255",-0.16862243754902,1.01280668751775,-0.105380511966411,-0.121129410047155
"256",-0.16862243754902,1.01603060551408,0.127769507924094,0.126464003519315
"257",-0.16862243754902,1.02246876739853,-0.213113546684166,-0.00499965250542782
"258",-0.16862243754902,1.10421943592211,-0.357626828705361,-0.302330306218709
"259",-0.16862243754902,1.03159851082144,-0.032290975679644,-0.251302169546288
"260",-0.16862243754902,1.02324431283709,-0.203820932013565,0.0740672088481901
"261",-0.16862243754902,1.09509955701914,-0.33607005774546,-0.293768541662463
"262",-0.16862243754902,1.05617308134922,-0.339765982031791,-0.00778814616447148
"263",-0.16862243754902,1.00771355443284,0.00140016631396836,0.124437322865625
"264",-0.16862243754902,1.14241708007344,-0.436078099301566,-0.339046716770788
"265",-0.16862243754902,1.00242122232619,-0.0579148440443074,0.0386545962241616
"266",-0.16862243754902,1.0898408201048,-0.399949272806973,-0.166714103626173
"267",-0.16862243754902,1.01682743555235,-0.0658010673425165,-0.172070489127414
"268",-0.16862243754902,1.05252642890318,0.0492124380996682,-0.324638290218464
"269",-0.16862243754902,1.02048119038951,-0.169495082057307,0.112486786322537
"270",-0.16862243754902,1.01443746354618,-0.162891037996111,-0.0504963086427911
"271",-0.16862243754902,1.10324473829209,-0.243582466444742,-0.397261292614666
"272",-0.16862243754902,1.00146015682042,-0.0180648285466331,-0.0509520133887785
"273",-0.16862243754902,1.04704416269908,-0.00422246869631195,-0.310296067329792
"274",-0.16862243754902,1.01567763676962,0.0806317953920699,-0.15842845516435
"275",-0.16862243754902,1.01003109281447,0.0781016505239057,-0.11858727013235
"276",-0.16862243754902,1.0032657743602,-0.0424949470110672,-0.0688214609050181
"277",-0.16862243754902,1.01756169444458,-0.151141505098673,-0.112196468025651
"278",-0.16862243754902,1.07850168860162,-0.342606249625644,0.213978620506785
"279",-0.16862243754902,1.00860410725699,-0.0464802621550832,-0.122970851853885
"280",-0.16862243754902,1.08639928904835,0.0142173775583377,-0.424336283412259
"281",-0.16862243754902,1.05111978039006,-0.182587331938167,-0.267422248406794
"282",-0.16862243754902,1.10108027699467,-0.166858816526684,-0.429576432935947
"283",-0.16862243754902,1.00309589753655,-0.0696615018658822,-0.0367240358952936
"284",-0.16862243754902,1.03843810928812,-0.273118055867483,-0.0613207500040361
"285",-0.16862243754902,1.1116857514459,-0.483369962613029,-0.0468901824620078
"286",-0.16862243754902,1.09824300444251,0.257345099980367,-0.374047050948147
"287",-0.16862243754902,1.07291269417486,-0.383593680383718,-0.0632260839466589
"288",-0.16862243754902,1.00311447890739,0.0731947453034194,0.0296847949902555
"289",-0.16862243754902,1.1333067375853,-0.443756234477723,-0.29574408839128
"290",-0.16862243754902,1.01568716774969,-0.149511840363268,-0.0962633488020149
"291",-0.16862243754902,1.02736384968922,-0.235429100267649,0.00704403261071965
"292",-0.16862243754902,1.00626712863134,-0.112055266213416,0.00414143426811036
"293",-0.16862243754902,1.00436233700018,-0.0636613669169962,-0.0684903960181639
"294",-0.16862243754902,1.01071639833421,-0.110315704087162,-0.0968405044050685
"295",-0.16862243754902,1.09778111325438,-0.0981608142881859,-0.442140053779686
"296",-0.16862243754902,1.0421715609444,-0.271431479469644,0.111563947555672
"297",-0.16862243754902,1.03985998155234,0.0141879948473561,0.284793753506379
"298",-0.16862243754902,1.02195967854172,-0.182137572954978,-0.105959846560661
"299",-0.16862243754902,1.05093622479059,0.074522498174404,-0.314504921810364
"300",-0.16862243754902,1.06469442569719,-0.299878009781131,-0.208919600230294
"301",-0.16862243754902,1.06312617212199,-0.156636663672202,-0.325118768213077
"302",-0.16862243754902,1.0418553812797,-0.277411295932197,-0.09222585532641
"303",-0.16862243754902,1.00613947174464,-0.105531151594081,0.0343484009208381
"304",-0.16862243754902,1.02737385301873,-0.110668472183027,-0.207965196922984
"305",-0.16862243754902,1.08418527082932,-0.39851555874089,-0.1290079490756
"306",-0.16862243754902,1.01267389162203,-0.00122729246816497,-0.159708811673351
"307",-0.16862243754902,1.02469659410282,0.0416316294466557,-0.219704158803482
"308",-0.16862243754902,1.09918104992155,-0.0659761348206069,-0.451493222696403
"309",-0.16862243754902,1.04833821592742,-0.0641215092661346,-0.308060784624253
"310",-0.16862243754902,1.04061873189128,-0.250950003880792,-0.141107904510117
"311",-0.16862243754902,1.02664004370817,-0.0259915770754033,-0.230898716467315
"312",-0.16862243754902,1.02418899975389,-0.0623124178216446,-0.212321147797592
"313",-0.16862243754902,1.04543356516491,-0.303538782809578,-0.0282054339427448
"314",-0.16862243754902,1.02504903584099,-0.218882904060531,-0.0530641139431693
"315",-0.16862243754902,1.05260949194997,-0.182543583358179,-0.273248207163232
"316",-0.16862243754902,1.06164317040299,-0.299082711149873,-0.193999363799359
"317",-0.16862243754902,1.04632122988271,-0.185959678127124,-0.245371380185476
"318",-0.16862243754902,1.00177342207813,0.0462017487149923,-0.0376216373620905
"319",-0.16862243754902,1.00721347436907,-0.0619237670884676,-0.10317184703296
"320",-0.16862243754902,1.01753153162344,-0.149419315523975,0.114211584334935
"321",-0.16862243754902,1.00384842655706,-0.0407890760554262,-0.0777683404454006
"322",-0.16862243754902,1.0614763556556,-0.353326280665859,0.0435039424273819
"323",-0.16862243754902,1.04454564881812,-0.235714548946221,-0.188452285419826
"324",-0.16862243754902,1.01188852043039,-0.121941492877826,-0.0951243927367432
"325",-0.16862243754902,1.07014858778309,-0.376301313324845,-0.0601275438059861
"326",-0.16862243754902,1.02204035920175,-0.0459984364854915,-0.206035530135317
"327",-0.16862243754902,1.05835026037356,-0.288127597696207,-0.192581829564976
"328",-0.16862243754902,1.04534060118708,-0.0206195147510416,-0.30382858341767
"329",-0.16862243754902,1.01908718378157,-0.09341921896798,-0.172660179761491
"330",-0.16862243754902,1.01121231186019,-0.0518102689261486,-0.140946925086843
"331",-0.16862243754902,1.03718610393372,-0.265421457397203,-0.0728454813036411
"332",-0.16862243754902,1.00750871188888,-0.116020052259317,-0.0401640636109329
"333",-0.16862243754902,1.01328181280853,-0.163450852328008,0.00488375283917518
"334",-0.16862243754902,1.03320732947496,-0.218504535789926,0.14061704562397
"335",-0.16862243754902,1.024747709399,-0.0106805214062388,-0.223592921133441
"336",-0.16862243754902,1.01389557669746,-0.163319394077616,0.0362079544408534
"337",-0.16862243754902,1.01484595747352,-0.0751466553311653,-0.155773224890831
"338",-0.16862243754902,1.01785165039999,-0.104131112608357,-0.158677955648941
"339",-0.16862243754902,1.06410595574829,-0.103624393704325,-0.348688213291467
"340",-0.16862243754902,1.02576448245037,-0.227689214194734,0.0187188460130633
"341",-0.16862243754902,1.01716606171563,-0.0799598215118061,-0.168027450286795
"342",-0.16862243754902,1.04243375645918,0.0340144073859714,-0.292422907269225
"343",-0.16862243754902,1.05222621226884,0.00888597772348037,-0.327262954190546
"344",-0.16862243754902,1.07864319111345,0.0249495519174789,-0.403545107261296
"345",-0.16862243754902,1.00308767339175,-0.0762241782853898,-0.0193585938327811
"346",-0.16862243754902,1.03233630215595,-0.0510154019391449,-0.2512283214807
"347",-0.16862243754902,1.01482955793906,-0.159196236289503,0.067346789218479
"348",-0.16862243754902,1.00000011233755,-0.000249448275344236,0.000403051700264055
"349",-0.16862243754902,1.02618205007785,0.0871544786120111,-0.21319872598084
"350",-0.16862243754902,1.00922607349107,-0.127542962686848,-0.0476451475311585
"351",-0.16862243754902,1.10380909258651,-0.450166800632702,-0.125476549541252
"352",-0.16862243754902,1.10970659864219,-0.0278893074028126,-0.480282127090538
"353",-0.16862243754902,1.08268419926896,-0.283358615877812,-0.303171519365664
"354",-0.16862243754902,1.056222748253,-0.338710175050671,-0.0296969904917247
"355",-0.16862243754902,1.00078730408542,-0.0336485090157531,-0.021047704377709
"356",-0.16862243754902,1.07597344740167,-0.242481459069319,-0.314518046415534
"357",-0.16862243754902,1.00384353012197,-0.0364641553340591,-0.0798260505318895
"358",-0.16862243754902,1.05627678017882,-0.340098969136057,0.00730257061101442
"359",-0.16862243754902,1.06145307132379,-0.230543449605906,-0.271168472478868
"360",-0.16862243754902,1.02196589002311,-0.185536336504197,-0.0999527298643243
"361",-0.16862243754902,1.01583252786225,-0.0406463559683729,-0.173964359595576
"362",-0.16862243754902,1.0085793662355,-0.00873709905727421,-0.130980918824357
"363",-0.16862243754902,1.00492555000779,-0.0944079760913458,0.0310241052859466
"364",-0.16862243754902,1.0688051941158,-0.324980753526549,-0.191656079491978
"365",-0.16862243754902,1.03793393732335,-0.249237996244115,0.123236680723638
"366",-0.16862243754902,1.02353992787387,0.0606861668844999,-0.209645350773422
"367",-0.16862243754902,1.00829945923962,-0.128242261554701,0.0148903275402285
"368",-0.16862243754902,1.02618227086138,-0.223123778977949,-0.0571474608781998
"369",-0.16862243754902,1.00165454672459,-0.0575034299455571,0.00227739292743278
"370",-0.16862243754902,1.00114365449601,-0.0271206499716384,-0.039409228395738
"371",-0.16862243754902,1.01186009454272,-0.069366576372223,-0.13801858211994
"372",-0.16862243754902,1.06194982723046,-0.316871406137545,-0.165317716918708
"373",-0.16862243754902,1.01052154528355,-0.132138899450459,-0.0607709201367707
"374",-0.16862243754902,1.02590020327336,-0.206483801480383,-0.0991749303127371
"375",-0.16862243754902,1.04663963240815,-0.133391795054961,-0.278677500239029
"376",-0.16862243754902,1.04716020984472,-0.305138534797331,0.0586086995571785
"377",-0.16862243754902,1.01054533355814,-0.141942814353445,-0.032467039125036
"378",-0.16862243754902,1.02619336716369,-0.21238929737896,-0.0892390787134581
"379",-0.16862243754902,1.01347582969927,0.0605694747140686,-0.15318157891039
"380",-0.16862243754902,1.05742319079,-0.263077136397435,-0.221210815118581
"381",-0.16862243754902,1.02438845809023,-0.0988297061602616,-0.199008548180103
"382",-0.16862243754902,1.03788204067978,0.271404445523487,-0.0594874551121185
"383",-0.16862243754902,1.01105694120665,-0.147579688452451,-0.0213629098773284
"384",-0.16862243754902,1.11846181790259,-0.185545325004898,-0.465327594791873
"385",-0.16862243754902,1.01710686785125,-0.177448302690174,0.0549406998731743
"386",-0.16862243754902,1.01974496743974,-0.145903036636656,-0.136352860325261
"387",-0.16862243754902,1.12233205891353,-0.50409140034638,-0.0743041759385926
"388",-0.16862243754902,1.00126270398992,0.00273362830700812,-0.050194916849
"389",-0.16862243754902,1.03439309984787,-0.196331903560685,-0.177264967371242
"390",-0.16862243754902,1.03093913378699,-0.190738785239748,-0.162647512673082
"391",-0.16862243754902,1.0771234448178,-0.394538678176194,0.0673360735351886
"392",-0.16862243754902,1.0098714719881,-0.12250629539404,-0.06951688661207
"393",-0.16862243754902,1.0032169263734,0.07517218498149,0.0281663623353079
"394",-0.16862243754902,1.01887381277343,-0.00211950984505049,0.19519055825908
"395",-0.16862243754902,1.01264646193726,-0.125177700006064,0.0989110726624695
"396",-0.16862243754902,1.03638168441146,-0.271413363332716,-0.0205373315683579
"397",-0.16862243754902,1.01674345723561,-0.179342968441225,-0.0400419467821076
"398",-0.16862243754902,1.01736114859775,-0.0337313626534881,-0.184081237092968
"399",-0.16862243754902,1.01723685524935,-0.0859650164980625,0.1654715553081
"400",-0.16862243754902,1.00231932936566,0.0674373796495663,0.00981008899134668
"401",-0.16862243754902,1.01651102767806,0.153024470109082,-0.0993890383238353
"402",-0.16862243754902,1.01609651535044,0.101131100995395,-0.149079270587052
"403",-0.16862243754902,1.01501351293328,-0.139307913257387,0.104142866971447
"404",-0.16862243754902,1.00046301016174,0.00122073800239003,0.0304096119774536
"405",-0.16862243754902,1.00310750243251,-0.0707942644088358,0.0348257600519411
"406",-0.16862243754902,1.08115925042051,-0.124254670990907,-0.391747497128938
"407",-0.16862243754902,1.04792477722618,-0.216473365722179,-0.226463287659298
"408",-0.16862243754902,1.07352252452608,-0.202191480199549,-0.334019783844541
"409",-0.16862243754902,1.01438374771148,-0.0674654465476167,-0.156277961156805
"410",-0.16862243754902,1.01912140554683,-0.0923130277904626,-0.173455308779798
"411",-0.16862243754902,1.00505975339841,-0.0674151835808823,-0.0748351583416573
"412",-0.16862243754902,1.03113549885118,-0.219666212254707,0.122422106601466
"413",-0.16862243754902,1.02091306118797,0.192881354098737,-0.0711355167636081
"414",-0.16862243754902,1.01219343338991,0.0315134936631175,-0.153435479322099
"415",-0.16862243754902,1.0186254357919,-0.122905502627291,-0.14997338385915
"416",-0.16862243754902,1.02847956812399,-0.172551092365293,-0.167321076293644
"417",-0.16862243754902,1.0018082951677,-0.0476162789752802,0.0367770341837652
"418",-0.16862243754902,1.01626277048867,-0.180331376398725,0.0164503303145097
"419",-0.16862243754902,1.08432326195785,-0.28732038124398,-0.305293195051463
"420",-0.16862243754902,1.00971976416089,-0.11256162188574,-0.0828485571122151
"421",-0.16862243754902,1.06203833900474,-0.243038616896962,-0.262407439324337
"422",-0.16862243754902,1.01992660316124,-0.0591521410719416,-0.191706285871478
"423",-0.16862243754902,1.09365109684897,-0.105763486404093,-0.429984658543302
"424",-0.16862243754902,1.09172531638824,-0.401408077615678,-0.175316062207358
"425",-0.16862243754902,1.00884602070787,-0.0548834342674548,0.121482929422666
"426",-0.16862243754902,1.06457134470485,-0.133970489414255,-0.339652846201533
"427",-0.16862243754902,1.0184437360405,0.00319447962878312,-0.192918217854201
"428",-0.16862243754902,1.00000154161847,-0.00114734813688135,-0.00132922216787409
"429",-0.16862243754902,1.00902856884303,-0.126447151162725,-0.0463656198519353
"430",-0.16862243754902,1.00722541167273,0.119589852537205,-0.014187920546042
"431",-0.16862243754902,1.00451696005118,-0.0951214926196511,0.00249492931176184
"432",-0.16862243754902,1.03733547269252,-0.0888668938606714,-0.261089176492966
"433",-0.16862243754902,1.0103798664754,-0.0296223543143456,-0.141385963602166
"434",-0.16862243754902,1.02848771133571,-0.233541334706565,-0.0569685645952199
"435",-0.16862243754902,1.05270281131078,-0.298288933637292,-0.138589036403115
"436",-0.16862243754902,1.00294092590914,0.0671446537329884,0.0371765563030716
"437",-0.16862243754902,1.05505140185708,-0.299820425041,0.152450560146
"438",-0.16862243754902,1.01567112913969,0.0205147782861834,-0.176541741352496
"439",-0.16862243754902,1.01014198534029,0.110969308720377,-0.0898478885079719
"440",-0.16862243754902,1.02513968323041,-0.146181054423218,-0.171879229290419
"441",-0.16862243754902,1.01929014083324,-0.100332205573737,-0.169958347028183
"442",-0.16862243754902,1.04912832691599,0.0400925253146803,-0.314742491175633
"443",-0.16862243754902,1.02407835829916,-0.220538719473683,0.00995776830461589
"444",-0.16862243754902,1.0236932814005,-0.21657477967518,-0.03230014230873
"445",-0.16862243754902,1.00107455940126,0.045619120357163,-0.00831681058254941
"446",-0.16862243754902,1.03488580254436,0.0620305695910267,-0.259115481482852
"447",-0.16862243754902,1.01787062012051,-0.189831628330415,-0.00495501664271979
"448",-0.16862243754902,1.04475304463236,-0.244733120284813,-0.177805017095265
"449",-0.16862243754902,1.05652948671226,-0.0931432143985228,-0.327992222322397
"450",-0.16862243754902,1.046572939826,-0.182592242480829,-0.24894776834079
"451",-0.16862243754902,1.0100985476772,0.0111348188226524,-0.142039050367729
"452",-0.16862243754902,1.06275720012295,-0.298534942176259,-0.200822694715987
"453",-0.16862243754902,1.03520377903404,0.154840724390939,-0.218337386162914
"454",-0.16862243754902,1.0191915785571,-0.176465331542048,-0.087243684960402
"455",-0.16862243754902,1.0169664607644,-0.0728843937943308,-0.17002543180624
"456",-0.16862243754902,1.06581486717318,-0.367155242616558,-0.0340346721236895
"457",-0.16862243754902,1.02606166594853,-0.221425610748415,-0.0614267143332032
"458",-0.16862243754902,1.02833442925536,-0.0331824744370981,-0.237424981377655
"459",-0.16862243754902,1.00116029442972,0.00300767429820906,-0.0480925050077797
"460",-0.16862243754902,1.0591857264085,-0.155957096227431,-0.312332814740641
"461",-0.16862243754902,1.0081724424812,0.0040591098256646,-0.128043732396101
"462",-0.16862243754902,1.01501875590738,-0.167702766413254,-0.0462477781207612
"463",-0.16862243754902,1.00055147087164,-0.0283677274089435,0.017277670706608
"464",-0.16862243754902,1.00104998656906,0.0144982469904257,-0.0434842091352039
"465",-0.16862243754902,1.03991821445804,0.17236666972418,-0.227419488896157
"466",-0.16862243754902,1.06042533350897,-0.00241170939821435,-0.352840008510065
"467",-0.16862243754902,1.01605657393003,-0.10757245531462,-0.144219028855435
"468",-0.16862243754902,1.00625746842062,-0.105342604324827,-0.0381710422484956
"469",-0.16862243754902,1.00089513313147,0.0204560091673879,0.0370488760316492
"470",-0.16862243754902,1.02366519352408,-0.210967236614437,-0.0581657417038123
"471",-0.16862243754902,1.01572540989649,-0.0195704631711846,-0.176960745027391
"472",-0.16862243754902,1.02969168287662,-0.168715430169111,-0.178325728396464
"473",-0.16862243754902,1.05051188129911,-0.124131551125551,-0.296928561721111
"474",-0.16862243754902,1.01840639566613,-0.183764334714762,-0.0581571665448723
"475",-0.16862243754902,1.00920887620024,0.102407930959262,-0.0895274900686437
"476",-0.16862243754902,1.00389774947869,-0.0568927003344556,0.0676307035083314
"477",-0.16862243754902,1.0492037917547,-0.213771581257473,-0.234798440538086
"478",-0.16862243754902,1.04752889075768,-0.191026879479368,-0.246628279579609
"479",-0.16862243754902,1.00482664022343,0.0854713728543881,0.0486951879048222
"480",-0.16862243754902,1.00259699015298,-0.0720792778867337,0.00230268607085714
"481",-0.16862243754902,1.00126132870659,-0.0435317419760258,-0.0250845730242719
"482",-0.16862243754902,1.01606006130673,-0.179913720411787,0.00301685104446483
"483",-0.16862243754902,1.01060153235149,0.0775245556019348,0.123714996948202
"484",-0.16862243754902,1.04688341020072,-0.127443881519685,-0.28235249532575
"485",-0.16862243754902,1.01947368272866,-0.0925065761635724,-0.175411297078676
"486",-0.16862243754902,1.03360424996839,-0.256318282586922,-0.0513681181707826
"487",-0.16862243754902,1.09612778032321,-0.195092126843276,-0.404271162513551
"488",-0.16862243754902,1.00289072862857,0.0377440066182917,-0.0660696869490036
"489",-0.16862243754902,1.04501465567303,-0.227011883051477,-0.201298871146478
"490",-0.16862243754902,1.00598905596597,-0.0487364835741199,-0.0981770639820618
"491",-0.16862243754902,1.02981542347104,-0.159543271998432,-0.187258513234722
"492",-0.16862243754902,1.0071775478309,0.116642924629614,-0.0283026675158633
"493",-0.16862243754902,1.0204075986066,-0.168005773731042,-0.114042655559728
"494",-0.16862243754902,1.01219275858231,-0.0110015354134152,-0.156247069556551
"495",-0.16862243754902,1.01303192271014,-0.142803587472962,-0.0764252041846411
"496",-0.16862243754902,1.03982285624158,0.0864380039784627,-0.271588003841503
"497",-0.16862243754902,1.01461220931267,-0.0991063387760885,0.140056663178649
"498",-0.16862243754902,1.02091866071302,-0.204975175639204,0.0161272801096354
"499",-0.16862243754902,1.01217793932036,-0.151895130430529,0.0378424391168098
"500",-0.16862243754902,1.00205975443192,-0.0640044640279165,-0.00521344767509236
"501",-0.16862243754902,1.04242819610711,-0.251230145163847,-0.153427371091573
"502",-0.16862243754902,1.00602229053563,-0.106055559577457,-0.0288629059046702
"503",-0.16862243754902,1.01537323664903,-0.172940053794638,0.0327802912834321
"504",-0.16862243754902,1.08093868582106,-0.2635468398722,-0.314597370774041
"505",-0.16862243754902,1.00489185192193,-0.0923290255637695,0.0358187813518812
"506",-0.16862243754902,1.01755609562353,-0.13508294283384,-0.131045817544644
"507",-0.16862243754902,1.07428898180834,0.198014920762159,-0.338949712480112
"508",-0.16862243754902,1.05898000494466,-0.314073487653804,-0.150985082791545
"509",-0.16862243754902,1.01377576008222,-0.0721398882800706,-0.150123709817024
"510",-0.16862243754902,1.08394309552615,-0.39136478120667,-0.147533868551836
"511",-0.16862243754902,1.00707277305832,-0.0516007505077118,0.107391493063546
"512",-0.16862243754902,1.01462567613104,-0.17062703098668,-0.0187531053706777
"513",-0.16862243754902,1.02581448136141,-0.225551875795709,-0.0377054571092741
"514",-0.16862243754902,1.06539311802757,-0.350302395238003,-0.111133828472791
"515",-0.16862243754902,1.05561496087549,-0.266332823686494,-0.20830211869146
"516",-0.16862243754902,1.01495011552602,-0.144467258155768,0.09619224671062
"517",-0.16862243754902,1.01792763195119,-0.179167603503954,-0.0638406903502876
"518",-0.16862243754902,1.00263698389129,-0.0363547270653629,-0.0629226134758238
"519",-0.16862243754902,1.0544487336243,-0.328559504039556,0.0625362626575182
"520",-0.16862243754902,1.08383978033802,-0.302199849085824,-0.288762741113997
"521",-0.16862243754902,1.05550403940122,-0.337770297086335,-5.99875603023658e-05
"522",-0.16862243754902,1.0863508545586,-0.362692115564205,-0.220482671672333
"523",-0.16862243754902,1.05627121639977,-0.340140621560459,0.00363870294302454
"524",-0.16862243754902,1.04570186584065,-0.20344743435194,-0.228257603768724
"525",-0.16862243754902,1.00575950106473,-0.0894349578443474,-0.0596117630786557
"526",-0.16862243754902,1.07256737808696,-0.323012682343985,-0.214624294014612
"527",-0.16862243754902,1.02362597144993,0.112378661663812,-0.187566430443872
"528",-0.16862243754902,1.0200615745319,0.0569822020040031,-0.193076783926153
"529",-0.16862243754902,1.02781731046518,-0.226216697718663,0.0723493563560579
"530",-0.16862243754902,1.01302561215998,-0.141381107252594,0.0789447490599395
"531",-0.16862243754902,1.0436610896559,-0.119029434726668,-0.273971647676157
"532",-0.16862243754902,1.01101420324187,-0.0769510866279703,-0.1273901464932
"533",-0.16862243754902,1.02687289513015,-0.143774425098932,-0.183839216274577
"534",-0.16862243754902,1.04697219587978,-0.036400198994579,-0.307937988008121
"535",-0.16862243754902,1.01613957839742,-0.125761726887345,-0.129319877961587
"536",-0.16862243754902,1.00879205952031,-0.0637809058883699,-0.116590803219187
"537",-0.16862243754902,1.02182450373859,-0.205978708561108,-0.0412078640566477
"538",-0.16862243754902,1.02547895305511,-0.165125709361878,-0.156014689265932
"539",-0.16862243754902,1.02002560169832,0.0330237234722573,-0.198397736398479
"540",-0.16862243754902,1.00410188048002,0.0880325303135787,-0.0216993085167893
"541",-0.16862243754902,1.04406924361453,-0.287077718571991,-0.0875612297842319
"542",-0.16862243754902,1.02305747824203,-0.125433216274016,-0.175821250257446
"543",-0.16862243754902,1.00577765560683,0.0334936220917802,-0.102307721102337
"544",-0.16862243754902,1.06066153746774,-0.0920217032997985,-0.341372089054204
"545",-0.16862243754902,1.01567945376146,0.0967332126001609,0.149155752062183
"546",-0.16862243754902,1.0171709862459,-0.10227860975468,-0.155486016242989
"547",-0.16862243754902,1.04601754888276,-0.106647639885289,-0.287713387727425
"548",-0.16862243754902,1.0497540783836,0.0972638247361599,-0.304176549853375
"549",-0.16862243754902,1.03933657589734,-0.228188997077836,-0.167780510222778
"550",-0.16862243754902,1.00683612057295,-0.0122443530270171,0.116486263178696
"551",-0.16862243754902,1.09463312977054,-0.136619461768522,-0.423741444111052
"552",-0.16862243754902,1.01062824397264,0.0504271648346665,-0.137209870497561
"553",-0.16862243754902,1.02466737584424,-0.223471396659004,-0.00194061711968972
"554",-0.16862243754902,1.01030351123085,-0.0500818758441437,0.134925870452346
"555",-0.16862243754902,1.02070859311192,-0.144105691153193,-0.145188091211946
"556",-0.16862243754902,1.01906589342404,-0.174116240940398,-0.0904368828571949
"557",-0.16862243754902,1.07799567497086,-0.398842689764112,-0.0547648069257769
"558",-0.16862243754902,1.03177868463113,-0.0904639356401191,-0.237452164461896
"559",-0.16862243754902,1.00721563812842,-0.119925815117956,0.0100568662485379
"560",-0.16862243754902,1.04723239560037,-0.236360495279958,-0.202062878000655
"561",-0.16862243754902,1.00095897244057,-0.0437966348110769,-0.000848108787833764
"562",-0.16862243754902,1.0487573344393,-0.0597745478182015,-0.310352944199599
"563",-0.16862243754902,1.0829230703136,0.312106036158775,0.274430680520046
"564",-0.16862243754902,1.03277851273066,-0.0371240465741708,-0.25544717951882
"565",-0.16862243754902,1.03682167238408,0.224511615883878,-0.156823833196782
"566",-0.16862243754902,1.07015530152327,-0.314839994710292,-0.214728077132865
"567",-0.16862243754902,1.00253877897399,-0.0582219117537929,-0.041160810711075
"568",-0.16862243754902,1.08760996962384,-0.401141158156495,0.148260639611592
"569",-0.16862243754902,1.03461145722244,-0.140871497116377,-0.224891281992289
"570",-0.16862243754902,1.0089268692618,0.0513857509242828,-0.123664595258154
"571",-0.16862243754902,1.01342434925775,0.0946192251743619,-0.134447439157111
"572",-0.16862243754902,1.0642927887364,-0.337814104209071,-0.136384644127247
"573",-0.16862243754902,1.00723480520166,0.00727833439746808,-0.120287067709006
"574",-0.16862243754902,1.05109640217566,0.265897361493191,-0.184667917672725
"575",-0.16862243754902,1.00805401697278,0.120328974559019,0.0411562755426139
"576",-0.16862243754902,1.0186859931616,-0.165133229206179,-0.102235851224385
"577",-0.16862243754902,1.00943395020815,-0.0135494955588452,-0.137015732683985
"578",-0.16862243754902,1.12921367847963,-0.0175864292693902,-0.524227287701663
"579",-0.16862243754902,1.04829119408686,-0.301514337714427,-0.089462460019214
"580",-0.16862243754902,1.0585790192958,-0.139249116895758,-0.318118254014153
"581",-0.16862243754902,1.0350571369617,-0.152449168260259,-0.219322884971257
"582",-0.16862243754902,1.04681423573063,-0.0147872264422877,0.309194731621423
"583",-0.16862243754902,1.11554870640584,-0.171756261775613,-0.463625606394439
"584",-0.16862243754902,1.01283599292463,-0.136869647608473,-0.084281956118399
"585",-0.16862243754902,1.00287750745845,-0.0290659356414345,0.0701317784699471
"586",-0.16862243754902,1.00574704151953,-0.0552410373138022,-0.0920626923448705
"587",-0.16862243754902,1.00752260462445,-0.117123764536952,-0.0371997662618345
"588",-0.16862243754902,1.01634053529461,-0.152584115780242,0.0983166887893475
"589",-0.16862243754902,1.02174326654969,-0.209118217576205,-0.0151285761850483
"590",-0.16862243754902,1.05430032307673,0.185169048702908,-0.277959699672747
"591",-0.16862243754902,1.02433455448852,0.162937338472145,-0.150707343055367
"592",-0.16862243754902,1.02830603252358,-0.0943955548971694,-0.220233457358421
"593",-0.16862243754902,1.00622361202193,-0.00615649819184907,-0.111570851571832
"594",-0.16862243754902,1.07408700491764,-0.375208559429004,-0.113496392295797
"595",-0.16862243754902,1.12474290353246,-0.214183556636534,-0.468158096280683
"596",-0.16862243754902,1.01335646956075,-0.0990358569153264,-0.130702844061154
"597",-0.16862243754902,1.07205515749787,-0.0803560431861752,-0.377948630161872
"598",-0.16862243754902,1.04174464100372,-0.261071313683777,-0.13066623983036
"599",-0.16862243754902,1.04303336750784,-0.0428508782230413,0.293398036752563
"600",-0.16862243754902,1.02224414101527,-0.0361443212043284,-0.208989645400731
"601",-0.16862243754902,1.00377971470576,0.0603291356694307,-0.0627224923305528
"602",-0.16862243754902,1.05402789435789,-0.153023343062395,-0.295903123610627
"603",-0.16862243754902,1.02981766581965,-0.182107028055652,-0.165412983671103
"604",-0.16862243754902,1.07245153295272,-0.33263284419922,-0.1987653930959
"605",-0.16862243754902,1.11751953793532,-0.468090407727725,-0.172456626026541
"606",-0.16862243754902,1.00668224935799,-0.0967371065506309,-0.0636481216429818
"607",-0.16862243754902,1.0013085955997,0.0184613146351197,-0.0477292728185777
"608",-0.16862243754902,1.02670181103378,-0.0230166131758217,-0.231488324323169
"609",-0.16862243754902,1.04501961124111,-0.303423542982059,-0.000376088733330021
"610",-0.16862243754902,1.03525340652452,-0.0273363272271785,-0.266462644538317
"611",-0.16862243754902,1.00278982844009,0.0626106791395551,-0.0408331101017535
"612",-0.16862243754902,1.07622795133205,-0.025389978411648,-0.397016312290362
"613",-0.16862243754902,1.0457632597602,-0.194974621331319,-0.235808592932898
"614",-0.16862243754902,1.06071579820821,-0.089052075250693,-0.342326937973068
"615",-0.16862243754902,1.00225629925151,0.0131753858926925,0.0659097761785882
"616",-0.16862243754902,1.06880578700985,-0.232381849716637,-0.297228003842183
"617",-0.16862243754902,1.01730744214716,-0.178504133514675,-0.0552331980440061
"618",-0.16862243754902,1.05007559782076,-0.210281809334256,-0.241744331477992
"619",-0.16862243754902,1.01507168631674,0.118805316306475,-0.127498334025297
"620",-0.16862243754902,1.00064470325617,-0.00839708139098081,-0.0349186365532142
"621",-0.16862243754902,1.03757352114688,-0.190921806376109,-0.20026900817455
"622",-0.16862243754902,1.01430612566033,0.16900689157014,0.0159244200483535
"623",-0.16862243754902,1.02420203503653,0.141190350655444,-0.170455546858299
"624",-0.16862243754902,1.00155901502246,-0.0256038048837835,-0.0496478171548396
"625",-0.16862243754902,1.05797467848944,-0.34153768926438,-0.0515987125497372
"626",-0.16862243754902,1.05994477031032,-0.190621139147655,-0.295205856002646
"627",-0.16862243754902,1.03910025064391,-0.229221661801912,0.164884082461023
"628",-0.16862243754902,1.07351689647307,-0.363853983001143,-0.14159380659963
"629",-0.16862243754902,1.01213535042472,-0.109389058452634,-0.111588536464152
"630",-0.16862243754902,1.0084968759802,-0.0880922285282136,-0.0964660983701149
"631",-0.16862243754902,1.03419163401216,-0.0112269137068639,-0.26348869476576
"632",-0.16862243754902,1.03705649853798,-0.272717084417957,-0.033340261343173
"633",-0.16862243754902,1.07586547323693,-0.0365480180809551,-0.395159156388498
"634",-0.16862243754902,1.02652180870948,0.196856510780856,-0.122452186258051
"635",-0.16862243754902,1.02969729306528,-0.18545950365263,-0.160876623071479
"636",-0.16862243754902,1.00875718168203,-0.127089706055644,-0.0379375567184504
"637",-0.16862243754902,1.0199563207086,-0.0786986225356396,-0.18470902242287
"638",-0.16862243754902,1.03611148414243,-0.21425568206506,-0.166197202968812
"639",-0.16862243754902,1.02426339820504,-0.221395277463588,-0.00998198474056747
"640",-0.16862243754902,1.03175340788262,0.206604726107265,-0.147748373349901
"641",-0.16862243754902,1.01984134868727,-0.143295046585385,-0.13979594456333
"642",-0.16862243754902,1.00655766309928,0.0181379409797417,-0.113266695197237
"643",-0.16862243754902,1.02567651458564,-0.197327087006967,-0.114343050973299
"644",-0.16862243754902,1.03345531176505,-0.216596279034293,-0.145313224876089
"645",-0.16862243754902,1.04062481474742,-0.189643202052963,-0.216645934610363
"646",-0.16862243754902,1.02117324244545,0.0967564746693137,-0.18284686405873
"647",-0.16862243754902,1.04159464151876,-0.210103996581842,0.201929957809452
"648",-0.16862243754902,1.01676935905526,-0.15701711337538,0.0957369083525474
"649",-0.16862243754902,1.07439603757124,-0.00777136861467649,-0.392767681178876
"650",-0.16862243754902,1.01696463018486,-0.0582555002738821,-0.175565815963325
"651",-0.16862243754902,1.02276799548071,-0.0419823357051379,-0.210456304415835
"652",-0.16862243754902,1.0588556830988,-0.34670292456361,0.0311839659067751
"653",-0.16862243754902,1.02956396588624,-0.0665338354325541,-0.235743947099466
"654",-0.16862243754902,1.02625288023376,0.158811639913868,-0.167253810766622
"655",-0.16862243754902,1.00173043065754,-0.0584344749315658,0.00701910569913382
"656",-0.16862243754902,1.03476714690652,-0.0144546859504688,-0.265582586724249
"657",-0.16862243754902,1.02601892107702,0.0329850235760209,-0.227215348574302
"658",-0.16862243754902,1.01388045838521,-0.14987100229037,-0.0741098277415268
"659",-0.16862243754902,1.06072337301398,-0.0419022258159907,-0.351252441315111
"660",-0.16862243754902,1.03310504727148,-0.218303036998963,-0.140177825403459
"661",-0.16862243754902,1.03118423560252,-0.204425470573081,-0.146803115553178
"662",-0.16862243754902,1.03314190979839,0.0712159755065083,-0.249620693482193
"663",-0.16862243754902,1.05146731784959,-0.257687858770955,0.197940617226091
"664",-0.16862243754902,1.03395027462291,-0.224454985777799,-0.136649660637243
"665",-0.16862243754902,1.07654337565945,-0.33448145220935,-0.21695114151384
"666",-0.16862243754902,1.00730886123571,-0.00140055640049003,-0.121116391812813
"667",-0.16862243754902,1.0020655102438,0.0128489612342263,-0.0630094517938529
"668",-0.16862243754902,1.00473637038396,0.0172990069654253,0.0958953509318995
"669",-0.16862243754902,1.07011457562986,-0.324326652325375,-0.199893540583209
"670",-0.16862243754902,1.01060969259829,-0.142040709590255,-0.0340056994150816
"671",-0.16862243754902,1.00562163718246,-0.0765509156425015,0.0735855589353975
"672",-0.16862243754902,1.04954328722157,-0.247211714507978,-0.201065859762155
"673",-0.16862243754902,1.00251744410006,-0.0709527086352378,-0.00263417202338013
"674",-0.16862243754902,1.02171916070405,-0.0208698573278413,-0.208505377400446
"675",-0.16862243754902,1.00627865838799,-0.112010780971035,-0.00709388986392311
"676",-0.16862243754902,1.0291327870935,-0.144919426058009,-0.195224622990673
"677",-0.16862243754902,1.00132339322286,-0.0476363215704851,0.019476105426494
"678",-0.16862243754902,1.06534727423518,-0.293372499492891,-0.221127545234941
"679",-0.16862243754902,1.04279734772853,-0.230890398366273,-0.184704987404037
"680",-0.16862243754902,1.01792043531979,0.112147965911296,-0.153573586217104
"681",-0.16862243754902,1.06447843645995,-0.364842124042146,0.00213686982253295
"682",-0.16862243754902,1.00581547418882,-0.106110993751001,0.0201302042427607
"683",-0.16862243754902,1.00604853522346,-0.0914310189928882,0.0614330854767604
"684",-0.16862243754902,1.01181835793154,-0.115580837133229,-0.102065956787115
"685",-0.16862243754902,1.04573170633111,-0.275867654632402,-0.132105407738659
"686",-0.16862243754902,1.08366854448348,-0.297033315788985,-0.293442879645008
"687",-0.16862243754902,1.01646190826589,0.0406619469679573,-0.177599034412657
"688",-0.16862243754902,1.10353444773316,-0.433991760332,-0.171579221637298
"689",-0.16862243754902,1.0117370670364,-0.142088761410296,-0.0585036468633591
"690",-0.16862243754902,1.01380168697015,0.138531061898179,-0.0927523875320076
"691",-0.16862243754902,1.04409319335603,-0.287179742633925,-0.0875122381904277
"692",-0.16862243754902,1.00504710448539,0.00952727156076606,-0.100144462308553
"693",-0.16862243754902,1.02937574947426,-0.201025840550385,-0.138575051999686
"694",-0.16862243754902,1.00390918448865,-0.0742453161224232,0.0481797025162642
"695",-0.16862243754902,1.02083640299136,-0.18802878980583,0.0821713811281016
"696",-0.16862243754902,1.08268810433422,-0.366764691476473,-0.194157648195956
"697",-0.16862243754902,1.06643719581181,-0.253474391496552,-0.270257331938314
"698",-0.16862243754902,1.06360086920267,-0.329890339453135,0.149730333947987
"699",-0.16862243754902,1.00955230407327,0.0112810809481828,-0.138089072240653
"700",-0.16862243754902,1.01380350857095,-0.159629764441366,-0.0481237186339967
"701",-0.16862243754902,1.04859379720501,-0.121537448964666,-0.2911659321349
"702",-0.16862243754902,1.03793460664943,-0.10685532584547,-0.256690839374869
"703",-0.16862243754902,1.01472089452761,-0.165899446329687,0.0462154465348864
"704",-0.16862243754902,1.01737690615758,-0.106347078052105,-0.154097593013487
"705",-0.16862243754902,1.00302528659216,0.032218002393092,0.0708641366636442
"706",-0.16862243754902,1.01462413900948,-0.165193889073347,-0.0466167617231964
"707",-0.16862243754902,1.01817287234812,0.151558362786386,-0.117072886080087
"708",-0.16862243754902,1.0169435836191,-0.0573036560824745,-0.175757057507314
"709",-0.16862243754902,1.00729171688418,-0.0226842025964188,-0.118836147093572
"710",-0.16862243754902,1.05191794486289,-0.285555285939965,-0.158080806539942
"711",-0.16862243754902,1.01205460934259,-0.13529319495282,-0.0771380819766556
"712",-0.16862243754902,1.08565157690763,-0.0905414355021603,0.412845727723116
"713",-0.16862243754902,1.01224207654906,-0.154373271230215,-0.0283357489056303
"714",-0.16862243754902,1.04321634329698,-0.17175504889934,-0.242488230847425
"715",-0.16862243754902,1.01823269096065,-0.0933601894502632,-0.167575917025032
"716",-0.16862243754902,1.0599921389703,-0.221232434485614,-0.273202387636718
"717",-0.16862243754902,1.04753464793178,-0.310985203432696,-0.0248403273626647
"718",-0.16862243754902,1.0271279736922,-0.229668581386352,-0.0473731681970411
"719",-0.16862243754902,1.01227326081201,-0.100925144158773,-0.120462732127045
"720",-0.16862243754902,1.10924075350991,-0.340368600504896,-0.338473433281807
"721",-0.16862243754902,1.01521026387279,-0.103443439851159,-0.141249193358453
"722",-0.16862243754902,1.07559925050044,-0.327747374160933,0.222475631042406
"723",-0.16862243754902,1.0030890491171,-0.0340429309919124,-0.0709134635180391
"724",-0.16862243754902,1.02802399158268,-0.234142653763682,-0.0448391007723943
"725",-0.16862243754902,1.04238854373465,-0.265770958342971,0.12625242100928
"726",-0.16862243754902,1.05087884822034,-0.061075451783885,-0.317200477342497
"727",-0.16862243754902,1.00680147622938,-0.113809791604379,0.0263921176228527
"728",-0.16862243754902,1.0108093390411,-0.144488264095051,-0.029302925306317
"729",-0.16862243754902,1.01694063464098,-0.102688126939546,0.153699066261466
"730",-0.16862243754902,1.05782913939684,-0.022643477402542,-0.344223417402389
"731",-0.16862243754902,1.12081604933833,-0.0888602796823851,-0.498329677170807
"732",-0.16862243754902,1.07576769506925,-0.027627151850475,-0.395617080312818
"733",-0.16862243754902,1.00866468867786,-0.0200627268543296,0.130391491964709
"734",-0.16862243754902,1.08387543449255,-0.40342991605649,-0.109682543401681
"735",-0.16862243754902,1.00145779157193,0.0165295133097582,-0.051424541707917
"736",-0.16862243754902,1.00868754559762,-0.121236130176371,-0.0524629906087581
"737",-0.16862243754902,1.04017910582005,-0.258235314467117,-0.123640990560073
"738",-0.16862243754902,1.02361548252654,-0.0816120722443388,-0.202800704466308
"739",-0.16862243754902,1.03118868683352,-0.182774769848202,-0.173041877475861
"740",-0.16862243754902,1.05497097491518,-0.241981024394564,-0.233257243716976
"741",-0.16862243754902,1.05157469080614,-0.0413083696214728,-0.322649886011524
"742",-0.16862243754902,1.00516081460072,-0.0703270064800808,-0.0735008528409109
"743",-0.16862243754902,1.02665409504085,-0.19490501951093,-0.126612259412676
"744",-0.16862243754902,1.03828205463522,-0.195590050252057,-0.199434593839519
"745",-0.16862243754902,1.03905918076144,-0.247756933063298,-0.135131355516412
"746",-0.16862243754902,1.02439343775006,-0.109597640383321,-0.193313922229624
"747",-0.16862243754902,1.03251622214241,-0.169085889915634,-0.193648420645933
"748",-0.16862243754902,1.01082581685777,-0.117507914283025,-0.0892228788317723
"749",-0.16862243754902,1.01663702082701,-0.0652203583134973,-0.171164064503821
"750",-0.16862243754902,1.01115356233484,0.0841391778874039,0.123903693919373
"751",-0.16862243754902,1.03413587243264,0.0355095029432072,-0.261105491808867
"752",-0.16862243754902,1.01503795712576,-0.173161451658177,-0.0178091567925289
"753",-0.16862243754902,1.01960555914331,-0.0861026491397726,-0.179392948710541
"754",-0.16862243754902,1.10392720964241,-0.423673290998772,-0.197879323536219
"755",-0.16862243754902,1.03660124554845,-0.185988951927284,0.199875591390197
"756",-0.16862243754902,1.01016395432501,0.116939069733733,-0.0821977407678923
"757",-0.16862243754902,1.01468720971446,-0.168291434346458,-0.035610766401725
"758",-0.16862243754902,1.04826962933402,-0.302754746581749,-0.0849045299515899
"759",-0.16862243754902,1.02484135153535,-0.100212363922694,-0.200642163898387
"760",-0.16862243754902,1.03487036718098,-0.242149361684607,-0.110997132868523
"761",-0.16862243754902,1.11232644075773,-0.316350815306159,-0.370394752208892
"762",-0.16862243754902,1.00317214994784,-0.0650312093363581,-0.0461010221494123
"763",-0.16862243754902,1.0273211445047,-0.233405634485985,0.0301752172593805
"764",-0.16862243754902,1.00451748244745,-0.0467928437880764,-0.0828601370551429
"765",-0.16862243754902,1.04032828553589,-0.284991223843454,-0.0326028222436702
"766",-0.16862243754902,1.00555223363023,0.0240611061853597,-0.102744137194694
"767",-0.16862243754902,1.00453749159005,-0.0609131850160406,0.0733836214779674
"768",-0.16862243754902,1.00113931689158,0.00932948356608417,-0.0468283307682134
"769",-0.16862243754902,1.00378850216789,-0.0756425663386561,0.0432384000878829
"770",-0.16862243754902,1.01695868125196,-0.184236641807632,-0.0161808278272784
"771",-0.16862243754902,1.08081961902148,-0.351049265745628,-0.211979861970853
"772",-0.16862243754902,1.00211786016564,-0.0387081468937879,0.0523630120123324
"773",-0.16862243754902,1.04459889839823,-0.27774060315569,-0.118520107549322
"774",-0.16862243754902,1.01242293053221,-0.125586102562491,-0.0960641510168325
"775",-0.16862243754902,1.0219180911991,0.134672470641799,-0.1618020728274
"776",-0.16862243754902,1.03734722675194,-0.216359348158316,-0.171107864560499
"777",-0.16862243754902,1.09185083010694,-0.165679503632039,-0.405818355032709
"778",-0.16862243754902,1.00821382597379,-0.0642428213259334,0.111211414849377
"779",-0.16862243754902,1.01258786640067,-0.13939412605106,-0.0768340081234954
"780",-0.16862243754902,1.0124613185834,0.119828694719654,-0.103532630360742
"781",-0.16862243754902,1.02583276565315,-0.210488476606545,0.0895961176807147
"782",-0.16862243754902,1.01751662445008,0.137534752851221,-0.128157219033625
"783",-0.16862243754902,1.0269601707322,-0.205627341407143,-0.111196172308811
"784",-0.16862243754902,1.0275709761544,-0.224634385973326,0.0737665484707664
"785",-0.16862243754902,1.00276773236344,-0.0718767742719604,0.0194127378176729
"786",-0.16862243754902,1.00436470735232,0.0623227956389912,-0.069744781300522
"787",-0.16862243754902,1.03179337609279,0.0394517231155318,-0.251079932476034
"788",-0.16862243754902,1.00148061699313,0.00644540184429179,-0.0540544448496155
"789",-0.16862243754902,1.00291815037003,-0.0350471294441638,-0.0679449413817139
"790",-0.16862243754902,1.04256754415904,-0.170122465142355,-0.240843166786384
"791",-0.16862243754902,1.02989531000232,-0.0968737064580786,-0.226494667844168
"792",-0.16862243754902,1.00493027594615,-0.043365241466023,0.0894668393641153
"793",-0.16862243754902,1.01560786209379,-0.112118946427199,-0.137436062948452
"794",-0.16862243754902,1.03836704170151,-0.175676681862229,-0.217586343187763
"795",-0.16862243754902,1.01160691077144,-0.0568287298679531,0.141841592567667
"796",-0.16862243754902,1.03713618327332,-0.247609587180122,-0.119753726419045
"797",-0.16862243754902,1.02753141034398,-0.196431046781196,-0.131284588219397
"798",-0.16862243754902,1.01032800811476,-0.0325059486572622,-0.140378229377022
"799",-0.16862243754902,1.04928991591464,-0.296493566426757,-0.114459131167818
"800",-0.16862243754902,1.06665727441002,-0.240486198368548,-0.282708559201989
"801",-0.16862243754902,1.07076627793273,-0.376901851568041,-0.0669732502010447
"802",-0.16862243754902,1.10687238061582,-0.412956210581013,-0.233738390327093
"803",-0.16862243754902,1.02117140068317,-0.171987408366994,-0.114940684426476
"804",-0.16862243754902,1.06050325659199,-0.285226832207974,-0.208117302093837
"805",-0.16862243754902,1.00230329469722,-0.0123747130632728,-0.066773954784069
"806",-0.16862243754902,1.06028320789796,-0.30367176867584,0.178840537517847
"807",-0.16862243754902,1.08088934242249,-0.387654834966529,-0.134333538215846
"808",-0.16862243754902,1.00231853477702,-0.0613533928344894,0.029634546482965
"809",-0.16862243754902,1.00326219696628,0.0132371315691361,0.0797484433041609
"810",-0.16862243754902,1.00732803071001,0.118124823667867,-0.0275006815831474
"811",-0.16862243754902,1.07548029628835,-0.229510384371042,-0.322463720704112
"812",-0.16862243754902,1.0370588760987,-0.176949842520497,-0.210190070476855
"813",-0.16862243754902,1.01929207786976,-0.177925519066297,-0.0854333054086286
"814",-0.16862243754902,1.00589362920035,0.0496693689662249,-0.0967209752450176
"815",-0.16862243754902,1.00904743032139,-0.117038361427438,0.0669233785203346
"816",-0.16862243754902,1.00425908699263,0.063816236956018,-0.0668116884089108
"817",-0.16862243754902,1.01277299890621,-0.0260495058608825,-0.158210526065402
"818",-0.16862243754902,1.07571764920799,-0.373119934338868,0.133977518325009
"819",-0.16862243754902,1.04025466335474,-0.257527580650871,-0.12573507798301
"820",-0.16862243754902,1.01833656090574,-0.143898458821959,-0.12768157590663
"821",-0.16862243754902,1.00507724277,-0.055100072500266,-0.0845236413354576
"822",-0.16862243754902,1.02226580707718,-0.0747275716665151,-0.198603047187081
"823",-0.16862243754902,1.0114509590327,-0.150570188008231,-0.0190173870796971
"824",-0.16862243754902,1.02990091887142,-0.0142156496335264,-0.245954910497217
"825",-0.16862243754902,1.01147659176188,0.123868324333664,-0.0879859870036541
"826",-0.16862243754902,1.02790456493958,-0.235909636466566,-0.030568579388569
"827",-0.16862243754902,1.00508771696291,-0.0578452576628149,0.0827964066590215
"828",-0.16862243754902,1.04315303833463,-0.294628748195432,0.0369074805907561
"829",-0.16862243754902,1.02816381539434,-0.15619476195112,0.180897837536203
"830",-0.16862243754902,1.00468869305573,-0.0934673295543518,0.0257532184399693
"831",-0.16862243754902,1.01900441120793,0.103556847218058,-0.166270771500788
"832",-0.16862243754902,1.00811091653034,-0.0110443461154751,-0.127144179758765
"833",-0.16862243754902,1.00934488031117,0.0416543385027524,0.130545024777902
"834",-0.16862243754902,1.0760739562977,-0.320454045184297,-0.235041197127679
"835",-0.16862243754902,1.0042782452671,-0.0883969474299759,0.0275821246792298
"836",-0.16862243754902,1.04037055761754,-0.235269907185169,-0.164374474692739
"837",-0.16862243754902,1.00568207231792,0.0506360952665183,0.0939809365660683
"838",-0.16862243754902,1.00404433150952,0.0372922563794284,-0.081940876554502
"839",-0.16862243754902,1.01676752094327,-0.00389880633101195,-0.183850458129219
"840",-0.16862243754902,1.13879533358908,-0.510338316267028,-0.190813036121731
"841",-0.16862243754902,1.00725879258367,-0.106573643973979,-0.0566774527235297
"842",-0.16862243754902,1.03497837859836,0.0764045350804615,-0.255621969292995
"843",-0.16862243754902,1.01505412999874,0.100647039392279,-0.142144504955592
"844",-0.16862243754902,1.04624212926913,-0.152342946454674,-0.267234390981241
"845",-0.16862243754902,1.03230537595153,-0.241527808273047,-0.0855494421328561
"846",-0.16862243754902,1.01797311433018,-0.183406620503239,-0.051295936044452
"847",-0.16862243754902,1.05447026416527,-0.287812684279681,-0.170503362947751
"848",-0.16862243754902,1.00739446014817,-0.113780742965805,-0.0435607721163035
"849",-0.16862243754902,1.04225972464605,-0.21675584064655,0.198298358956545
"850",-0.16862243754902,1.00824895323693,-0.0216482354469486,-0.126875157558121
"851",-0.16862243754902,1.01964764376036,-0.166671139394963,-0.109096511029613
"852",-0.16862243754902,1.06084195751983,-0.125614081808321,-0.331069118593031
"853",-0.16862243754902,1.03387109873804,-0.254721909055513,-0.0632945325672787
"854",-0.16862243754902,1.02480960823718,-0.213938252300352,-0.0668218327937472
"855",-0.16862243754902,1.00047865749879,0.0213700799303801,0.022379986469143
"856",-0.16862243754902,1.03873363831154,-0.142526826558834,-0.242185208200253
"857",-0.16862243754902,1.02002932449014,-0.185504643391889,-0.0777679246210437
"858",-0.16862243754902,1.04266888712137,-0.233980285139974,-0.180032314701391
"859",-0.16862243754902,1.1050301367956,-0.469931895016752,-0.0159880352907182
"860",-0.16862243754902,1.03182743724778,-0.247240068161485,-0.0594996550647713
"861",-0.16862243754902,1.03007776047109,-0.11722789249689,-0.217526581910962
"862",-0.16862243754902,1.02317512340019,0.00788432956981433,-0.216391244028566
"863",-0.16862243754902,1.04068198612994,-0.184015300690661,-0.221714603414127
"864",-0.16862243754902,1.0117393159663,0.153502144439679,0.00731677007850848
"865",-0.16862243754902,1.02065754141174,-0.0781416549171399,-0.188774200057794
"866",-0.16862243754902,1.01154000468616,0.122360698793691,-0.0907801766422925
"867",-0.16862243754902,1.0426195172337,-0.0297978446854635,-0.293543090820995
"868",-0.16862243754902,1.0160732346768,-0.0182143325879909,-0.179089520393987
"869",-0.16862243754902,1.09808420161177,-0.453403866652666,-0.0146235267213062
"870",-0.16862243754902,1.00743717072551,-0.00651449393137,-0.122013172765212
"871",-0.16862243754902,1.0897859804402,-0.240094522049937,-0.360538629893687
"872",-0.16862243754902,1.08382621924166,-0.233626405964547,-0.34655154876549
"873",-0.16862243754902,1.0485448648664,-0.305246931982127,-0.0791873989546645
"874",-0.16862243754902,1.00173553376614,-0.0158506383165287,-0.0567700350069177
"875",-0.16862243754902,1.02021015775476,-0.2020597551451,-0.000788249131559786
"876",-0.16862243754902,1.03662600195297,-0.270708959952155,-0.0361956755238052
"877",-0.16862243754902,1.01341681578653,-0.153412221261923,-0.0589773930111527
"878",-0.16862243754902,1.03557073600007,0.127087658477115,-0.237182369333223
"879",-0.16862243754902,1.00220039820412,-0.0497162408524486,-0.0439765114123385
"880",-0.16862243754902,1.01103764636702,-0.146844341592513,0.0251766104473465
"881",-0.16862243754902,1.02844737435634,-0.222064989716074,0.0916031776897495
"882",-0.16862243754902,1.01036157233089,-0.137233338827657,-0.0446935963774863
"883",-0.16862243754902,1.0077883758392,-0.123923494146291,-0.0167444938764031
"884",-0.16862243754902,1.02502101755404,-0.0585754392996476,-0.217340756275413
"885",-0.16862243754902,1.00000267430461,0.00230357929095018,-0.000205277438442557
"886",-0.16862243754902,1.05391499841629,-0.311946829562353,-0.115870614966902
"887",-0.16862243754902,1.01269744693291,-0.126131932815344,-0.0982184022915672
"888",-0.16862243754902,1.03716510720593,-0.00941977650788425,-0.274995867998118
"889",-0.16862243754902,1.0352496474409,-0.115505099229792,-0.241661756549162
"890",-0.16862243754902,1.03483628515413,-0.157888424215672,-0.214376730477658
"891",-0.16862243754902,1.04965642645782,0.31418264885904,-0.0553884172018545
"892",-0.16862243754902,1.03323782805313,-0.110666797080362,-0.235230247510655
"893",-0.16862243754902,1.01998150014561,0.0832097893291357,-0.182861673401208
"894",-0.16862243754902,1.07728741572218,-0.194999447791653,-0.350033414739691
"895",-0.16862243754902,1.07175107218208,-0.262718725581886,-0.282186519791544
"896",-0.16862243754902,1.02203548500161,-0.155829371311035,0.142385882865113
"897",-0.16862243754902,1.04280174697535,-0.279528769949359,-0.0964321018408332
"898",-0.16862243754902,1.00051722607907,-0.0156645175709654,-0.0280952410600822
"899",-0.16862243754902,1.08241511339326,-0.357244258262893,-0.209759428012998
"900",-0.16862243754902,1.05993106796093,-0.290080392488238,-0.198260522350461
"901",-0.16862243754902,1.0051396316779,-0.0967493156701512,0.0307449034303452
"902",-0.16862243754902,1.019325956746,-0.139012991538496,-0.140359517951831
"903",-0.16862243754902,1.01210285726071,-0.155737568837753,-0.00989966301482094
"904",-0.16862243754902,1.0206576462901,-0.203846948261628,0.0137278044449314
"905",-0.16862243754902,1.0044352109904,-0.0512836461822254,-0.079120671834709
"906",-0.16862243754902,1.01771771325324,-0.0236252656372959,0.187593152041785
"907",-0.16862243754902,1.01968169723034,-0.0661270559903205,-0.188090340349016
"908",-0.16862243754902,1.10615059897786,-0.260335288356222,-0.39470835468173
"909",-0.16862243754902,1.00032229473204,-0.00336720113376694,0.025166551104441
"910",-0.16862243754902,1.03214959186812,-0.246172492498657,-0.0687886904260273
"911",-0.16862243754902,1.00464001523709,0.0920856463962069,-0.0286669486234332
"912",-0.16862243754902,1.03185542016236,-0.0417109006882231,-0.250969736984784
"913",-0.16862243754902,1.00835112472196,-0.0944859929137652,0.0885685489954037
"914",-0.16862243754902,1.0189890848591,0.172618566093394,-0.092420699531219
"915",-0.16862243754902,1.01494998578691,-0.168975394624836,-0.0396331888728834
"916",-0.16862243754902,1.02125989606751,-0.190373310865872,0.0820352230799563
"917",-0.16862243754902,1.06492702185212,-0.256131821637259,-0.26166018385609
"918",-0.16862243754902,1.03122445855426,-0.188198670890125,-0.167347375825583
"919",-0.16862243754902,1.0178927505304,-0.188830909115835,-0.0211787474802284
"920",-0.16862243754902,1.04636848670566,0.211753896339363,-0.223712532853626
"921",-0.16862243754902,1.02591537260954,-0.227049426143644,0.0308368261080781
"922",-0.16862243754902,1.08074241942065,-0.224538868318291,-0.342908841748862
"923",-0.16862243754902,1.04445857319159,-0.287243623894992,0.0915686171408786
"924",-0.16862243754902,1.0596754887818,-0.19071182443816,-0.294178757806231
"925",-0.16862243754902,1.02039887308488,-0.200177899285233,-0.0338033848991553
"926",-0.16862243754902,1.03632283769879,-0.136658017930784,-0.23513742805285
"927",-0.16862243754902,1.0232742104899,-0.195822978001954,-0.0935065299333638
"928",-0.16862243754902,1.02332572417566,0.00133544050136409,-0.217241235400447
"929",-0.16862243754902,1.02843790941749,-0.240172492244906,-0.00130671185906575
"930",-0.16862243754902,1.00740715886884,-0.0814343366614303,-0.0907614045324089
"931",-0.16862243754902,1.0115096121512,0.03017554601099,-0.149134609991162
"932",-0.16862243754902,1.01260638806185,0.155274212614588,-0.0355192347973676
"933",-0.16862243754902,1.00456999063993,-0.0575168298216435,0.076502812899783
"934",-0.16862243754902,1.01453969903972,-0.150627667670156,-0.0812533486070282
"935",-0.16862243754902,1.039533507664,-0.165295350449549,0.230883868375399
"936",-0.16862243754902,1.0539550697971,-0.233687866035814,-0.237089161326771
"937",-0.16862243754902,1.0176993390625,-0.0356024539020599,-0.185592052643443
"938",-0.16862243754902,1.09710508122591,-0.440051727678307,-0.0999701766480896
"939",-0.16862243754902,1.01172342074702,-0.0644405607592067,-0.13939761194906
"940",-0.16862243754902,1.01601343506492,-0.0915610801641349,-0.154595824107865
"941",-0.16862243754902,1.04972014410941,-0.307496235012792,0.0857813872704062
"942",-0.16862243754902,1.05956243077481,-0.0653774302967049,-0.344090593183274
"943",-0.16862243754902,1.07407270509859,-0.0390897746968164,-0.390005340158244
"944",-0.16862243754902,1.02399293542478,0.200965488513404,0.0904124119047593
"945",-0.16862243754902,1.04521767787211,-0.303904097801308,-0.0110586380689193
"946",-0.16862243754902,1.04162359243126,-0.229253264289834,-0.18006290323621
"947",-0.16862243754902,1.0220367969012,-0.20878835955411,-0.0310907564199055
"948",-0.16862243754902,1.06835860464971,0.0551402969482084,-0.371953835551584
"949",-0.16862243754902,1.06247584673792,-0.352806389437546,-0.0662010307586732
"950",-0.16862243754902,1.04068366452443,-0.227034011347728,-0.177420537986345
"951",-0.16862243754902,1.01023750261174,-0.108498940236158,-0.0938498356463185
"952",-0.16862243754902,1.01445309316048,-0.170573207825142,0.004456343243016
"953",-0.16862243754902,1.00650433855415,0.0240869058767026,0.11167275627305
"954",-0.16862243754902,1.03209965848235,-0.153507726559507,-0.204120265838353
"955",-0.16862243754902,1.02110059371921,0.150020796596448,-0.141916112835311
"956",-0.16862243754902,1.01454645451313,0.169541767865235,-0.0236663751829028
"957",-0.16862243754902,1.04903187131788,-0.222811068367069,-0.225439780992216
"958",-0.16862243754902,1.03413243927758,-0.0537360180550094,-0.257958024356287
"959",-0.16862243754902,1.02075283493681,-0.164906317667915,-0.12141769403489
"960",-0.16862243754902,1.01471504869945,-0.168753139313913,-0.034190759407088
"961",-0.16862243754902,1.00017813558762,-0.00826254071952812,0.0169715446668953
"962",-0.16862243754902,1.0539765525929,-0.280195925362936,0.179880006742352
"963",-0.16862243754902,1.02678417385115,-0.0502877915825371,-0.227501379531939
"964",-0.16862243754902,1.01193735498766,-0.116884605166306,-0.101760500659868
"965",-0.16862243754902,1.01396774518489,-0.0239398007469972,-0.166004440348824
"966",-0.16862243754902,1.05348003637149,0.245887791262595,-0.222169712475143
"967",-0.16862243754902,1.06221721594309,-0.327705062306128,-0.1446195214514
"968",-0.16862243754902,1.01977027924236,-0.198589156369061,0.022220922542847
"969",-0.16862243754902,1.01284243193357,-0.142870793001318,-0.0737409549184552
"970",-0.16862243754902,1.02046338410354,-0.155754912091622,-0.130713142626798
"971",-0.16862243754902,1.02782360861294,-0.00722709156014054,-0.237421859923849
"972",-0.16862243754902,1.10363354510495,-0.334391414636276,-0.325867125832703
"973",-0.16862243754902,1.1014413303893,-0.122820328610665,-0.445070973182625
"974",-0.16862243754902,1.01419072270866,-0.160466424851892,-0.0532292074294175
"975",-0.16862243754902,1.01568004674408,-0.150969800645618,-0.0938833139971176
"976",-0.16862243754902,1.08368124955838,-0.095796719774527,-0.406433314486948
"977",-0.16862243754902,1.02811117623354,-0.160583043314215,-0.176707885778356
"978",-0.16862243754902,1.05148627113009,-0.164956933360737,-0.280022478582134
"979",-0.16862243754902,1.07464073742864,-0.294156746939878,-0.261389599584458
"980",-0.16862243754902,1.073607460727,-0.155971247770707,-0.358198198763648
"981",-0.16862243754902,1.02535309443234,-0.0742772015868597,-0.214083781698684
"982",-0.16862243754902,1.01778283825123,-0.0495589657816783,-0.182827281195627
"983",-0.16862243754902,1.09559509595523,-0.0751402978083711,-0.441228455481303
"984",-0.16862243754902,1.04102482862197,-0.214468654446247,-0.194257278029457
"985",-0.16862243754902,1.04120913499271,-0.114893392931988,-0.266300527699139
"986",-0.16862243754902,1.02541332239488,-0.217677091501027,0.0639465838067901
"987",-0.16862243754902,1.00581858512858,0.0175719150169094,-0.106593874086175
"988",-0.16862243754902,1.05999463876133,-0.25644391660657,-0.240468608841657
"989",-0.16862243754902,1.06713938984678,-0.239801360753636,-0.285099604951092
"990",-0.16862243754902,1.03979592803621,-0.131861668368939,-0.252563006744147
"991",-0.16862243754902,1.02898021777029,-0.231931547851119,-0.0707675467568361
"992",-0.16862243754902,1.0449933529115,-0.240973878970221,-0.184235439813484
"993",-0.16862243754902,1.00946771121458,-0.131020785664561,0.043111642379261
"994",-0.16862243754902,1.03281911297949,-0.111605986965618,-0.232936523132732
"995",-0.16862243754902,1.01569509638857,-0.137778999015793,-0.112487671582253
"996",-0.16862243754902,1.05676104447153,-0.12367586550333,-0.318509317610259
"997",-0.16862243754902,1.02545899682471,0.0699752605863622,-0.216031518706447
"998",-0.16862243754902,1.01566053658631,0.0276463981779185,-0.175504992084514
"999",-0.16862243754902,1.06158618750049,-0.328377054074774,-0.13832477669958
"1000",-0.16862243754902,1.00969151897545,-0.137801982486215,-0.0220811483808573
