"","t","","",""
"1",0.310058127571876,1.05461996610072,0.175904667871282,0.285097914266987
"2",-0.28500903407566,1.03670742434069,-0.0725335961486001,-0.263630728696155
"3",0.405098374683997,1.11379142228221,0.331599348021053,0.36134914520647
"4",-0.139864788879214,1.02043905808642,-0.152645644225004,-0.134146109028332
"5",0.383636762302657,1.06628767148047,0.24655357027302,0.276008578375528
"6",0.0956272320290532,1.01631673164738,0.181369706092892,0.00217456620728073
"7",0.145119836044201,1.04530464803033,0.139916627311832,0.270342642946867
"8",0.134378974193038,1.00175012512249,0.0493709198374395,0.0326469823618546
"9",0.228714298167141,1.02808645681307,0.229004488699419,0.0672213272553453
"10",0.568679858906093,1.14417879467097,0.400375983219637,0.385803299928382
"11",0.372605763714048,1.04518711844199,0.257534118997865,0.161531080938229
"12",-0.037181874384216,1.02494736326156,-0.196214638123661,0.109621682357197
"13",-0.0370880886392678,1.00193283099988,-0.0611758055643866,0.0112658177233039
"14",-0.326287061023507,1.09332842037454,-0.403913924022061,-0.179500910247786
"15",0.0224961428660425,1.00138077229207,0.0241872102267394,0.0466736539999768
"16",0.0155786156794604,1.00319409635712,0.0799655054570649,0.00197810585593887
"17",0.0240263519710379,1.00152580288279,-0.028368243858887,0.0474254845033149
"18",-0.161512727071012,1.00179659566336,-0.0599507414275295,-0.00152567525827866
"19",0.0454768338646612,1.01041735908929,0.0019190413528497,0.144705068429792
"20",-0.0226767638851038,1.00488933584849,-0.0858526095966816,0.0493143663394352
"21",0.103164892129938,1.00279008295985,0.0439357882066122,0.0604780703833448
"22",-0.335362483647416,1.03460403715343,-0.250726085071763,-0.0868443663040791
"23",0.154100877670119,1.02149664946217,0.161622781219137,0.131656680246122
"24",-0.12114712363004,1.00631992492623,0.0575208435725866,-0.0968046685765934
"25",-0.151785991701671,1.00315055802485,-0.0727505072354674,-0.0319124703297175
"26",0.258150472559594,1.02066994889723,0.18609878862172,0.0844652914243151
"27",-0.0953277644519762,1.02738075563612,-0.190033021478207,-0.13927910036798
"28",0.21947692408469,1.0136847080966,0.0283067765623934,0.163570822060476
"29",0.07107305820963,1.00047928534291,-0.0300663257974129,0.00740381343037084
"30",0.0259498747402366,1.00039309542061,-0.00673654956325578,0.0272206587945547
"31",0.0914365774025096,1.00475731738198,0.0514641852969023,0.0829982196456951
"32",-0.0199385567569589,1.00267979207314,0.0628659838092364,0.0376116140512671
"33",0.118666550435227,1.00067276071673,0.0283236008895362,-0.0233183977383701
"34",0.11276120071298,1.00064912733313,-0.00224607236301501,-0.0359670848345959
"35",-0.0745907615914462,1.00809476816998,-0.0778822019545901,0.100942677943427
"36",-0.206241108892937,1.02777394665464,-0.154574339946146,-0.180072371151888
"37",0.102435384425093,1.00308179448568,0.0165635825728254,0.0768032171263419
"38",-0.162090386772507,1.00483564855963,-0.088710404855714,-0.0427217121213288
"39",-0.189388039234528,1.03554945948449,-0.223216944472306,-0.150122878799536
"40",-0.269455050949704,1.03067784273805,-0.170111762217263,-0.182643926442943
"41",-0.276220164460279,1.04244104639212,-0.264169667202395,-0.12999123867893
"42",-0.39926235983903,1.05717312060709,-0.275347587192397,-0.204447335911877
"43",0.123181795075374,1.0178531944042,0.012274556178297,0.189405545403133
"44",0.356086198681613,1.07760728966137,0.306025497398388,0.25997281718171
"45",0.0436840638546835,1.01165462888792,0.0421620309458477,0.147198679671
"46",-0.00133311645775804,1.00275005958523,0.0727273945100109,0.0147786361334687
"47",0.484420497114849,1.10017589651901,0.33941342512138,0.30852152295873
"48",0.212064799517431,1.02205361470922,0.165140818240269,0.131613454825542
"49",-0.108823944816239,1.00836802012387,-0.0855703660352569,-0.0973846829081345
"50",0.150051093125413,1.01234379115976,0.0295297747864926,0.154815838662485
"51",-0.2337445662703,1.02537212942793,-0.158574836219277,-0.16199390459393
"52",0.236580473107256,1.02770977499178,0.236447224950642,0.0167359322059917
"53",-0.0106700648870645,1.00388735769742,-0.00708866324210858,-0.0879748702650489
"54",-0.110575201142621,1.00931653012751,-0.0722686926355564,-0.116176994510075
"55",-0.0452425642692167,1.00268061037621,-0.0580476962669643,-0.044708739442169
"56",0.0912305631712208,1.00501669509541,0.0458559267820906,0.089195243143686
"57",0.0555366097127403,1.01128326675513,0.13274271978815,0.071226511652368
"58",-0.355799190349719,1.03053538947663,-0.206992073712327,-0.138410513993736
"59",-0.474245745320912,1.06751195012355,-0.291433184184753,-0.233770106755607
"60",0.141923514020162,1.02162321196755,0.118916965131654,0.171967271987348
"61",0.0388669277457503,1.00428287893584,0.0701066730089187,0.0605735530020292
"62",-0.163911220274207,1.00938093482709,-0.038497072210278,-0.131787127685676
"63",0.070969492126331,1.00544818918392,-0.101807484724431,0.0236917113628312
"64",0.254865426707529,1.01809092392889,0.0506879139691984,0.184227752425699
"65",0.182383920994998,1.02481743909984,0.0083074398871139,0.224012878928132
"66",-0.133897563275348,1.00623159109791,-0.104286030440781,-0.0403291306418591
"67",0.00948468519859744,1.00322006387111,-0.0519108579241036,-0.061284250694079
"68",-0.42704680263858,1.09967964432205,-0.403656815347813,-0.215305586456861
"69",0.210441106601691,1.03726671184377,0.136304932359719,0.239464395920554
"70",-0.0632740295213504,1.00730144680427,-0.0628589965978192,-0.103464734478382
"71",-0.0219345194399606,1.01087155805539,-0.0860578354465505,-0.120230428110292
"72",0.073615149705,1.00487398485143,0.0378700073040216,0.0913103935923246
"73",0.0871095759415678,1.00399808514408,-0.0127474078179583,0.0885982988939543
"74",0.130943651596357,1.017569896299,-0.0339504043538458,0.185191425012534
"75",0.0173768967818647,1.00502310166101,-0.0853589698146478,0.0527757628509284
"76",0.196584821867936,1.0447003265288,0.233947469617282,0.191487215523785
"77",-0.099450222666266,1.00426692861379,-0.0853590975063175,-0.0355793251802141
"78",0.257951575304785,1.0311894520312,0.129225056121617,0.215992062008679
"79",0.0396781987539356,1.00226193990785,-0.00522984158907227,-0.0670942988993499
"80",-0.426887302759814,1.00099913088642,-0.0406495251790638,-0.0186246110854802
"81",0.2376471058948,1.03155855876712,0.164591860091997,0.19241252494875
"82",0.173403272706277,1.03769577172124,0.184018408863916,0.207243190110889
"83",0.141309861363983,1.00577871175936,0.0617019826871168,0.0882251798569447
"84",0.0719297982764077,1.02156746299899,0.0857892092851271,0.190368834183588
"85",-0.475024439537622,1.12873561822604,-0.410565995254883,-0.324776322093365
"86",-0.0537418821618163,1.00850126808084,-0.0522735727598737,0.11975926399066
"87",-0.139572370051028,1.00962928422825,-0.0394652791301441,-0.133393340592538
"88",-0.099949544649088,1.01072363682985,-0.128094346313281,0.0717921199653818
"89",0.301473160528652,1.05185365527914,0.217997931447653,0.242637618700451
"90",-0.0608459563517765,1.00634354314744,-0.112106798721604,-0.0126250748489518
"91",-0.182208506213892,1.00482786338172,-0.0703904991992419,-0.0687329080626316
"92",0.488101386470462,1.12894679244474,0.272157964343134,0.447717436131177
"93",-0.507779885258947,1.13562804524172,-0.416906116807763,-0.340353267808314
"94",-0.122899656439564,1.00855878302632,0.011803943394887,-0.130581337640009
"95",0.0128081868340605,1.01440352365902,0.169533306063869,-0.0165217113789707
"96",-0.133143475292414,1.01064412824024,-0.0965415290167488,-0.109914908550099
"97",0.617026569066764,1.18402224253603,0.488812180713065,0.403697068117396
"98",0.070923797391844,1.00123777557255,0.0477354248793888,0.0140858952522251
"99",0.245160191283894,1.02134007880458,0.07774998571119,0.19258893087208
"100",0.575684175610786,1.23582388125189,0.511352226623687,0.515538132245783
"101",-0.359279337444712,1.05020316482373,-0.271169437221691,-0.171446270658343
"102",0.489078400779564,1.16434801564684,0.417704974763165,0.425709825584087
"103",-0.122263182050963,1.00759633400799,-0.00577302095464709,-0.123357385410818
"104",0.0731571908407497,1.0087688262846,0.0798605269524283,0.106003967465828
"105",-0.308715664153492,1.04194998643501,-0.133188232831354,-0.260615941314361
"106",0.286941673986065,1.04130386690622,0.266828616519868,0.114526122085478
"107",-0.0925342718445458,1.0025773217699,-0.0394091992494301,-0.060068303969905
"108",0.0158833286569737,1.00000210697161,-0.00132445372518501,0.00156836538613034
"109",-0.0856446846442452,1.00142274778538,-0.0275214786163091,0.0457174802103942
"110",-0.188906419136161,1.00071617459774,-0.0314557308395313,-0.0210570439256998
"111",-0.605989356891728,1.30756662518025,-0.495351636316934,-0.681437624205908
"112",0.0425385576314084,1.00033933236438,-0.0260531171754673,-0.000122313738913154
"113",0.249388165015773,1.02625236043316,0.0194001634330384,0.229820671292659
"114",-0.568257698488577,1.15177752415416,-0.525267382231121,-0.225134720358169
"115",-0.0302221598529417,1.00353702752373,-0.0792986637990077,-0.0282539825661478
"116",-0.0561000650675247,1.00505676775856,-0.0956539240824075,-0.0314552575085172
"117",-0.0322111155672005,1.00579742023926,-0.0490798086561126,-0.0960188676367204
"118",-0.284963429615954,1.04113835540911,-0.210120764477117,-0.199545331790904
"119",0.194892590958867,1.02741154439231,0.20927041486275,0.108537436001452
"120",0.0206199845181489,1.00185662991143,0.0590030167322954,0.0153411509989414
"121",0.0287998342485774,1.00102777031506,-0.0449854800618378,0.00573615947743686
"122",0.25711370126046,1.05237022263895,0.168622811066458,0.281157310211197
"123",-0.14443579729892,1.01317378665034,-0.140728099688253,-0.0819556216101949
"124",0.388085955809363,1.08239145963075,0.273288797496246,0.311262758846365
"125",0.0193210678164227,1.00097707376559,0.0134342874971455,0.0421262640612679
"126",-0.479589451212666,1.15261941979174,-0.428346326546014,-0.38085555190333
"127",-0.315853376098653,1.04123981264568,-0.182417052668305,-0.225619959964121
"128",0.195693535142862,1.05263833538285,0.240649723493523,0.22390885578749
"129",-0.150756255247088,1.01586216593735,-0.136671083484822,-0.115312423970713
"130",0.118988324372067,1.00956660898831,0.128307211325008,0.0525547096476714
"131",0.49216751051382,1.10267823479843,0.304452192894514,0.351010187515847
"132",0.0521680294974068,1.02097378117601,0.104040916022992,0.177659645507768
"133",-0.152101616504316,1.01321972928519,-0.135764653623964,-0.0904553958540685
"134",-0.196104013340551,1.0215813172643,-0.145703753549367,-0.149662299812221
"135",-0.292393297180633,1.04898738415194,-0.220505979699075,-0.227489878954843
"136",-0.0832342321027978,1.01832267477146,-0.148474351707996,-0.12221471612944
"137",0.643787655269482,1.1604116167203,0.330817106952176,0.486944721675069
"138",0.389438994410466,1.08187258870398,0.101551793011159,0.400169378545233
"139",-0.238917241135249,1.01562585908499,-0.130231657598898,-0.120563680273859
"140",-0.447328897290351,1.08500552263836,-0.300051381870185,-0.295306878337643
"141",0.19543646033619,1.02848459594585,0.234500875423437,0.0528195373280494
"142",0.121480518369757,1.00828076747399,0.0204508941172325,0.127325830010009
"143",-0.266433478752609,1.05415222736738,-0.178070392832378,-0.28200683264795
"144",-0.291966042397584,1.04054350707479,-0.133632372542563,-0.254702138043941
"145",-0.381889239929323,1.05221103568261,-0.283489797265464,-0.163650843134601
"146",-0.0775845627400709,1.00095523198331,-0.0270607893373385,0.0343378816353825
"147",0.11408991544823,1.02741311950756,0.167248323882787,0.16614968039287
"148",-0.151431052605503,1.00056192441429,-0.0329482090048579,-0.00621128899742435
"149",-0.209174168855097,1.02467942253749,-0.0630954895943941,-0.214445513276955
"150",0.0408725033139471,1.00051537614638,0.0299766047876479,0.0115074354544008
"151",0.122349375961817,1.01695524513819,0.0523918857476972,0.177350108322141
"152",-0.15506551395389,1.01591818268711,-0.12245307394473,-0.130747843560644
"153",0.036672702216839,1.00065488565922,-0.00952235859821227,-0.0349216964133342
"154",0.389888945807962,1.06866045968007,0.273794186411145,0.258982473482431
"155",0.208735841275544,1.01902917759484,0.195911978942301,-0.00624189847217409
"156",0.23450805475018,1.03320484121565,0.167872777926229,0.198320383074443
"157",-0.140949150344117,1.02365853230487,-0.20322401825477,-0.0810974054144433
"158",0.193165474575054,1.01233941440708,0.150955718798877,0.0452046559989344
"159",-0.359903081841222,1.10331056456572,-0.354591558936102,-0.302587224141401
"160",0.423621657746951,1.10146170249584,0.27484419177096,0.371050606137237
"161",-0.336846020973965,1.05567563495585,-0.300634916109488,-0.15514410544806
"162",0.0988792488687704,1.00755887766015,0.0821383667659724,0.0918051232601195
"163",-0.138093461888903,1.0146571763854,-0.143349938435919,-0.0947627603060133
"164",-0.261844371741766,1.05126807726097,-0.123211684730814,-0.299972417088244
"165",0.608918918812387,1.17404479970952,0.4802176061004,0.384411553567481
"166",0.0707941179096397,1.00157006954532,0.0495152737760752,0.0262838709458093
"167",0.213043175396658,1.04577840791843,0.212623112875006,0.22009972816828
"168",0.144362630185518,1.01568429133012,0.0669949119120367,0.164700520438357
"169",-0.260690811393281,1.01564356462562,-0.0438362492761376,-0.172076243609715
"170",-0.141076077410237,1.0073590122762,-0.0995495052005332,-0.0697285854468608
"171",0.0595884082460803,1.00819504012744,0.0875704039461894,0.0937478708573065
"172",-0.207071790204563,1.01640401217324,-0.0479347679570916,-0.175440514085977
"173",-0.148117092617248,1.00111082247218,-0.045890877165219,-0.0108123200073585
"174",-0.143627963249464,1.00604644818428,-0.0744604109252629,-0.0811486482269036
"175",0.129222137640429,1.01045297847832,0.106134984442952,0.0987450595878423
"176",0.418582584192988,1.03815439433015,0.203642486205767,0.190510588364384
"177",0.0673762417966909,1.02109962930225,0.163535539798758,0.126097502687109
"178",-0.456557488852156,1.10365745271184,-0.306245519948337,-0.352524402613441
"179",0.174025260475207,1.01328556790869,0.162852723221699,-0.0150543240074462
"180",0.0402063677296541,1.01680367823221,-0.031060845124162,0.181452318714083
"181",-0.252882855807007,1.05509542388236,-0.111312622085892,-0.317546616517746
"182",0.0870283979974487,1.00340090809628,0.0815879580850566,-0.0125214801025014
"183",0.0672147078270635,1.00388268514078,0.0438759493967885,0.0765202364736879
"184",0.257260655561604,1.01402437196736,0.157801914891131,0.0578271787353244
"185",0.270104886961246,1.0132393503944,0.115028022396797,0.11585566559798
"186",0.175880498350268,1.03264244965568,0.157096186037102,0.204135291322864
"187",0.0111107485492811,1.00892357176952,0.0493005361260214,0.124483857627614
"188",-0.426827354124659,1.13557099826028,-0.353828451712326,-0.405372567952873
"189",0.334809733281534,1.07458562072298,0.304889360795459,0.248549258575302
"190",-0.120442550968554,1.00837997335486,-0.1284689114316,0.0180529626027941
"191",-0.0267342308416122,1.00208760355863,0.00626607573043682,-0.0643451746506857
"192",-0.11150873142137,1.00224708137089,-0.0613874699318336,-0.0270331398810048
"193",0.641088818854135,1.24356113096486,0.504985418678617,0.539846286797059
"194",0.340209811341212,1.10058056995166,0.414475922843391,0.198714117108599
"195",0.224798363811854,1.03082429464142,0.189060972354747,0.163873961187429
"196",-0.0870680190303353,1.00310402602869,-0.0265700902047395,0.0742409411407865
"197",0.303842865285831,1.05001747588702,0.199003812992863,0.250866861267998
"198",0.195132576558303,1.03959413729949,0.170574657183851,0.227288927653942
"199",0.0311646296733236,1.0225183159051,0.174603294468071,0.122708581290387
"200",-0.222062301703098,1.03206887120459,-0.173911017803311,-0.186871915482598
"201",-0.294066287362993,1.03074369009842,-0.0887275498832839,-0.233580770975319
"202",-0.343570108727399,1.09089463543386,-0.311521749841158,-0.304967711396265
"203",-0.114891498454204,1.02531113182932,-0.0507748749912455,-0.220646389326347
"204",-0.109975482320909,1.00926152953309,-0.0185982258840695,-0.135140449124021
"205",-0.204010226349501,1.01711858229449,-0.0521946152483025,-0.178342178375804
"206",-0.149936744830318,1.01883055047828,-0.174654466034651,-0.0866689568531965
"207",-0.156679546998237,1.01578917966412,-0.178325924287707,0.00524616523112214
"208",0.0353798990900765,1.01140066945151,0.149403114298578,0.0246986559318821
"209",0.0218342395023974,1.00107656283155,-0.0250744028138361,-0.0390584046545251
"210",0.120101215163076,1.00609041571241,0.0354502037988696,0.10469578615677
"211",0.19271093053883,1.02433877876998,0.0894751587061258,0.203135741971945
"212",-0.0697522534210553,1.00691892638991,-0.111671734977142,0.0376184519804681
"213",0.333414377535059,1.04200740108305,0.19807399153006,0.215745493095904
"214",0.526888231882443,1.1140281917441,0.3584581639424,0.335509398830587
"215",0.104976948696116,1.02892169869799,0.0619490076249438,0.234184078250066
"216",0.159355768828894,1.00315703556727,0.0608797782031935,-0.0511633718008654
"217",-0.0652234832841172,1.00057705266201,-0.030521388071657,-0.0149292727210891
"218",-0.1945113772625,1.06349103507635,-0.316174783234351,-0.176200704125937
"219",-0.179374715052366,1.01310616026041,-0.0987032797036257,-0.129002924514647
"220",0.20452267610895,1.02402890125194,0.165222695532143,0.146070707126175
"221",-0.369380655376218,1.083064744421,-0.299278899809504,-0.288896834071516
"222",0.0334623419766305,1.00663286543287,-0.0061096034423525,0.115205896183142
"223",-0.161759532352824,1.012357641174,-0.146494958117461,-0.0583714047248219
"224",-0.200485891500688,1.0159219635944,-0.150483245757702,-0.0972225738176378
"225",0.124878681136585,1.01273622352981,0.154975687393035,0.0402143602021617
"226",0.0954616068298782,1.02135341872211,-0.0603529150618923,0.198797212200962
"227",0.354105926751365,1.06704394993677,0.200706684558923,0.313527698728564
"228",-0.47518936270283,1.11741563044719,-0.366481237147362,-0.338096427053916
"229",0.214232407491417,1.06796954409044,0.176459858814745,0.330788248479021
"230",0.0949913218560602,1.0023557858094,0.0510020913500231,0.0459990002446163
"231",-0.157223273638805,1.03227182228191,-0.236839012950556,-0.0974289331863295
"232",-0.117385290767874,1.01863750895188,-0.0717860363503692,-0.180191952175434
"233",0.0943474692441718,1.01864825475516,-0.110428553843755,0.159529938919628
"234",-0.158204154133952,1.0156810173463,-0.168536835994683,-0.0565973843080792
"235",0.280599128543037,1.02613039814488,0.133029973902355,0.187740832107764
"236",0.0158978988782175,1.01206566164263,-0.0492833371288513,-0.147810879699652
"237",-0.247358984233413,1.05348015094198,-0.241409831130455,-0.22702801999379
"238",0.280359462304983,1.03416827727344,0.261453312356822,-0.0338554452986271
"239",0.0659982838637678,1.00025458180547,0.00979033177440565,0.020331695123413
"240",-0.0727052321957961,1.01067209648688,-0.143721548679323,-0.0283231894813921
"241",0.458397492744544,1.09680363344628,0.309465961013569,0.32742789941439
"242",0.0120680777342331,1.00120893609183,-0.0173232607143708,-0.0460351859814895
"243",0.399182528479095,1.0879385097969,0.252198147715902,0.346419248004169
"244",0.0906664992847569,1.004555753341,0.059977228984129,0.0743975374181307
"245",0.161450812017304,1.02488198563754,0.0770679420435456,0.210816547722216
"246",-0.00617011682704854,1.00115157126851,-0.0126882441956294,0.0462977009433736
"247",-0.0290886979526996,1.00183451895374,0.0499076703714615,0.0343748135321644
"248",-0.425315395216276,1.10355205396442,-0.398739371749486,-0.242557311219278
"249",-0.344184681775248,1.09706596681275,-0.430927654239184,-0.133622948443386
"250",0.011228976337191,1.00243416717251,0.04616013175976,0.0523784473878247
"251",0.129775233547624,1.01117425563454,0.0482324796569753,0.141940139369394
"252",-0.0797931292622735,1.00470820901195,-0.0683692760922427,-0.0690233825788145
"253",0.574473306705871,1.20297821955441,0.48585445106353,0.459458430224155
"254",-0.528144193145488,1.07360146273578,-0.312198560227682,-0.234844969671826
"255",-0.0348137409359638,1.00272101651068,-0.0313311187440117,-0.0668415884795297
"256",-0.051640197436958,1.01669179162053,-0.1500667290984,-0.105556506034798
"257",0.581524469177297,1.19102064262615,0.459361871835863,0.455540164930666
"258",0.158063875150083,1.02084095859898,0.0468271268752454,0.199808615784945
"259",-0.123828095194643,1.00712646520404,0.0431491885073695,-0.111543105773223
"260",-0.607743198176482,1.25447264730433,-0.525035422308351,-0.545929874760681
"261",0.295716997826291,1.04133803549228,0.135846392211493,0.256769666989765
"262",0.0325177658874045,1.0076927783186,0.123636940471702,-0.0125953335110758
"263",0.366561470354576,1.11581301617707,0.327693226598214,0.37101999449061
"264",-0.266673152270885,1.03785878270227,-0.153523527890647,-0.23147651979466
"265",0.0771973305697914,1.0048662529271,0.0236642698237364,-0.09589676014055
"266",0.0563403228284466,1.00505346512897,-0.0199844978514676,-0.0986564119222769
"267",0.262208862093773,1.09092196495943,0.35437026761579,0.254032374040894
"268",-0.213306954091864,1.02603619066981,-0.155807964389324,-0.168742830357524
"269",0.0996334075093207,1.00327195139568,-0.0115722771692827,0.0801292135142155
"270",-0.212774937149444,1.01134120014841,-0.120842630219724,-0.0905984648833072
"271",0.0305974178279045,1.00072912927894,0.0370636914497142,0.00922350061045601
"272",-0.0951097186887534,1.00789006972034,0.0538043645162035,-0.113787007166366
"273",-0.0399152706633447,1.01018281776928,-0.0431495910169331,-0.136409083683418
"274",-0.304516434243929,1.02860711221804,-0.219566804924085,-0.0991110966591215
"275",-0.277786405179668,1.06753246696009,-0.311756544253699,-0.205993750218012
"276",-0.178463423752622,1.00550583098755,-0.0945504311049451,-0.045849668786431
"277",-0.180094406915063,1.02999815142136,-0.186751486609404,-0.161307390347104
"278",-0.113649782211748,1.02121998848582,-0.17292004170578,-0.11396896094751
"279",-0.061377283825116,1.00075639382634,0.0211502068632661,-0.0326500924033977
"280",0.0582951105871854,1.00100837401093,0.0144154398138321,-0.0425436239052234
"281",0.149306105810786,1.01034001844813,0.144148812742457,0.00284124316400868
"282",-0.261686161264917,1.01829053326596,-0.148692323072492,-0.121680742923339
"283",0.172268699014981,1.00486612496314,0.0389744538651115,0.0907574847841997
"284",-0.00504274952224004,1.00082095845086,-0.02242835316609,0.0337573673255498
"285",-0.317499829413311,1.01989546044708,-0.152433084240568,-0.130195641514854
"286",0.143548483567878,1.01201535852382,0.0933732837275649,0.124324236470722
"287",-0.036640232571561,1.00352011527745,-0.0449609591489007,-0.0709304865264287
"288",-0.0111793429254141,1.01009959537676,0.0633931984257938,0.12760287995829
"289",-0.515275134852101,1.14852302091197,-0.419355668850839,-0.378478470414673
"290",-0.16341332954009,1.00648488839251,-0.112320996718773,0.0198953325829162
"291",-0.679980659972509,1.30045634111002,-0.555101929296428,-0.618909155873982
"292",0.553218409014373,1.18875180530765,0.543216380556778,0.343579420974234
"293",0.348182479880313,1.04906129850123,0.221355166233854,0.227005503005243
"294",-0.119432981451099,1.03002445335005,-0.245131794242722,0.0293390175434718
"295",-0.181307135899223,1.01090092571417,-0.121719878541069,-0.0842908819369263
"296",-0.530682721572948,1.12767550981594,-0.392965648238577,-0.342388747979652
"297",-0.0704151326366375,1.00102331645059,-0.0428026110471196,0.0146838879484558
"298",0.153076096688623,1.00706559706606,0.111384217801575,0.0421268657598192
"299",0.394075629749957,1.05249377414133,0.19938299375135,0.260748089943152
"300",0.0143549405305718,1.00037214103963,-0.0272038428561771,-0.00209081373575255
"301",-0.129620803335355,1.01465712028613,-0.0130631109430975,-0.171343009427986
"302",0.440506157479424,1.00413081902543,0.0267944442651743,0.0869526277532516
"303",0.328148730851718,1.05803065494874,0.202238117970362,0.280229567410468
"304",0.183846080066023,1.02073051618088,0.164553522917122,0.121708359443558
"305",0.0195444811436424,1.00506874038985,0.0632470990435804,-0.0785046328022776
"306",0.0449492263796116,1.02451673270621,0.20392002495853,0.0897282509353279
"307",-0.416233371539875,1.10440665806098,-0.240798962604228,-0.402156593851375
"308",-0.0797201717605688,1.00048484977552,-0.0310892046497718,0.00184281974075957
"309",0.257191660493375,1.05909344533286,0.26111583948101,0.231295145472527
"310",-0.237663046214002,1.0592261813812,-0.188179834291139,-0.294191184928379
"311",-0.122028607911135,1.00356284835243,-0.0813380215877465,0.0228586271993237
"312",0.0676206121683042,1.01003608140316,0.00565851754386064,0.141918522101439
"313",0.122687736559631,1.00660494585434,0.104771751181856,0.0477116041723198
"314",-0.0322510020492587,1.02428704175822,-0.191171932221602,0.112326471699545
"315",0.286896218416443,1.0219889148677,0.0852002930568277,0.192878853624451
"316",0.017349242894312,1.00241547164867,-0.0570010004913541,0.0398454984109383
"317",-0.117272729624914,1.00658302303281,0.0327800092119426,-0.110158309963172
"318",-0.0415894177133014,1.0040086815515,0.0413893431666875,0.0795006597646472
"319",0.0058587114684772,1.00134317965303,0.002364449887965,0.0517935595838204
"320",0.0355806617854194,1.00227115899121,0.0622717998388879,0.0258785449822838
"321",0.000419235425702843,1.0001698187634,-0.0183326457982185,0.0018922112064869
"322",-0.193722104635464,1.0176120280644,-0.133257015341702,-0.133329694830348
"323",0.163452805297048,1.01747515529796,0.152902598812184,0.108979295855152
"324",-0.393409972960981,1.05693922763834,-0.279340354005697,-0.197710640949616
"325",-0.0490869546994631,1.00139612923451,0.0077001320284523,0.0522964206481719
"326",0.254882092347329,1.01910147200744,0.173253498325683,0.0924718095726823
"327",0.11557950263384,1.03427456191067,0.198118042705991,0.174565490775967
"328",0.13818679778929,1.01701693809427,0.170172049351591,0.0732456550938215
"329",0.10594645098196,1.00258205199775,0.0696622304728942,-0.0178310020349103
"330",-0.172566642226353,1.03687729781301,-0.183139077071932,-0.203898526648073
"331",-0.0440918248365628,1.00103323062552,-0.0134397627869738,0.0434384805535851
"332",0.0549610616851735,1.00249804694426,-0.03873695051713,0.0591758632525662
"333",0.280534155845265,1.09373320885171,0.329997697608681,0.295556850230253
"334",-0.0196246703082621,1.00447796461041,0.00400785652295611,-0.0946568458906218
"335",-0.356370025405707,1.06542142286693,-0.261602923289997,-0.258237717674847
"336",0.28787224596725,1.04634688861474,0.28598590955747,0.11425353757467
"337",-0.339324249014679,1.0892455829077,-0.244812201692678,-0.355700612575113
"338",-0.182847043604736,1.01248073525257,-0.157188309688371,-0.0202255915835287
"339",-0.198020658943134,1.01895198406965,-0.155922194495011,-0.118116108568339
"340",-0.123384014799895,1.00040631236555,-0.0270162714663018,-0.00910554209791225
"341",-0.122037278721946,1.03450319408695,-0.261696751393819,-0.0413723202881267
"342",-0.0928040693755111,1.01862400111706,-0.112396787472234,-0.157993094208762
"343",-0.222818761938275,1.04872419565477,-0.169265078496324,-0.266780381125334
"344",-0.115865116069773,1.00810567485556,-0.0710260310161536,-0.105982803294123
"345",0.0967551361272525,1.00559979064229,0.081787570978827,0.0673923747408357
"346",0.239451595986824,1.01112434600655,0.117164429723459,-0.092978166763761
"347",-0.355904150273463,1.07249727323349,-0.27553465725936,-0.272637220023657
"348",0.261953089391071,1.02618712830166,0.20008762125353,0.114126973643874
"349",0.550629277761644,1.15614130205677,0.377282506645732,0.440818126329487
"350",-0.208165891694074,1.02544866472187,-0.14750340934343,-0.172591159136092
"351",0.190028342120971,1.02640647479844,0.230504597607701,0.0194391869652806
"352",-0.234717504624892,1.0245651066884,-0.179348383223312,-0.132543635375685
"353",-0.399153883068665,1.07655440224724,-0.356403672501644,-0.178733889414533
"354",0.533283987217888,1.20511794765607,0.495943770154582,0.454256584550665
"355",-0.255039863938923,1.05195961336109,-0.236051404701578,-0.22560754083414
"356",0.326020509784442,1.07044823247526,0.255327586796024,0.284019791265199
"357",-0.0738188806330044,1.00437526863809,-0.0542195635791962,-0.0763539074122109
"358",-0.0342448266231186,1.01017977916688,-0.120836913965814,-0.0765612595303393
"359",-0.249625383591797,1.05601486760287,-0.260751552177898,-0.217200434242488
"360",-0.243635558341535,1.02661216593373,-0.0487980357007893,-0.227049093710779
"361",0.129857263173222,1.00635158550923,0.0297358069407844,0.108900392297414
"362",0.00982475580146763,1.00134727914148,0.0332326090422344,0.0398994629071863
"363",0.00424732788102271,1.00075172627935,-0.011394701777653,0.0370699126313168
"364",-0.244650334212203,1.03682139473174,-0.0872354080440441,-0.259593120395863
"365",-0.224205249597256,1.01587891560482,-0.104906366616044,-0.14492972577715
"366",0.163684121048283,1.00856371026423,0.130918213676247,0.00782169992868363
"367",0.182165627791481,1.04138581262724,0.266957163077647,0.114970795521423
"368",-0.0226723336204363,1.00639748432118,-0.0800777992802808,-0.0801463817675509
"369",0.0718113236294136,1.0036795500085,0.0797634791428692,0.0317872065505908
"370",-0.0176701758885527,1.00240082983532,-0.00455400430239397,-0.0691858706627102
"371",0.152796555500785,1.02651878831314,0.190990345619653,0.131390679425783
"372",-0.116574117558614,1.01024448530335,-0.0487618023953642,-0.134967428341022
"373",0.0609549969663827,1.00647513321129,0.111465281049071,-0.0238261388673965
"374",0.370491360345255,1.05360334330465,0.254096533481399,0.213342346231268
"375",-0.318943042664978,1.04474738440393,-0.0750178567701048,-0.293034841587931
"376",-0.100877990932797,1.01142780933779,-0.144049573177321,-0.0472856634643696
"377",0.345945588348376,1.06972741076035,0.332236137582633,0.184216943347281
"378",-0.302437520204653,1.04509532835079,-0.204544112356125,-0.224468152398251
"379",0.0629809317669145,1.00811395178036,-0.00148107373841907,0.127638341397862
"380",0.0240451574473814,1.00007850401365,-0.011935181941417,0.0038164934432974
"381",0.0946753312427379,1.01219848186224,0.0488984901668874,0.148844564373785
"382",-0.259432084535907,1.02692006965242,-0.140015807394828,-0.186977012315677
"383",0.00688421359648658,1.01772367494541,-0.178096687452221,-0.0635849704169731
"384",0.308336517673763,1.04159225887856,0.22259268300466,0.188060977420981
"385",0.036231513468565,1.0090721218735,0.07106316489051,0.114789257938348
"386",-0.0931767875307059,1.02612572531596,-0.203110553190581,-0.108074545281618
"387",-0.202126116826676,1.01691512247549,-0.0669487982224521,-0.172145940224907
"388",0.0410556058770023,1.00064714214394,-0.0359691873527841,-0.000959500921864898
"389",-0.235656948847832,1.04002578471672,-0.281114869132074,-0.0512646391626508
"390",0.146041353675557,1.02003479982332,-0.0552872387595961,0.193427800693038
"391",0.112220458008528,1.00290808202707,0.0627318294692937,0.0434665223666593
"392",-0.304590901937195,1.05758194180975,-0.265142461210973,-0.219497241224286
"393",0.0945420817294256,1.02065399472685,0.171375603359982,0.111197929499062
"394",-0.106814900366631,1.00813901166349,-0.0386622874015712,-0.121858501429838
"395",-0.233633853691418,1.01040855388558,-0.0438654533914525,-0.137845086107269
"396",0.0339645030527981,1.00151242011901,0.0507284800239384,-0.0213013841593827
"397",-0.28240772139147,1.02356787025507,-0.0564627913547708,-0.210957669239422
"398",-0.0985834285044109,1.00279869026736,-0.0164955894007335,-0.0730281365794207
"399",-0.410029974113719,1.05427701355882,-0.260138059152686,-0.209351884392709
"400",0.304291624885811,1.02335010581486,0.169513265943563,0.136054003029783
"401",-0.0341772054324773,1.0023156113656,0.0627678796167289,-0.0263965542374961
"402",0.191677566952017,1.02513916979619,0.191773437106581,0.11888341461594
"403",0.197744596545472,1.02603880159273,0.0484476346033663,0.224518260003921
"404",0.0539992182608816,1.0113146723194,0.149967526674513,0.0163434204384605
"405",-0.291346762559443,1.04097133409602,-0.167423947096506,-0.235776462668091
"406",-0.0690237018010861,1.00027869193894,0.0235112494342785,-0.00216395404460451
"407",0.116734227677247,1.00807127952955,0.0648333164309152,-0.109564344989176
"408",-0.147568738142445,1.00304998715316,-0.0278544372666588,0.073030179053037
"409",-0.575188348188507,1.22652510737641,-0.52592475348988,-0.477249403028764
"410",0.0479528033116347,1.01190278409973,0.0232007743051664,0.152999897190913
"411",-0.319159731985755,1.0772178026319,-0.256831213148803,-0.30730428285271
"412",-0.252967232453373,1.0399506021072,-0.201364691180753,-0.202359867485637
"413",-0.298682529501763,1.10863874727083,-0.389763634574864,-0.277784414813424
"414",0.0319047625393665,1.00011403634753,0.0109150002143975,0.0104378383615485
"415",-0.310784554549607,1.01921228931984,-0.150031727504004,-0.127609448877263
"416",-0.21339782510077,1.0411279398002,-0.170604323518,-0.234182731706623
"417",-0.0193722215054689,1.00429824173789,-0.0878162141725157,-0.030054465329273
"418",-0.0638701694102178,1.00526480355774,-0.0762582557894618,0.0688622080384101
"419",-0.379168225711217,1.10585439023473,-0.216765097134351,-0.419436318248388
"420",-0.213382870163346,1.04390152248599,-0.103046757345071,-0.281268118437261
"421",-0.0414748583555485,1.00276859025393,-0.0740447260514967,-0.00788822817934563
"422",-0.425997645723336,1.06766439396878,-0.192900316947519,-0.320463298788282
"423",0.0777350844837159,1.01249008238285,0.145731442091018,0.0624380790039406
"424",0.220785475178865,1.02054669494936,0.192738336446251,0.0660869899147577
"425",-0.0299375212323788,1.00309389500301,0.0786547211859449,0.00328588305790109
"426",-0.160943690454013,1.03463593498638,-0.109749362196785,-0.24171593961207
"427",0.0447988358580111,1.00023271766484,-0.0139471278636467,0.0164610786869295
"428",-0.0145082296153127,1.00023050305261,-0.0109059275039562,-0.0184964856702895
"429",-0.0920591671856547,1.00221083908928,-0.0541527083728243,-0.038652945087245
"430",-0.292480051162799,1.04517392045207,-0.276475749485905,-0.126292058100901
"431",-0.381789889935563,1.08466707765639,-0.290927970139376,-0.303090061767511
"432",-0.0329756865795624,1.00192922904357,-0.00887147866969632,0.0615099738096279
"433",0.192740231068686,1.01508512278954,0.151190701675474,0.0868284413975673
"434",-0.157638965983006,1.01792996857324,-0.126150715150869,-0.142363682118852
"435",-0.240045943549912,1.01712134464603,-0.0877144774763139,-0.163835283671123
"436",-0.207519043166926,1.02097759187836,-0.131332681597842,-0.158577961463954
"437",0.130135761492939,1.01526015467883,0.164263569883567,-0.0614057105454627
"438",-0.270945540093371,1.0381596638951,-0.195612368024688,-0.198774468216031
"439",0.301350225522474,1.03885933780914,0.2728779373367,0.0690387939357569
"440",0.762451595894414,1.28435452987103,0.665224248690765,0.455020062584117
"441",-0.0669202706620919,1.00326607404662,-0.0793704579376566,-0.0155931311703051
"442",-0.368257539891359,1.08753542523329,-0.298776674137043,-0.305721769144699
"443",-0.0594006344475861,1.00558386858044,-0.0530619219192825,0.0915606312310809
"444",0.177549648830023,1.0238846922116,0.141766439837057,0.168053977879613
"445",0.181982684852172,1.00020459781731,0.0132234765232676,0.0153093815529597
"446",0.446953442358152,1.07775169651614,0.296268649818254,0.271612971852018
"447",0.627301145527736,1.18309621495711,0.422502386953722,0.470327956711312
"448",0.118117071076745,1.0004045978792,0.0245675920459158,-0.0143454828747164
"449",0.0306524335879424,1.00564453389163,0.00349152154118148,0.10634254944959
"450",0.096672291395329,1.00410944687195,-0.0749054802440651,0.0512342690677139
"451",0.370938860028237,1.1005962368809,0.338179475048691,0.311362681277314
"452",-0.215416744579988,1.03403212993873,-0.199642282472222,-0.171363370633575
"453",0.0202756364961541,1.00052510939201,-0.0217214328834123,0.0240556412798033
"454",-0.28356490556117,1.05977567980239,-0.269176018762334,-0.225097228823184
"455",0.156192635252023,1.03319062076512,0.154423847695387,0.208892637735215
"456",-0.121921080257158,1.00261185805235,-0.0722520558536499,-0.00319034984232483
"457",-0.257015498244131,1.03367913368442,-0.208286909450187,-0.158458558513771
"458",-0.123773358709362,1.00630409365701,-0.105051963250908,-0.0401498932499104
"459",-0.190462067748084,1.04668138974762,-0.160529329637841,-0.264144403631865
"460",-0.0987286922431576,1.00905949115509,-0.0958308205983222,-0.0949605734693189
"461",0.0612227252834002,1.00045830479354,-0.00716700853395192,0.0294185930838644
"462",-0.0465919193600075,1.01614594952996,-0.136143181820759,0.11839605056696
"463",-0.00802722162880736,1.00402072477727,-0.0471686138384091,-0.0763723618257199
"464",0.261505028746839,1.00001305464808,0.00239299016726096,-0.00451476075057678
"465",-0.411688182705077,1.06340795895124,-0.265122795250222,-0.24606176175822
"466",-0.0399751415070556,1.00496596178451,-0.0483250946943056,-0.0872998829796194
"467",0.22746337013956,1.03891806177044,0.239086108560133,0.148958288679836
"468",0.0604996694346509,1.00626939414767,-0.00494017478567348,0.112043242863668
"469",0.508588881694471,1.08647523070103,0.263905747646711,0.33283957590089
"470",0.0389233734006337,1.00219344562305,0.054350040732192,0.0379180105254331
"471",0.00464480327132425,1.00059407532192,-0.0305343082868172,-0.0160049863094031
"472",0.24596274580316,1.028711695902,0.161776878518943,0.179097724335736
"473",0.152521866720435,1.02069174889867,0.138268024796325,0.15064394972503
"474",-0.0326694929831061,1.0060505843379,-0.109928320221494,-0.00731728500976485
"475",-0.295215237959028,1.03769187266082,-0.270224670855521,-0.0615065024802041
"476",-0.190583483396918,1.0194336608917,-0.197852209315632,-0.00997457908721797
"477",-0.00671713626659378,1.00567018443546,0.0963110617055556,-0.0457897287128975
"478",0.106743736142947,1.00715478767933,-0.0938401366616348,0.0745304977625368
"479",-0.00774324097446307,1.00052017915197,0.00874749179912228,0.0310501252414992
"480",-0.171976043795557,1.0199487638946,0.000802659139063745,-0.200735738493258
"481",-0.229728151165684,1.00918966367958,-0.023492821987935,-0.133835214322481
"482",-0.223154369026541,1.00656354348144,-0.103621894825125,-0.0493221043626347
"483",-0.0993326542440906,1.0182793017379,-0.180399592309352,-0.0659448515234138
"484",-0.339008773395266,1.04713299818461,-0.216611657258935,-0.222636263503092
"485",0.0256611063076165,1.00976504194174,0.105172053596749,-0.0925433902007326
"486",-0.00953041762707255,1.01414041630159,-0.153026133935965,-0.0711602860378001
"487",0.363678198735307,1.06114587726732,0.2649432470892,0.236295680585268
"488",-0.245562934183199,1.03826249043706,-0.204495056998875,-0.190186147528143
"489",-0.368150616361903,1.10261134823999,-0.140003585023446,-0.442889129972938
"490",-0.00495707542046875,1.00704131352547,-0.0950960605654925,-0.0713368517108893
"491",0.248615650641981,1.02937034027116,0.163005671933849,0.181748310438807
"492",-0.399207591741117,1.07634600772261,-0.331374303403225,-0.220707497345285
"493",0.00155578408143792,1.0034006785615,-0.0200355746996091,-0.0800718270313557
"494",0.16352522575524,1.02134992962805,0.130175673561486,0.161894943602431
"495",0.0896684118122163,1.00287792684672,-0.0337872394101732,-0.0679894007138021
"496",-0.180815943610293,1.01985585190798,-0.10049504649608,-0.173224433324785
"497",-0.444276075304036,1.15625628068553,-0.459312092557812,-0.354909831161249
"498",-0.237572441497263,1.02224515439036,-0.180423858103122,-0.111500614804371
"499",-0.0711521169706141,1.00748644125242,-0.0551939614698267,-0.109464861598321
"500",0.452127221149204,1.11209623531511,0.338818194606953,0.349228102542335
