"","t","","",""
"1",0.102289552292607,1.00321338702873,0.0661649955158969,-0.0453794367752914
"2",0.0649917183254394,1.00168042930769,0.0472741458450065,0.0335981784129659
"3",-0.236263192095971,1.03515130600318,-0.141023739249866,-0.227267532410761
"4",0.288521030941473,1.04682313740365,0.143371677413311,0.274377920247464
"5",0.715000444695192,1.37191545234293,0.600254744994506,0.722389264516638
"6",-0.0981242698551734,1.00169366607139,-0.0540082289332424,-0.021755731544545
"7",0.288099840487337,1.04576903752842,0.239349966487614,0.190642265501371
"8",0.0317471259027632,1.00388994719173,-0.0159206877888258,0.0868421428394244
"9",0.117965307846745,1.02709321794828,0.169457882080009,0.161878054585236
"10",-0.180436040669928,1.02600486531169,0.0146189021213234,-0.229068267867947
"11",-0.0425614088944574,1.00801285292971,-0.00368687534703233,-0.12679242336068
"12",-0.0324994331137594,1.00299941916899,-0.0246022998196428,0.0735021203565988
"13",-0.247440274548884,1.01385988969527,-0.084123441678342,-0.144343764995552
"14",0.179362181899083,1.03204188929043,0.0591400682208836,0.248219486706798
"15",-0.107798392846573,1.00810103533939,-0.118048363687275,-0.0482936981717038
"16",-0.21268829323927,1.02134822594734,-0.202500763682671,-0.046321046552387
"17",0.117443031181995,1.00112609697931,0.0438180345695082,-0.0182603915483217
"18",0.438757303243043,1.123973469875,0.321216714376243,0.400170193028144
"19",0.140034364811158,1.03741842814973,0.184182055310724,0.205703586663368
"20",0.121875279589792,1.02155469628728,0.093220066218725,0.18677263386473
"21",-0.509094359650795,1.15898810896613,-0.463288268285702,-0.358632705136772
"22",0.577761676172491,1.2036276374022,0.383653075656566,0.549117298086351
"23",0.104130075443531,1.00141548806003,0.0486837826931637,0.0215143912112137
"24",-0.0701238654428638,1.00443512083679,0.0331456596159967,-0.0882682118264266
"25",-0.163931489826162,1.01810318742864,-0.18505620011741,-0.0478362106615403
"26",0.0618303393547396,1.01170466599581,0.0600853114655332,0.141195207226688
"27",-0.063889595508879,1.01873846358533,-0.178943305538605,-0.0762059747730875
"28",0.116871362197879,1.00118800403725,-0.0421070479307042,0.0245848722318065
"29",0.498719792414319,1.14519857837997,0.483933226344191,0.278007942986526
"30",0.125908734455861,1.04215105102369,0.287890718603045,0.0565486276756321
"31",-0.0904503535355526,1.00936657578123,-0.0844403699057156,-0.108123578531791
"32",-0.332634779241032,1.04635647551336,-0.235291029023945,-0.198746083004425
"33",-0.283973824877716,1.06889747863788,-0.346434810606506,-0.150082450134767
"34",-0.599075078148745,1.17093134691521,-0.465324033889567,-0.393133263249774
"35",0.284649403589819,1.08274744635605,0.350468284089656,0.222517447490735
"36",-0.163658619459599,1.000056075992,-0.00911133300405002,0.00539803106764709
"37",0.150407785114537,1.0092331814391,0.0708951259863901,0.11629916435242
"38",0.0244397562521037,1.00282659570854,-0.0194538755519228,-0.0726823760369744
"39",-0.122027468262193,1.00915689313662,-0.0609855473077673,-0.121154438568017
"40",0.0910516850543509,1.00481010788749,0.0912840058983402,-0.0362019775705596
"41",0.209677926022971,1.02115276899945,0.118601545335133,0.169371340785138
"42",0.231462195062568,1.01184163834424,0.15350680180638,0.0160985367758737
"43",0.0746503203383187,1.00467430772977,0.0866084002915338,0.0432371323196241
"44",0.0359785287168961,1.00545870519256,0.0762113407288483,0.0716870936208863
"45",-0.0376125923122708,1.00204464769603,-0.0286390566286058,-0.0572125896256794
"46",-0.440219774084563,1.0914694458358,-0.336998595218783,-0.278814450869512
"47",-0.208847649021723,1.01356325537172,-0.118444538358297,-0.115244800198537
"48",-0.0388173539874579,1.00213914025832,-0.0641125635603148,-0.0131314748378387
"49",-0.455195230931453,1.05797799638838,-0.268861181335673,-0.216866562689479
"50",0.515815155719143,1.10308941427154,0.239079232339872,0.399558977551143
"51",-0.131240805246083,1.01578241142886,-0.115106336973247,-0.136251380018072
"52",-0.00487239799462888,1.00403988557789,-0.0024503994788026,-0.0899449129949016
"53",-0.307264039084868,1.04822267755644,-0.278477096792528,-0.145675283784196
"54",-0.0861872208546097,1.01503275822094,-0.157327938793258,-0.074427279519545
"55",-0.36436838545847,1.12641693719254,-0.350227537331239,-0.382303267693497
"56",0.143911319392802,1.01730555120491,0.161653189770731,0.0936954147719199
"57",-0.0777088832370228,1.00439731426188,-0.0402974984451389,-0.0847943188872308
"58",-0.142530594545879,1.01429866972683,-0.00457142425700009,-0.169649325049864
"59",-0.276776661792658,1.0321108659535,-0.20475795781826,-0.152731851063798
"60",0.0540020623602339,1.00530149342665,-0.0543074044707288,0.08764586987137
"61",0.161182935359027,1.02109829220879,0.135371368968501,0.155936893695178
"62",-0.0114160394247087,1.00178354227077,0.058633152337871,-0.011507345979243
"63",-0.43203969073356,1.09395622797143,-0.275901096286901,-0.347302193752306
"64",0.0225635594132277,1.00029243130658,-0.0241479461547633,0.00135086111153978
"65",-0.170257940612343,1.02766657938714,-0.0658919991066021,-0.227501302947916
"66",0.172044312594741,1.02163677923272,0.137943291303098,0.157204825197835
"67",0.191350051881445,1.00919427005612,0.110515224891776,0.0791167477922937
"68",0.32963938533825,1.08371425402213,0.217827921580502,0.356353168851708
"69",0.252846308631779,1.02766291054118,0.120121206748919,0.204112599785416
"70",-0.0295904473968034,1.00450005920237,-0.0465449419990036,-0.0827885095401303
"71",0.130298475022747,1.00987000187875,0.130176306463445,-0.0537731339064642
"72",-0.097077036362959,1.00167044441778,0.00816282848494324,-0.0572455015807791
"73",0.0228774373706196,1.00421700269394,0.0263064625803153,0.0880894915759829
"74",0.314400353842843,1.0507048908306,0.275972292333689,0.166793469534698
"75",-0.499805354534537,1.14294420563509,-0.436062738887861,-0.34083829736172
"76",0.349755364385384,1.05539384884995,0.298913640428653,0.15654651626912
"77",0.131862545398066,1.00155316042108,-0.0350924821890495,0.0433272528931458
"78",0.119498592735331,1.00721126934838,-0.000129043149382371,0.120310117821585
"79",-0.144155128250975,1.00728913150904,-0.120750235616503,-0.00712566170946859
"80",0.263359521815988,1.01759351934385,0.102439258097191,0.158122639147877
"81",0.492193242300173,1.14745218835026,0.401813170209727,0.393945047939176
"82",-0.160980769179758,1.00329561096361,-0.00462426096273098,-0.0811215087962895
"83",0.0873861546191568,1.00634007050349,0.112297014175075,-0.0104746412027237
"84",0.215187388050476,1.01952568922421,0.0795853666782884,0.181930757154421
"85",0.35545998200243,1.05884255632452,0.310151931271479,0.157966257828734
"86",-0.492698326029705,1.20219538949935,-0.507803956952533,-0.432907491084218
"87",0.113249062978987,1.01183206811396,0.0886883835829307,0.126247790797373
"88",0.353057900424028,1.10156952807556,0.31779351214481,0.335354601613402
"89",0.0745811448634294,1.00689020339589,0.117500197601098,0.00464599379170485
"90",0.0402641166911442,1.00072003290574,-0.0377026568748925,0.00436965941948855
"91",-0.172662626641133,1.01143094484314,-0.0262367516209934,-0.149345870551087
"92",-0.281775898217167,1.06022236986328,-0.18144619210648,-0.301908517482661
"93",0.501422575701009,1.15154324278992,0.421725128093633,0.384967214642398
"94",0.0993439097244639,1.01039226915557,0.121506532755833,0.0782860145045012
"95",-0.21999559477323,1.0252936929217,-0.039600771368894,-0.222842849676629
"96",-0.00937364994219229,1.00280491707975,0.0360537646389089,0.065710180144919
"97",-0.317569472490481,1.06765848062643,-0.176074832768398,-0.32998830967038
"98",-0.198960298290932,1.00432510179425,-0.0720212749716124,-0.0590071694414555
"99",0.084966671659043,1.01221856598693,0.156151357104019,0.0142540872460528
"100",0.638413078103568,1.21967416639951,0.536924897468825,0.446449019105699
"101",0.201408137945929,1.01914254763198,0.187672647568661,0.0585705535945665
"102",-0.00837899438376681,1.00068819811247,0.0173024628673962,0.0328252131798059
"103",-0.100081573383115,1.01876474426619,-0.0986787649420593,-0.167762050265461
"104",-0.303418048098093,1.02587584598502,-0.105725625069401,-0.203084572479475
"105",-0.00404710421529256,1.00093081767458,0.0329594660624978,-0.0278599240411148
"106",0.122445108578748,1.00244598779007,0.0638928430560051,0.0285598151715986
"107",0.392386282378283,1.04261706292469,0.195693797198883,0.220803708391825
"108",0.121919034856622,1.02438943236279,0.0934124128692024,0.201613070653935
"109",-0.0822484110266572,1.01666002899123,-0.102587516094516,-0.151899361716918
"110",0.189760775756179,1.00629230181398,0.107536319228975,0.0325597410426876
"111",0.395513552353763,1.04707224827736,0.139388173260966,0.277364796373965
"112",0.191688081034692,1.02555792786276,0.17450948360758,0.145998299761242
"113",-0.0691462569713624,1.00312621161735,-0.0742142278671885,-0.0274671588602448
"114",0.369150092338489,1.05609694650715,0.246016326633439,0.2341297235541
"115",0.118180449776443,1.00398174472283,0.063701893687223,0.0626211823376141
"116",0.393001841440028,1.1028071213664,0.367199938052065,0.285215273838923
"117",0.27395241032593,1.02573534834675,0.174481149029913,0.147272989652665
"118",0.259070725542882,1.02934415326862,0.138837528373466,0.200682651426194
"119",-0.209384175768653,1.03455398252416,-0.167598948274101,-0.205456894004593
"120",0.0767664225789641,1.01478306187454,0.044819728677086,0.166660896999785
"121",0.116548976426518,1.03846480241204,0.170445159385287,0.222165689274483
"122",0.17651802111355,1.00002826136907,-0.00660312595533488,0.00359475513127803
"123",0.197977712613933,1.0418102760756,0.171257076049985,0.236726984603621
"124",-0.123854368063627,1.00505387937644,-0.0855808333563579,-0.0530020887481232
"125",-0.124331947166445,1.01657327835442,-0.151457676197779,-0.102380674861161
"126",-0.174746474962641,1.0034362692625,-0.0822751737372165,-0.0107304360559048
"127",-0.218558717572277,1.03412460911072,-0.188957530909433,-0.183599451744835
"128",-0.226205703487008,1.02329986947232,-0.165248546717485,-0.140838704445258
"129",-0.0225781173460971,1.00119065403435,-0.0443588757278713,-0.0203719382950767
"130",0.231857322046533,1.02773777213094,0.172013445542819,0.163267580422894
"131",-0.32264771683752,1.0435397397864,-0.190700479204152,-0.2293654632781
"132",-0.145235084897079,1.00428322100964,0.0229531714995863,-0.0897660287615179
"133",-0.0119951845233155,1.00350041202635,-0.0802141560491421,0.0240575581966007
"134",0.209289589950238,1.03212800388337,0.152944514719165,0.204685592598941
"135",0.114180033397196,1.00561675764299,0.0578508844676762,0.088985046039786
"136",0.546986169145167,1.1477058066778,0.460134014725077,0.324815804995571
"137",0.336842073769608,1.09196562711077,0.31409946868415,0.306154298620407
"138",0.34070067194855,1.02025987283063,0.171227287832474,0.107756317726198
"139",-0.00374323543481838,1.01510918951545,0.0668063832625053,-0.161194211416235
"140",-0.274920802175235,1.06010901034388,-0.245143114662895,-0.252459832737128
"141",-0.17000032629889,1.00867263883456,-0.0772108784654281,-0.107046590698046
"142",-0.326389024443504,1.10399284109517,-0.359735330782191,-0.298982750299112
"143",0.393069061715787,1.09806407247881,0.351259388341419,0.286987019516138
"144",-0.0314435133958046,1.01840723712164,-0.103054869191714,-0.162889516414077
"145",0.0935370389300351,1.00683315628368,-0.0228862312527548,0.11484435123765
"146",0.300678466241293,1.0232928308059,0.165799262305853,0.140138582116364
"147",0.210536096100664,1.02147031209647,0.163699682712999,0.128856557357841
"148",-0.240191956909812,1.03495444340642,-0.159621198009096,-0.21366275546486
"149",0.142801642116261,1.01268079748355,0.137999898875079,0.0804886669189628
"150",-0.251064006161089,1.05064164284028,-0.194373743208805,-0.25703445220654
"151",-0.237673327662864,1.04355532940345,-0.296439464931576,-0.0336358314514166
"152",0.144314007583351,1.00954530688369,0.0810576024606575,0.112300452956406
"153",-0.151253949678409,1.01286793819024,-0.160828235906089,-0.00597818944848753
"154",0.434039528660389,1.09485040216983,0.331964762609407,0.297484116411482
"155",0.0676786810671678,1.00569670759826,-0.0732244734339535,0.077871972906199
"156",0.338851025783106,1.03246364547793,0.160867355987226,0.200257017383279
"157",0.073967693051387,1.00013240567265,0.0154173927503734,-0.00520892285911015
"158",-0.0413557250331407,1.0038292182609,0.0214278734245988,0.0849349496661508
"159",0.361044022452329,1.09502461841481,0.343028232576111,0.285325334644867
"160",0.295834393229142,1.0654382501358,0.286626792701003,0.230225425525464
"161",0.0845279989987179,1.0180441308187,0.18787454441585,0.0334216674470486
"162",-0.179186545861063,1.04514136746188,-0.0967367631038534,-0.288032075721238
"163",-0.209658347302524,1.00781876134793,0.0256136012930874,-0.122648274156936
"164",0.0599236510668828,1.0097712755679,0.139643081502569,0.0117404748838718
"165",0.0338130973662311,1.00175469880554,-0.0488276841512795,-0.0335906808416037
"166",-0.11944425140031,1.00797316860862,0.0163502075912955,-0.125469435906225
"167",-0.264041010047139,1.03294310534385,-0.157172206404004,-0.205592695423468
"168",-0.456784542477484,1.12989885344691,-0.444435298958608,-0.281333759190441
"169",-0.414902120042809,1.08967191122217,-0.260799756807173,-0.345497266206115
"170",0.32451460409801,1.06514001428052,0.283641012384223,0.232531774420546
"171",-0.13143131663334,1.0055082424571,0.0406604252732597,-0.0969203563023054
"172",-0.124483967023349,1.01227509265681,-0.149737767702614,0.0477437340055915
"173",-0.0874633216329347,1.01389210253458,-0.0931476195055331,-0.138927018835201
"174",-0.200242020782734,1.00966536488169,-0.103736651591286,-0.0930744656621847
"175",-0.0557061088256454,1.00524567442617,-0.10252772372714,-0.00263283494726122
"176",-0.221337717149549,1.02319186689884,-0.153579958419895,-0.152757300511893
"177",-0.205383347787106,1.00901734190568,-0.122156128845849,-0.0565143915459249
"178",-0.579581766944705,1.13143587324693,-0.444364675195527,-0.287553770116869
"179",0.483071578123033,1.13706221164741,0.465155631584697,0.276659920410478
"180",-0.123670185299298,1.01166720986439,-0.14735377080558,-0.0419214711596078
"181",0.114062623623023,1.00346039698045,0.056213840298394,0.0614228985563429
"182",-0.270309066316888,1.08090516165929,-0.255711013704722,-0.320886032684183
"183",0.31686819307584,1.10658593798183,0.322024666620569,0.347609770039691
"184",-0.219847988780791,1.03301278752722,-0.228564387290431,-0.121957943805704
"185",0.0610951748572672,1.00535756375373,0.0401892773987591,0.0955439845254182
"186",0.0139292231503775,1.00315465016368,0.0697641838401067,0.0381078836742479
"187",0.37059282201938,1.07156648954802,0.283238998373126,0.260826400739769
"188",0.156350692922949,1.01249278695431,0.049018893664078,0.150793871554709
"189",0.270359052065354,1.04625700512564,0.225296147731249,0.209512211080707
"190",-0.358471071760733,1.13928287583129,-0.354952272704685,-0.414697908439617
"191",-0.165362471401585,1.02037845958289,-0.0949622462982683,-0.17931640348486
"192",-0.346482979899009,1.06983456297066,-0.25838413579595,-0.278897168317658
"193",0.160546726383453,1.011757429899,-0.0231439436854465,0.152044252855899
"194",-0.0150629428383096,1.00049706991529,-0.0298106333525482,-0.0102816850861322
"195",-0.281806987213354,1.02052731814204,-0.142582662143375,-0.145417301344448
"196",-0.00886052488746537,1.00387474998631,-0.0867681452307289,0.0153558664128158
"197",0.0611314882183281,1.0030922315622,0.0561952155615534,0.0551010232973876
"198",-0.0405162217386254,1.02092527500862,-0.0657115476525025,-0.194859974485615
"199",-0.0474782761352416,1.00378227735373,-0.0866448450906187,0.00845760892111555
"200",-0.129747111540886,1.01049139075011,-0.11416629009938,-0.0897714263283947
"201",-0.175403843214204,1.00005594621963,-0.00662346859402745,-0.00824774108604503
"202",0.103524328697055,1.01218351387033,0.153081661164529,-0.0328857228291648
"203",0.244712005177846,1.03664036665533,0.248841731386158,0.112698901946925
"204",-0.0142660392108327,1.00450791482793,-0.053836416721646,-0.0783440564849826
"205",0.33653208647435,1.05335034961824,0.194526444064611,0.267780547464611
"206",-0.0026384490413659,1.00131361674331,0.035029447470266,-0.0374419134859819
"207",-0.287474110255474,1.0280413732828,-0.141253732864896,-0.192136535132999
"208",0.268572634275387,1.02351009583455,0.196130572036962,0.0954238701148471
"209",0.540403787669797,1.14093645679614,0.426539429080081,0.346121530515756
"210",0.472914210090821,1.18404926898104,0.49476656549673,0.396457711541992
"211",0.211121507121959,1.00662898899918,0.115230549144222,0.00488283088308031
"212",0.0149541992879492,1.00194341059083,-0.0607276858855334,-0.0142388971964156
"213",0.260319983534553,1.01244841654583,0.12032378343124,0.102829875556474
"214",-0.0815267280824171,1.00304452161693,-0.0558449513537096,-0.0545862047960162
"215",-0.146415987642727,1.00912431113199,0.00475794718340554,-0.135311630158698
"216",-0.39076425570846,1.04476183703327,-0.227930447634575,-0.198934680642235
"217",0.198142147563552,1.01748048688255,0.0936821532562823,0.162758088425761
"218",-0.465381091236571,1.14099464428618,-0.415685062620645,-0.359269685617656
"219",0.254254263188102,1.04026335550686,0.229600130192336,0.171556489314926
"220",0.154998075645153,1.01997414197756,0.0874125308648063,0.180848831211772
"221",0.0135488682349373,1.00287933718633,0.00806284678873391,-0.075511293572269
"222",0.0791417615048434,1.00012217455424,0.00615572044183138,-0.0143691036928445
"223",0.341959815347362,1.07945272469437,0.247599318544377,0.322355025253923
"224",-0.0225444809865102,1.00322787747922,-0.0736248685777704,-0.0323350101029944
"225",-0.430594730188933,1.10243503095231,-0.295194070656414,-0.358083032438169
"226",-0.13924229735053,1.00663242647633,-0.0589092976958446,-0.0991893980151078
"227",0.151296386938242,1.00938282714174,0.116493214136541,0.0726844054030245
"228",0.0216841373789237,1.00646711638041,-0.0237274938531595,-0.111413923683467
"229",-0.0667470654507113,1.00324863163607,-0.0419622561457852,-0.0688983739924657
"230",-0.486272843917478,1.14560057400533,-0.369933441065574,-0.418986783016744
"231",-0.0339897931449254,1.00287338848731,-0.0494473753105928,0.0575325161183829
"232",0.181227850368123,1.00541233408611,0.0622166220682377,0.0835646664020987
"233",0.0350972906172343,1.00674179512317,-0.0545235355249784,-0.102743496736635
"234",0.2641007494729,1.06280500484008,0.280259932863545,0.225851385526953
"235",0.11310275320006,1.00449081916198,0.0260894922316199,0.0912203057208119
"236",0.0221531229779335,1.00426774134295,-0.0192427489206985,-0.0904622181689512
"237",0.0642780459674622,1.00087925764708,0.0300917632962953,0.0292194142632285
"238",-0.343907357134523,1.07188340928625,-0.228321273909143,-0.311132510329009
"239",-0.117500952784354,1.02247078014978,-0.165806622518511,-0.133995000612354
"240",-0.0698009006767695,1.00056069688197,-0.0215033736238645,-0.0256770922757054
"241",0.00870143766520412,1.01208382239542,-0.133585145041892,0.0804280584042019
"242",0.209998894461194,1.01895159202013,0.159770716631419,0.112852403551888
"243",-0.255693415672436,1.02775898912279,-0.172133009003276,-0.163275126501771
"244",-0.274566862248273,1.06173465718381,-0.315612523716344,-0.166340665919724
"245",-0.105289243147627,1.02905055892471,-0.0679106875100175,-0.233094811922482
"246",-0.328474023132378,1.02735826580541,-0.116640297175059,-0.204597281002482
"247",-0.0793597402604233,1.0249975203255,0.0493049063635708,-0.219519800660207
"248",-0.0496458594764344,1.00177425880743,0.0348687305617563,-0.0483305000821428
"249",0.187172757436895,1.01723309983538,0.166681681698758,0.0835487665185559
"250",-0.0402797269013803,1.00954111426247,-0.0598179586455968,-0.124880235464923
"251",-0.0608479330401752,1.00020654663124,0.0104347233367258,-0.0174428344276925
"252",-0.0832746318471028,1.00301805775368,-0.075503263357083,-0.0185602101927108
"253",0.181379824530891,1.01707397058991,0.111498462129944,0.148349434087853
"254",0.120087328454884,1.03090579776494,0.0938085857084904,0.232307367753892
"255",-0.257778204385297,1.08134069820731,-0.263874602468892,-0.315702232762706
"256",0.0641936083297192,1.0030323800456,0.0471157013106066,0.0620811252309604
"257",-0.135767577722323,1.04376258858415,-0.223700710205855,-0.198490134720299
"258",-0.116227199588629,1.0143137523715,0.0784654424186502,-0.150584071521509
"259",-0.066479188315863,1.00048598280837,0.0157672751885319,-0.0268997180125056
"260",0.24340107724549,1.04438496342064,0.277871596348309,0.116307040895952
"261",0.326217857614394,1.08206761209129,0.308235579676795,0.275429019092503
"262",-0.188465641754174,1.00939743282355,-0.095327473117335,-0.0989739877938992
"263",0.0826831819257658,1.00379602291033,-0.0852750058146996,-0.0182928672955772
"264",-0.364649792410364,1.0961175486266,-0.226175613173185,-0.387709004812786
"265",-0.0640186101468582,1.01823618577558,-0.102211246857073,-0.162350827034309
"266",0.0724218002764469,1.00052867309452,0.0323172688640474,-0.00363590668802074
"267",0.246025412232172,1.01242170381024,0.0627494798815945,0.14512135997368
"268",0.306116490112006,1.08506565235776,0.324548446527406,0.26839481325691
"269",0.0760125383114744,1.00960110112067,0.0369197492575278,-0.133907861975431
"270",-0.227730743226482,1.04525408255173,-0.0316566267421644,-0.30257884108836
"271",0.154222225581184,1.02615461930646,0.14918181129027,0.175322816267991
"272",0.265918862841925,1.03133052550004,0.222311330487933,0.119249004879983
"273",-0.0183547742344532,1.00612905917399,-0.0389015486066266,-0.103838110683619
"274",-0.491666308603135,1.10194556698459,-0.288598200153747,-0.361932468100061
"275",-0.16418796655085,1.0108176179494,-0.147484725342107,-0.00071592434025527
"276",-0.103819630229653,1.01498436035923,-0.0958636495258914,-0.144925541135477
"277",-0.0601841506584984,1.00325964676766,-0.0599413603484287,-0.054193654166828
"278",-0.208803108878163,1.01128445774237,-0.119888555809132,-0.0912304151984115
"279",-0.0112114782792294,1.00395059851379,-0.011553821786264,0.0882230891452104
"280",-0.268774562566117,1.05625869701537,-0.242097418986977,-0.238895949610794
"281",-0.0506631854940678,1.00350750648092,-0.0686481956675092,-0.0481117531913167
"282",0.0845953231234484,1.00464145553412,0.0474205156510936,0.0839985051837068
"283",0.414649443289863,1.09659131537574,0.302164189001054,0.333480607896204
"284",-0.184500575708199,1.01318700822744,-0.134860051795646,-0.0914367544838635
"285",0.270782005600038,1.01402860856989,0.159895668394552,0.0518400832064916
"286",-0.231956075792948,1.02550244409184,-0.0728483514052914,-0.215286740269517
"287",-0.231414246626536,1.05284777209104,-0.249453775813937,-0.215084274016585
"288",-0.283552249724698,1.10031132354165,-0.244046530028279,-0.38874966224439
"289",0.0119202684988292,1.00546004018827,-0.103255431627881,0.0169766974040219
"290",0.281478538652306,1.05026359632091,0.187348531001513,0.26068016742456
"291",-0.348322951770666,1.03683773746905,-0.173010327021472,-0.21236741883789
"292",0.361111304076319,1.04964799925758,0.185877851438848,0.259249583779637
"293",-0.607850231342011,1.21671734387332,-0.430115842559698,-0.543508469907617
"294",0.0173038351874765,1.00375005433915,0.06238747796473,-0.0601828395728917
"295",-0.247991927992617,1.03838702053326,-0.160552577417254,-0.229064345319433
"296",-0.303189220237899,1.05769241049601,-0.281701058463252,-0.198387874835006
"297",-0.0653225122117877,1.00019761356515,-0.0198483499089404,-0.00114419723710397
"298",0.342232722447385,1.06272144117897,0.286888571063431,0.216960386556369
"299",-0.352213395436686,1.08374679205587,-0.338264818299213,-0.245120423450151
"300",0.482824302104805,1.07592449957237,0.21040748504098,0.336663361562844
"301",-0.217147542445831,1.01507554226497,-0.17007545277966,-0.0381142606686973
"302",-0.272578463957326,1.01131368981766,-0.139178338617004,-0.058178769945934
"303",-0.184332649565652,1.02242498120284,-0.205560497346428,-0.0556572018548927
"304",-0.123015360850417,1.01775210168517,-0.112017508020662,-0.152549724291534
"305",-0.358167506520075,1.11521725588683,-0.278436406174913,-0.407655118383353
"306",-0.683715698710556,1.2799552647804,-0.56505902496312,-0.564795341824614
"307",-0.120847184616968,1.00416308093695,-0.0568481534987523,-0.0714967171313919
"308",-0.018037223892641,1.00684403133741,-0.111859626478649,-0.0349617992074246
"309",-0.0884163346662777,1.00000084098763,0.00110775381956594,0.000674431196158181
"310",0.134899170354916,1.00652947938765,0.114058776358182,0.00960147968023601
"311",0.377820200723205,1.12783413446372,0.364908018103505,0.3726284653449
"312",-0.399701094803694,1.05723672714296,-0.28756870948921,-0.187226425866288
"313",0.249836428034368,1.0256834070185,0.160833326722769,0.161737727350046
"314",0.196191519719715,1.00989363761983,0.0605884933351881,0.127334966840918
"315",0.504595403043189,1.10059461269041,0.287969117450484,0.358304743030214
"316",-0.10063916277633,1.00487469214055,-0.0643540817299696,-0.0750446471726352
"317",0.661807870506968,1.22558609271095,0.545921022045609,0.451698470592033
"318",0.603680231835273,1.23270471342914,0.597918614710247,0.402559611353883
"319",0.0751119609154038,1.02642581618161,0.230870965421795,-0.015765577987592
"320",-0.136149407238174,1.00870825254193,-0.128328304122429,-0.0320028921700879
"321",0.267805325007148,1.03676319129596,0.119136678692681,0.246341970878418
"322",-0.122075068896836,1.02321837571042,-0.023189831147367,-0.215494956142451
"323",0.0428533760419994,1.01695214891739,0.118533894588937,0.141920361545749
"324",0.263815676341306,1.06134756383785,0.227856527545787,0.273020244889105
"325",0.0964586769110868,1.00672209315539,0.0590165491830435,0.100032093698497
"326",0.412758710423627,1.09877178848718,0.352610018666019,0.288037528651492
"327",-0.0136432028907132,1.00202573471524,-0.0526316248167396,0.0358536623061651
"328",-0.107005556195936,1.00178522406105,-0.0240459160918732,-0.0547305131197975
"329",0.365366174745391,1.09380322848497,0.366468430475124,0.249211540882917
"330",-0.160740724293534,1.02180775056354,-0.177992702218132,-0.11139873010412
"331",-0.170858537165928,1.03297136610916,-0.165554966263292,-0.19905124050602
"332",-0.451343011028127,1.12683236330804,-0.348060180476722,-0.385493561249597
"333",0.172027350268593,1.00956123203806,0.0109278450131764,0.138182717579183
"334",-0.197900330076893,1.02287171406669,-0.130317954801618,-0.171125024745215
"335",-0.122594256105297,1.00977396950185,-0.0957394028134498,-0.102359348534734
"336",-0.0714483062242992,1.00926019582821,0.0231876810363429,-0.134419025183745
"337",0.221472346782475,1.03416263614136,0.121422715340102,0.233984790510581
"338",0.0699634724714719,1.00079501617386,0.00947732989918038,0.0387407358785895
"339",0.242488372946917,1.07352242621884,0.289022946325711,0.262518829976044
"340",0.409955453297075,1.08757644905816,0.278561534944364,0.324385578895546
"341",0.376375476099867,1.08792834789732,0.321672084704985,0.283046215449252
"342",0.234926295149617,1.05758493318792,0.206785636302835,0.275182832903745
"343",0.0777414544527798,1.00709848044297,0.0532655969153454,0.106818188974509
"344",-0.208202536436745,1.00290411944729,-0.0335075954620886,-0.0685121438191314
"345",0.0155808013347079,1.00371088715717,0.00497224337088933,0.0860861300889744
"346",-0.454337895658421,1.12166655345576,-0.421460518067101,-0.283737358928893
"347",-0.019081160696913,1.00595336375605,0.105320427350973,-0.0291509456915654
"348",-0.0800411419595631,1.00635595473157,0.0617629950117273,-0.0945390928181179
"349",0.00555356812775849,1.00426117038677,-0.0603834280598092,0.0699595594780029
"350",-0.0874418382687142,1.00885430370626,-0.113447240462482,-0.0701193963043637
"351",0.228890970222107,1.02650938956442,0.153511761898607,0.173653867859903
"352",0.017121103654394,1.00480406965806,0.097586008898845,0.0104014070483859
"353",-0.0179506278458767,1.00114275837503,0.0473342687243794,0.00680364983649909
"354",-0.255972542501879,1.02377500475854,-0.0834311862489653,-0.202865713045439
"355",0.00344887044041599,1.00815601925073,-0.0820769416659172,0.0981933541450523
"356",-0.310857199979151,1.06971767390497,-0.306862609588226,-0.223900068560447
"357",-0.197658831813938,1.00624034231537,-0.00423790187342975,-0.111810852293837
"358",-0.0396325781315892,1.00290188539704,0.0609517973663815,-0.0457937782973565
"359",0.172549222032228,1.02753815732903,0.168651212232684,0.165503575126272
"360",-0.155511145566204,1.01264417586316,-0.159361713897403,0.00721602752567253
"361",0.023373011503302,1.00209663081915,0.0141650638881866,0.0632218986122651
"362",-0.233225360056505,1.03451917959564,-0.0840010144012294,-0.251343912858081
"363",0.252145015319454,1.03176139992079,0.213384018463085,0.137836305199528
"364",0.118903782690686,1.02650687810957,0.204527828110369,0.109017146975663
"365",0.210180482653486,1.02940459659334,0.191544495002963,0.151606496963537
"366",0.0867311697522156,1.00609687766083,-0.0253577009277177,0.107647174800519
"367",0.226007976343464,1.02653533794942,0.148786970329804,0.177868596213644
"368",0.180532541392706,1.00950275312149,0.0443911020632039,0.130863434990414
"369",0.282661935015909,1.03484128418309,0.178919057953149,0.197191415002965
"370",0.135923058720349,1.0132564147628,0.162915462911076,0.0121290561230172
"371",0.272166274798573,1.09110796934805,0.38120404080012,0.212603104522214
"372",0.117085835676731,1.02988733984566,0.200770447816787,0.142685528550761
"373",-0.00386227302150645,1.00245507887725,-0.0202650743180938,0.0671231102503155
"374",-0.233466693117467,1.03465011809823,-0.0541779674921685,-0.259933866048828
"375",0.314164821633297,1.08360139592113,0.416594217997431,0.0253227718333154
"376",0.215302363599521,1.03307892706685,0.184135731592213,0.182609150648588
"377",0.29899728719935,1.03713871192029,0.24789786180421,0.119177841382472
"378",-0.171295453336174,1.02069315498818,-0.126632837628036,-0.16055728284322
"379",0.393355599138682,1.06136970251515,0.261910164773568,0.240642288480997
"380",-0.288194319444424,1.03617734027839,-0.242726030513341,-0.121439510117717
"381",-0.180520143265123,1.04029732657592,-0.236953573648733,-0.161466812739058
"382",-0.202705883815692,1.034797612488,-0.223800431894288,-0.143942577074286
"383",-0.192801315162146,1.004021551449,-0.0527313473961032,-0.0726545303188805
"384",0.0187513956367203,1.00163854134866,0.0563677757623817,-0.0101213324556979
"385",0.181050169048914,1.02037472202477,0.165331766501025,0.117600936785272
"386",0.300476523888641,1.03654932410015,0.242089609018684,0.12580589214203
"387",0.189213323424229,1.0337776641966,0.241496220587678,0.101861839928639
"388",-0.355841493453995,1.0883622341892,-0.371292358990748,-0.216042442507002
"389",0.227683946688437,1.03409767446872,0.168518597969872,0.202384491698056
"390",0.0282491157099848,1.0044523008257,0.00338480967078856,0.0944085149630875
"391",-0.249381107625553,1.03604724713253,-0.18284066115787,-0.199907956115445
"392",0.0464631286658222,1.00347992147203,-0.0607955882702576,-0.0572350351130028
"393",0.122821954603021,1.00384512796435,0.0435300844259537,0.076224488766006
"394",-0.177022065144279,1.00871876041791,-0.0205974374327778,-0.130725985137821
"395",-0.514921052241065,1.22502605790414,-0.48564304981705,-0.514625757913987
"396",0.299578185352991,1.03921181534253,0.219188095397244,0.178655467264933
"397",-0.140245284896138,1.02616836698848,-0.126019725570068,-0.192718826727059
"398",-0.258345727414729,1.02405434402181,-0.216982689270634,-0.0400725849779587
"399",0.234177847358033,1.01635864809796,0.177114696571868,0.040190618579047
"400",-0.0133234810716987,1.00630054804938,-0.0490245152073916,0.101179987710777
"401",0.134036322992942,1.04244442547218,0.0715272378776448,0.285612034829782
"402",-0.184216668006774,1.0255044127234,-0.163059539671353,-0.158337888824286
"403",0.177579727013304,1.01842839729571,0.184511542651427,0.0561417050568674
"404",-0.405099404051144,1.08980439185705,-0.183350524365093,-0.392499933408848
"405",0.127517894010936,1.01032068757259,0.0255993815648346,0.141748239497555
"406",-0.0976924184530876,1.0072003588345,-0.0576992650780243,-0.105467329755739
"407",0.465969808823254,1.06181787260365,0.333332366771014,0.127854322740299
"408",-0.0297126814798171,1.00121246851805,-0.00572245543422955,-0.0489250510454795
"409",0.181553713487857,1.03309769757725,0.24820876102421,0.0753874239527952
"410",0.228856231034178,1.02097782273657,0.135921409683502,0.154664426774732
"411",-0.297584221108975,1.06827684840934,-0.181068957325764,-0.32928628507783
"412",0.135725989657982,1.00260665871883,0.0687753493392049,0.022137376326164
"413",0.180311540539438,1.0297176463299,0.204392991009491,0.136168779055219
"414",-0.285344337513245,1.04555207175915,-0.253094547496346,-0.17065252646087
"415",0.0458247562342642,1.025873657719,0.175723883964371,0.146757889758035
"416",0.113473667454466,1.01857780580413,0.0297208484306141,0.191356781027772
"417",-0.362516236840033,1.07840180030834,-0.295122791099385,-0.2754141991292
"418",-0.119420319229215,1.00822868944828,-0.0834108942744622,-0.0978146867445252
"419",0.322440376441552,1.07318083279341,0.306684836611276,0.240128113447529
"420",-0.74611153482565,1.30041813439734,-0.577914505428796,-0.597580244556696
"421",0.0271736400617037,1.00264560836387,0.0425462137436146,-0.0590595942031372
"422",-0.507147943457201,1.11438104021526,-0.200570095454406,-0.449017527052858
"423",-0.300445340379184,1.06297140023488,-0.225217793633017,-0.281398548589685
"424",-0.321349548897341,1.09212836123338,-0.306860744769394,-0.313975860106912
"425",0.0588719032227878,1.00551101256968,-0.10512651672982,-0.000901043371518732
"426",-0.441931243544548,1.11548052245422,-0.316036982112991,-0.380022922876581
"427",-0.428317560100836,1.11892190920216,-0.363661798006235,-0.346029385404596
"428",-0.304686249825115,1.05128655724555,-0.214107543066828,-0.243641920545455
"429",0.0560361995411489,1.00441486131969,-0.0349931074323009,-0.0873195056793255
"430",0.07150249690321,1.00083921052981,-0.0238158649547554,-0.0333456130606207
"431",-0.399173858951381,1.09989406707265,-0.318867115904847,-0.328771533402979
"432",0.104807424206472,1.00217310474303,0.00666086897025997,0.0656244214820351
"433",-0.252114188998693,1.07932492314281,-0.358201648058858,-0.191399762395751
"434",-0.0816943517397391,1.02422838685099,-0.173704093437053,-0.13737058038242
"435",0.176060964228788,1.01114179388158,0.0922169161831597,0.11791423876583
"436",-0.0604036058742231,1.01599291382613,-0.0409695711155307,-0.174823039635855
"437",-0.252752220913658,1.04264764731671,-0.212773431911133,-0.204552152586643
"438",-0.145193068799752,1.00176140847614,-0.048694712863737,0.0339815310312201
"439",0.339511867338509,1.05023786644487,0.188986278890051,0.259391138063649
"440",-0.314650614262285,1.04556594834653,-0.252433613612124,-0.171713200018248
"441",0.0906057779254655,1.00421590776979,0.0897972426001215,-0.0196480187123725
"442",-0.153377810132154,1.01789681015909,-0.164152459738228,-0.0957490788150592
"443",-0.0108104119328031,1.00399757845583,0.0239748336559736,-0.0862342443367804
"444",0.045589729890166,1.00478899558759,0.0466348138373736,0.0861749371469038
"445",-0.154979899744703,1.00745394171054,-0.0596439780126371,-0.106799066264353
"446",-0.111395373863282,1.0052806058708,-0.0945417790624145,-0.0406318662096574
"447",-0.020991569773071,1.00844369119276,-0.0666607184371388,-0.111870581136984
"448",0.367430080283477,1.08382627222647,0.342641858790669,0.239323933138349
"449",-0.25604312899028,1.0176521303309,-0.0939925124296744,-0.163649827296536
"450",-0.0535801606209521,1.0011910227861,-0.0317838218260387,-0.0370574254045826
"451",0.0286462534194257,1.00904040970875,-0.0442065304152178,0.127311944034542
"452",0.01243507288055,1.00971692327547,-0.131162948444126,0.0482135468963572
"453",-0.323208000838044,1.07395175467899,-0.260699356538094,-0.29224684237595
"454",-0.604593003967364,1.18252300129606,-0.398306831821395,-0.48960424458805
"455",-0.175455100134618,1.0365139378057,-0.138127507124084,-0.235121107179176
"456",0.150533279145581,1.00925986377867,0.0991906636481126,0.0936305766274049
"457",0.135197074669373,1.00699491890822,0.08923747856759,0.0779451032835253
"458",-0.00839070137761244,1.00289015787241,0.0293403352893678,-0.0701983866087006
"459",-0.242326551165923,1.02795297657045,-0.120014074850119,-0.205630600538727
"460",0.267947697486291,1.04799630394879,0.236469169964044,0.205860595420395
"461",0.225072605671434,1.0352122077093,0.220841831167731,0.151304991975975
"462",-0.187411211003864,1.0383246952065,-0.00636357708640893,-0.279423831414471
"463",0.132789955448069,1.01174063454862,-0.00374156193906841,0.153639553211702
"464",0.0458096599602191,1.00738985404131,0.117447378629048,-0.0322557169900085
"465",0.0962807827160372,1.01204762405147,0.0776694555411927,0.134936462915528
"466",-0.555771789015936,1.18120921276378,-0.45488997958212,-0.433970403131136
"467",0.692550818252459,1.19804122088694,0.498989598321765,0.431638908940034
"468",-0.274937248967454,1.04312131450286,-0.260151510160938,-0.14291000150846
"469",0.127116349649391,1.00888476254366,0.114472446635187,0.068880498358678
"470",-0.0292124154701384,1.00417027635453,0.0839126595949517,0.036285113664458
"471",0.165030091882058,1.01401760061715,0.150669018038323,0.0743676096478446
"472",0.135048295868928,1.0139459719305,0.164258419667288,0.0332506475499148
"473",0.224535646813749,1.06350206508439,0.20856949588437,0.295863833249848
"474",-0.508520275742022,1.20363229086315,-0.451779599460719,-0.494596689353652
"475",0.196050805450918,1.01830827392177,0.141223625815103,0.130413297823364
"476",0.386353774028409,1.03157382800314,0.137424464628411,0.212741813338705
"477",-0.000571185600386081,1.01352758115652,0.142389473271202,-0.0834469631954564
"478",0.0320636075542185,1.00801367411653,0.115708914253333,0.0519905219076225
"479",-0.28203807618342,1.04422473594201,-0.158970632512448,-0.255212925126737
"480",-0.0895547681623583,1.00237019414106,-0.0545233096964321,-0.0421095571354413
"481",-0.331339715915648,1.07511298540037,-0.27779520407928,-0.280531203196822
"482",0.155220258078904,1.0386825893016,0.19193347204389,0.204995277085725
"483",0.155387890711057,1.00980181754223,0.121640189011024,0.0700241039139386
"484",0.455864121601348,1.07152776154236,0.315307949143955,0.220800002179831
"485",0.181472962013976,1.01735150138609,0.0837451171579388,0.167304610590195
"486",-0.0718191641967873,1.00748444845632,-0.105371223312289,-0.0626244295702862
"487",-0.428864384084228,1.15439781112123,-0.367632576512251,-0.444387888008277
"488",0.0322479972347115,1.02284064426911,0.0851336014815075,-0.197370852629358
"489",0.00972585132201706,1.00449143351937,-0.0780877205593041,-0.0539012793137576
"490",0.0921632609516012,1.00105405605969,0.00362532700695744,0.0457829679865133
"491",0.234060759306023,1.04260635194182,0.235502155585186,0.177670312163202
"492",0.270638382890866,1.04170287737651,0.118631054330202,0.266592493673401
"493",-0.368048303516938,1.07397704864641,-0.160262646001016,-0.357410947392515
"494",-0.00781786211174422,1.00140804668176,0.00536329574413466,0.0528139282551712
"495",0.321170559348683,1.03884374494047,0.258789670721479,0.110563252167335
"496",-0.272509309325638,1.03668035328055,-0.216493170136934,-0.166843825663257
"497",-0.229035552711158,1.01075317118922,-0.0945988724516607,-0.112574537085133
"498",-0.462780194525208,1.14280726923832,-0.375926207199594,-0.405817620815657
"499",-0.114288510376611,1.00046848538875,-0.030089986389719,0.00563763914468326
"500",-0.582577286196175,1.16796690285089,-0.444623660681187,-0.407990792197027
